10	20
163.133	987.902	95.0747
140.691	1208.47	132.015
3.87203	968.07	89.5039
41.8316	445.628	18.3882
65.7169	1239.42	150.849
101.137	358.29	10.9014
129.51	944.095	81.7635
81.2622	777.217	59.7477
46.0794	1220.56	139.503
62.086	888.256	66.3693
38.4861
11.1973
24.7433
4.15543
29.8837
2.89009
27.6351
4.70972
39.907
23.0955
37.6791
7.31913
17.3416
10.5931
27.3147
16.3194
31.5618
25.8663
19.3222
22.0378
6.64476	1.45635	16.669	4.9214	0.764781	23.4708	7.84176	1.3401	24.0753	10.4644	1.80484	35.2262	7.52622	1.15848	36.0602	7.98814	1.70555	19.9631	7.78633	1.25733	15.8611	6.0622	1.74144	29.9177	7.70283	0.527219	28.3972	10.5764	1.70112	36.7234	7.37411	1.50766	20.356	7.94777	0.730491	34.4065	5.46791	1.46664	14.9555	8.49729	0.924252	19.8323	8.40542	1.30614	24.4218	6.91855	1.98193	19.0377	3.4971	1.01351	17.3749	10.2347	1.5254	43.4887	7.40097	1.54228	22.7263	9.93543	1.14241	27.9983	
4.54559	1.34242	15.9813	3.14051	1.13146	8.00109	6.60361	1.80971	25.7915	8.57627	1.31071	26.1949	5.66406	1.9602	20.7278	6.0563	1.8203	29.8582	5.67437	1.11627	24.2573	3.96754	1.78482	16.6907	6.35928	0.594058	18.1384	8.46241	1.177	20.7404	5.75896	0.887696	27.6814	6.52038	1.90721	24.1671	4.61303	1.75269	18.2965	7.10919	1.51053	28.6968	6.56237	1.93419	28.379	4.82139	1.81901	22.5696	2.26756	0.700738	5.63784	8.22625	1.05193	31.1928	6.02391	0.9124	16.5272	7.83654	1.01201	20.5571	
2.40256	0.674398	7.24287	5.95958	0.795343	25.0032	4.62992	0.564102	21.9614	2.25157	1.41263	5.80648	5.6824	0.630503	26.1771	5.3002	0.643332	24.7401	1.91554	0.628707	6.69177	2.86982	1.55053	6.36838	4.15816	1.2565	13.8695	2.75502	1.91853	7.69958	2.95624	1.10814	12.1822	3.81736	0.63227	15.856	5.71026	1.87323	15.9003	4.12241	1.85852	16.7848	6.07703	1.69483	24.6234	2.15652	1.25899	5.35357	5.65621	1.8352	20.256	1.52911	0.694051	5.43694	3.99164	1.63803	12.8724	1.86683	1.46833	4.28992	
1.05998	1.01105	2.72066	4.29966	0.948288	10.7311	4.15469	0.97906	17.4358	4.10853	1.81779	19.2966	4.91025	1.02204	23.4953	4.76871	0.82699	23.69	1.90682	0.571418	9.44576	1.06517	0.621182	3.98448	3.68843	1.98754	15.8464	4.39528	1.7478	17.378	2.43592	0.766284	4.9978	3.53751	0.765273	14.3112	4.2175	0.67167	18.4013	4.07266	1.81491	11.2369	5.57433	1.44074	24.5787	1.09755	1.84485	3.45493	3.5927	1.50277	12.9931	3.69189	1.3025	13.5573	3.38343	1.97753	7.83526	3.60168	1.11843	13.1792	
5.53431	1.37304	22.382	8.94766	1.13061	19.4434	2.70565	1.74468	6.58523	2.40862	1.44274	9.31861	9.29276	1.46686	42.3272	8.98684	1.06909	40.2489	5.57019	1.15295	22.0011	5.71638	1.38989	19.238	2.55916	1.38555	5.95492	6.03463	1.98123	15.7784	2.70445	0.997321	11.3856	2.19646	1.12	4.41814	5.13201	1.7199	13.6789	1.81655	1.18478	6.90131	9.78361	1.09046	29.9713	5.39934	1.14158	25.4017	6.54842	0.805557	29.4187	3.68487	1.4596	14.8081	2.76453	0.772153	10.1804	5.25145	1.20145	19.911	
4.00794	0.800207	16.1327	2.8041	0.504816	5.85577	9.19551	1.91329	21.9675	7.94049	1.20206	17.984	0.203611	0.968507	0.798269	0.583136	1.81035	2.59593	3.85707	1.98005	19.0706	4.10019	1.49767	11.6257	8.73661	1.33829	29.2029	5.26573	1.03609	23.0846	7.488	1.12415	37.0525	8.58976	1.64742	17.7375	8.67821	1.03826	22.4228	9.11272	1.74863	43.2125	0.69691	1.07285	3.25914	4.06608	1.41407	13.5008	6.90478	0.647453	33.636	6.76114	1.26609	26.7954	8.42232	0.728488	22.2613	5.28286	0.874144	15.9625	
5.74195	0.853019	13.333	4.74804	1.00027	18.5477	6.51324	1.35602	23.7418	9.27825	1.91797	35.2414	7.26754	1.20214	29.7375	7.64349	0.611807	18.1544	6.91646	0.518243	22.0908	5.15762	1.29372	14.0343	6.38002	1.81145	16.6437	9.69591	1.81404	37.7333	6.09773	1.9431	17.7633	6.63276	0.532817	16.3809	4.14888	1.16641	15.3614	7.17654	1.23148	25.793	8.16689	1.74593	33.5273	6.00556	1.89731	26.0937	2.20517	1.55343	4.63892	9.14524	0.628406	34.3892	6.08207	1.36246	22.6566	8.99726	1.16524	38.8203	
5.0273	1.42951	16.6056	4.85212	1.65047	14.5405	5.29224	1.0879	14.1281	8.19588	0.749307	21.8059	7.17932	1.78585	17.7985	7.46196	1.13073	30.3512	6.20838	0.927463	27.5534	4.46166	1.77383	10.7523	5.16145	1.31683	11.4525	8.93459	0.797479	29.3926	4.92852	1.61661	20.6347	5.42076	1.70724	22.4588	2.95932	1.17869	7.47997	5.95935	0.841527	18.4494	8.07458	1.2546	40.3402	5.27127	1.97296	23.3029	1.06606	1.92325	4.10939	8.16725	1.34669	38.0492	4.86684	1.46864	11.2382	8.18259	1.45339	31.2848	
1.84232	0.970534	7.24649	2.59482	1.35965	7.5689	5.35666	1.70342	14.5951	6.11006	1.90464	24.9436	4.13003	1.63748	11.1623	4.265	1.738	16.5888	2.98563	1.89527	9.69414	1.26524	0.803253	5.43471	4.96525	1.89095	15.9448	5.77648	1.17671	25.8493	3.94485	0.798801	8.33874	4.9597	1.40113	14.9454	4.38301	0.997999	9.3116	5.5533	0.761448	22.8551	4.97503	1.01786	22.5843	2.118	1.33025	7.50799	2.67535	1.61097	11.7531	5.59554	1.25831	19.0801	4.61788	1.2714	21.2658	5.13371	1.4612	12.8498	
3.47229	1.88224	13.8094	4.03069	1.42187	14.6714	4.51921	1.99511	16.2004	6.76539	0.935407	20.6844	6.03296	1.96229	18.304	6.2215	1.66305	29.424	4.64878	1.4842	11.9516	2.91954	1.44647	9.13583	4.26446	1.80898	16.8039	7.36051	0.857548	21.9102	3.71103	0.85647	17.8317	4.42746	0.714014	13.9181	2.76689	0.630132	5.83632	5.01447	1.15197	16.5095	6.90306	1.04977	14.8929	3.70879	1.82427	16.4667	0.695539	0.57588	2.62488	6.63818	1.96453	15.4586	3.92848	1.37895	18.8915	6.60673	1.4387	20.3401	


# This instance was randomly generated with the following parameters: 
# SIGMA_MIN=0.5
# SIGMA_MAX=2
# CAPACITY_OVER_DEMAND=2