10	20
108.096	846.503	64.8857
83.8217	1141.04	113.332
48.5661	1285.94	151.413
116.43	1115.14	110.399
76.876	1178.26	117.854
51.6066	944.682	86.2631
49.0096	901.504	73.2053
143.148	544.691	29.4466
13.2494	1051.79	95.8135
85.1973	1267.82	138.687
28.978
23.7719
34.0448
14.0353
10.3983
38.2171
20.9343
1.85901
36.6648
15.563
24.0111
33.8809
12.3296
47.2506
15.9738
42.2039
34.7443
15.6514
30.9356
9.20206
6.6099	0.292883	31.6861	1.90511	0.451312	6.39731	7.54141	0.838092	32.5437	5.43777	0.267772	26.2827	5.50263	0.286346	24.4549	5.85892	0.646555	19.6341	2.50507	0.172349	10.4804	7.03913	0.89669	17.3208	5.57758	0.713406	26.6963	3.55926	0.823605	13.2017	4.09053	0.429791	15.3317	2.86343	0.117445	6.5447	2.84739	0.441597	8.8249	4.5787	0.368948	21.2368	7.87844	0.435883	16.1885	4.20302	0.846449	17.738	4.48291	0.631558	21.5831	6.52953	0.567674	24.1102	1.85817	0.36291	4.48007	1.23485	0.52143	5.23917	
1.2758	0.295582	4.82918	5.24144	0.695939	25.8426	5.95771	0.365613	25.6287	5.37104	0.892511	13.2154	6.15485	0.721602	23.8423	0.980766	0.524248	2.13885	6.03744	0.448491	29.9171	1.27602	0.269908	6.0833	2.97116	0.410275	8.05223	5.73322	0.8312	23.8067	2.91044	0.697401	12.8969	9.01816	0.521052	44.804	5.79096	0.868811	24.1816	6.41728	0.295476	18.2138	3.18928	0.107984	15.0451	4.46011	0.456554	18.3204	2.562	0.942407	10.0404	7.29415	0.659616	14.848	5.44193	0.625923	22.6137	6.92624	0.97116	22.2122	
7.26211	0.530498	27.5435	2.85667	0.614074	7.8096	7.63316	0.647029	22.424	5.50404	0.283108	24.3071	5.42799	0.838414	13.9853	6.56385	0.148669	27.7245	3.36856	0.685379	9.96479	7.8876	0.651545	25.6295	6.51326	0.949384	21.981	3.5239	0.833073	12.6531	4.99233	0.806138	23.7148	2.7506	0.158874	6.75753	3.73749	0.221607	14.81	4.4016	0.793979	14.9917	8.80031	0.903571	34.3979	4.44847	0.636707	14.4397	5.08829	0.350142	23.5598	6.32466	0.951025	30.9191	2.80279	0.655827	11.0858	1.84606	0.150814	4.88222	
6.79316	0.766896	18.4414	3.84343	0.2901	14.2198	6.23828	0.68493	13.0614	4.13657	0.929191	8.6223	3.91379	0.220413	11.3481	6.25013	0.360705	15.4782	4.67628	0.39593	11.2231	7.94754	0.212717	28.6811	7.04317	0.355545	20.3246	2.16045	0.923013	7.16826	5.3906	0.333914	12.7124	4.38257	0.361565	13.4145	4.97952	0.374119	20.9119	2.82826	0.735798	10.5055	9.1763	0.926269	20.0166	3.396	0.513754	15.6919	4.63653	0.442696	15.448	4.69851	0.806264	18.1422	3.87482	0.97115	12.7696	3.40139	0.53126	15.9937	
4.77195	0.463774	16.3308	4.43325	0.602792	11.5642	9.09946	0.696175	43.3762	7.92761	0.961848	28.1607	8.58532	0.142579	41.0409	4.06876	0.503838	18.0408	4.51014	0.400292	18.8469	2.67795	0.202678	7.71411	0.901566	0.95322	2.62647	7.42189	0.281923	25.2769	2.5516	0.204715	5.17809	7.87091	0.174206	32.4507	4.10971	0.601248	20.4846	8.42353	0.212213	41.9136	1.91909	0.163971	4.44262	6.59931	0.623383	15.6621	4.74406	0.786342	16.9562	9.84124	0.71596	29.3064	4.53917	0.217027	12.5499	6.03586	0.663599	19.1654	
5.34195	0.133579	13.8552	7.65407	0.694662	18.2813	0.984586	0.430067	3.81606	1.78011	0.949619	4.53567	1.72337	0.382293	6.47195	5.61271	0.417635	12.7562	8.81879	0.422041	24.2135	7.77928	0.205307	16.7035	8.56912	0.621397	27.28	3.62419	0.22086	7.60209	7.22639	0.806955	35.2166	9.8793	0.421813	23.8784	8.90063	0.896212	18.2361	2.82451	0.101408	9.41147	9.66107	0.753526	36.351	3.24073	0.318769	11.4973	4.71515	0.423149	20.1913	1.49692	0.296264	6.40186	7.82189	0.966023	30.4915	8.33482	0.499717	39.6853	
7.48396	0.965437	16.5485	5.35359	0.204902	17.9496	5.85887	0.213991	24.1692	3.95837	0.618971	11.9378	3.45521	0.668014	16.4935	7.08723	0.117819	29.9238	6.2128	0.920971	15.8205	8.98728	0.96572	30.4175	8.35473	0.288149	22.1445	2.3786	0.345284	7.26763	6.68313	0.413436	17.2572	5.62167	0.600064	20.9554	6.51199	0.51504	32.1632	2.36998	0.151715	11.6894	10.3785	0.964644	42.1378	3.78191	0.736074	15.5137	5.4619	0.156595	22.3551	3.84844	0.188661	9.90204	5.39646	0.163169	22.6473	4.90612	0.932039	10.6375	
1.96241	0.47202	5.17591	6.82554	0.456668	33.0272	3.00558	0.175431	11.2798	3.42912	0.628167	14.8953	4.19984	0.864279	20.694	2.66104	0.183856	7.08284	7.90562	0.558418	16.7501	4.45784	0.452358	18.476	5.98764	0.53262	13.1275	4.86207	0.510022	16.7698	5.22597	0.953621	18.2378	10.1654	0.12491	50.8113	7.80351	0.338804	34.3296	4.96594	0.322743	21.5582	6.37816	0.473154	14.0457	3.50414	0.988216	12.6644	3.00447	0.680239	13.4191	4.99257	0.523381	24.5455	7.03496	0.466772	22.4353	8.17883	0.807466	20.2279	
5.62386	0.922041	13.592	1.93573	0.887791	5.62021	8.83148	0.444782	34.1501	7.14051	0.689754	31.3712	7.60287	0.226407	25.2309	4.73621	0.807509	12.8192	1.72504	0.920048	3.6922	4.61142	0.776107	10.9533	2.3782	0.132376	9.36357	5.98295	0.736778	26.2515	2.01125	0.400593	9.45097	5.08324	0.911585	15.4432	1.32142	0.279169	2.90272	7.0991	0.940194	28.9682	4.6447	0.120334	19.9058	5.66517	0.136145	26.0484	4.40647	0.891048	17.6499	8.84912	0.529608	40.5004	1.96345	0.242864	6.04307	3.31572	0.845297	7.63186	
3.70065	0.845831	11.1506	6.43088	0.594802	19.0126	1.39393	0.746022	6.0547	1.18622	0.166556	5.51241	1.86658	0.850014	8.07749	3.94127	0.807139	10.4277	7.5977	0.227675	37.5375	6.11126	0.987001	15.454	6.94659	0.181504	16.5229	3.0657	0.930333	8.57374	5.68141	0.4439	14.6549	9.12872	0.522918	40.3835	7.62332	0.605424	29.5097	2.79222	0.666137	8.01666	7.98973	0.360085	27.5418	2.09376	0.918148	4.39931	3.13129	0.137235	13.9438	2.63333	0.148539	12.9002	6.61727	0.254284	32.2017	7.37161	0.584132	16.6054	


# This instance was randomly generated with the following parameters: 
# SIGMA_MIN=0.1
# SIGMA_MAX=1
# CAPACITY_OVER_DEMAND=2