8	16
170.069	507.763	23.7213
86.5806	345.777	10.2165
179.156	1140.31	110.265
36.2603	862.116	73.4188
150.795	804.584	62.1455
85.9212	867.249	71.7365
19.0235	745.817	47.4247
114.814	1221.18	129.2
16.7109
12.1979
14.5636
10.4489
3.93436
4.13704
1.56026
22.0723
15.4296
17.5364
8.07883
18.305
3.34939
21.6757
4.47196
1.57106
3.24658	0.201937	13.3721	12.0665	0.662795	38.1983	12.1038	0.124595	46.0686	9.57372	0.511152	43.3751	1.44865	0.122096	6.9886	7.04897	0.821622	22.2669	6.69756	0.648552	18.6946	4.82957	0.482534	16.5424	8.44754	0.640934	38.1711	3.8585	0.988517	9.24358	0.46145	0.492257	2.09731	6.77417	0.450981	22.3376	9.8254	0.421375	27.2092	10.1134	0.871108	32.5029	5.14717	0.69242	21.6605	3.60248	0.969808	11.7351	
5.60292	0.524364	14.7055	8.47397	0.6954	26.5134	9.35234	0.758685	19.2795	6.43976	0.928071	18.7524	6.81392	0.919844	30.245	2.03724	0.142074	9.18555	4.902	0.39298	18.4306	4.6342	0.972862	22.7047	7.40943	0.843502	20.3182	7.57911	0.570722	35.7038	7.76342	0.203103	16.5254	5.63244	0.2187	16.9948	3.87656	0.49601	16.4326	9.65718	0.206717	38.4484	7.14642	0.540483	32.0663	4.61224	0.582984	13.8487	
4.29558	0.540217	13.8092	7.45959	0.70673	15.5973	7.04041	0.783504	16.738	5.53283	0.987249	19.426	5.37587	0.209072	11.9561	6.67635	0.661717	28.5689	4.08547	0.462513	13.5674	4.22055	0.399327	12.5032	3.58931	0.828352	16.5871	2.1682	0.543733	8.87965	5.93744	0.752384	26.9746	3.48317	0.647587	16.8841	7.64997	0.530941	20.173	4.4282	0.393362	12.1136	1.58647	0.75342	3.60241	6.10529	0.921244	28.2022	
2.68016	0.358017	10.9797	11.3006	0.86939	49.9658	11.2966	0.130256	39.5808	8.83429	0.129712	38.3447	1.24867	0.228103	4.38036	6.65445	0.663774	20.9954	6.01046	0.697798	28.9452	4.23707	0.945038	16.0005	7.62869	0.187245	34.9415	2.98748	0.716335	13.319	0.956073	0.911858	4.30807	6.02931	0.624288	17.7015	9.28627	0.56964	35.9649	9.25139	0.547497	28.7028	4.29787	0.269278	13.4262	3.46339	0.19397	14.4104	
1.7344	0.119124	4.39765	8.08783	0.793124	22.4807	8.48416	0.8277	41.2554	5.54403	0.410607	27.189	3.34939	0.714446	13.4802	2.31333	0.929632	8.03841	2.66763	0.813793	11.2571	0.961412	0.910926	3.39129	5.30147	0.899164	17.069	3.70073	0.416344	17.0638	4.40035	0.457257	8.827	3.17581	0.780588	7.55136	5.06757	0.414711	22.8232	7.52462	0.45818	26.9743	3.56683	0.323689	14.8359	1.81187	0.612135	6.36659	
7.86774	0.111388	31.7929	3.17475	0.338046	13.9244	2.25872	0.210517	8.50323	3.13612	0.738927	14.5653	9.55695	0.22165	42.0395	7.58582	0.995927	27.9342	4.9974	0.834006	19.327	6.7592	0.365763	18.0711	2.29365	0.79324	10.1143	6.72808	0.751402	13.7459	10.386	0.369608	36.985	4.41705	0.274918	14.6301	6.33467	0.311959	12.6977	0.812775	0.493689	3.37718	5.37895	0.623439	21.6294	9.26229	0.544732	32.0668	
2.13484	0.110872	5.08805	9.46991	0.920984	24.8351	9.9129	0.844628	25.405	6.9434	0.814923	19.3606	2.912	0.93446	7.79811	2.98786	0.614068	8.33323	4.11267	0.926151	18.7396	2.3258	0.904927	6.89194	6.75007	0.43777	29.4403	4.49138	0.345699	18.1772	3.85433	0.235325	17.4077	4.62656	0.309905	16.7655	6.06763	0.295914	21.1715	8.9591	0.781695	21.3336	4.72378	0.460775	18.1417	0.708895	0.260541	3.44702	
4.4001	0.822344	8.93419	10.2552	0.70328	46.0837	9.87393	0.840162	40.0992	8.17303	0.535803	17.3315	4.38167	0.658509	19.4927	8.03841	0.106216	18.2211	6.09258	0.582947	27.8272	5.26098	0.362466	11.3539	6.35925	0.896028	21.6138	2.31758	0.855607	9.69262	4.43094	0.84226	18.0964	5.7006	0.185495	24.6663	9.79214	0.564713	29.7022	7.20588	0.569813	34.1142	3.33606	0.85447	16.5768	6.06058	0.151038	16.7861	


# This instance was randomly generated with the following parameters: 
# SIGMA_MIN=0.1
# SIGMA_MAX=1
# CAPACITY_OVER_DEMAND=3