10	20
126.947	1115.74	115.281
37.3458	510.213	23.9409
31.2353	1154.78	129.492
23.4277	1122.46	122.135
103.156	1161.91	117.623
27.0934	519.93	24.6489
155.265	371.026	12.647
115.676	1059.82	97.1915
1.51327	872.099	64.1809
174.698	1299.69	143.85
5.59706
10.0734
9.38599
5.53824
12.665
11.8067
12.8295
0.800995
11.0744
1.25238
4.88642
6.05865
9.77853
5.46378
8.7675
6.85483
13.9896
13.1221
13.5086
6.74439
2.7658	0.29516	8.06639	5.20504	0.793347	17.6294	3.0033	0.732096	13.7027	8.05919	0.71618	23.5964	6.19096	0.748213	25.3383	6.23671	0.194618	23.2423	5.47245	0.19531	19.2225	8.4111	0.911871	17.301	3.17881	0.27393	10.0034	8.03677	0.741107	26.0211	1.99177	0.739077	6.22318	7.88259	0.857202	38.8415	6.98729	0.177171	22.9282	3.61641	0.282231	15.0762	1.36626	0.986773	3.39928	9.66145	0.971018	28.4637	9.32048	0.8527	20.3924	8.37576	0.505118	27.728	5.91854	0.48455	21.0805	7.89166	0.76989	31.0504	
4.58911	0.221788	11.5746	5.30061	0.507654	25.4099	4.26585	0.697531	8.61796	3.72236	0.130912	11.4759	3.80741	0.224581	9.82267	6.32664	0.125276	30.049	1.82774	0.495267	4.26087	2.04388	0.965513	4.47258	5.18765	0.800798	24.3873	3.02512	0.582886	13.4266	6.00325	0.499326	24.1854	5.57968	0.851496	17.7742	3.27679	0.723573	9.28255	3.58962	0.350313	17.2178	5.94313	0.961046	26.4046	3.20037	0.301882	7.44792	3.48234	0.487859	13.9947	1.40228	0.737828	6.23818	3.08619	0.186188	10.0196	2.08101	0.593526	4.4324	
6.42552	0.615102	22.6035	4.4893	0.535119	11.7075	7.33442	0.767316	22.8083	8.31957	0.316969	37.534	2.95844	0.575835	7.36942	4.48883	0.205304	20.2664	4.5554	0.408801	18.8943	6.26061	0.838169	29.6751	6.06054	0.906198	13.181	7.57937	0.621025	24.734	7.29119	0.785919	26.3449	2.33869	0.89969	5.24411	7.90555	0.67128	22.2988	6.78797	0.105006	27.0044	8.52736	0.309738	36.8595	6.93394	0.304624	23.5538	7.64041	0.753886	36.6473	3.98188	0.357976	9.2157	3.26493	0.34585	10.9995	2.56883	0.330572	11.8152	
2.28682	0.198572	5.41059	5.2927	0.468403	11.6321	1.54593	0.636652	3.6332	6.40381	0.614686	27.1345	5.77822	0.448644	14.7962	6.51152	0.550417	29.3567	4.40983	0.567103	11.6117	6.91396	0.370773	14.6681	3.26357	0.662209	13.8112	6.42013	0.536564	31.631	2.50233	0.834993	8.1935	7.73981	0.35082	37.9541	5.33614	0.118036	16.9247	2.22037	0.331494	5.07114	0.34606	0.528481	0.774398	8.13686	0.475195	18.5025	7.7297	0.343473	20.7101	7.16822	0.14467	15.3215	5.31533	0.296489	12.6871	6.94398	0.728758	24.9365	
2.78565	0.452327	5.97546	4.3816	0.146811	19.6588	2.33605	0.21833	9.00301	4.07373	0.838112	14.6777	3.493	0.699406	11.333	5.61646	0.693272	13.0931	0.95875	0.999071	1.9523	3.44232	0.388198	8.55532	3.61799	0.171936	16.4409	3.65054	0.147256	10.6406	4.22285	0.400909	18.1771	5.61418	0.114156	15.9382	3.17966	0.696654	15.2897	1.66082	0.326232	4.93226	3.9972	0.479328	12.9748	4.71789	0.753492	17.0268	4.645	0.840549	13.8839	3.2971	0.112106	9.75798	2.72399	0.235305	5.91594	3.30408	0.791192	15.9179	
6.69468	0.889764	21.2079	6.97187	0.803235	27.7727	6.35675	0.810638	22.0133	4.18672	0.68852	17.938	5.24145	0.253482	25.3571	7.79648	0.587424	20.5668	3.88223	0.821765	17.5343	1.88095	0.564613	5.8479	7.2027	0.864902	30.4699	3.41136	0.257399	16.8596	8.09225	0.346311	36.1853	6.50351	0.684842	13.5307	4.28948	0.276488	12.9251	5.68423	0.720302	27.7568	8.0515	0.769582	29.1427	2.13631	0.406776	9.39373	2.97019	0.19697	12.894	1.10028	0.869704	2.51198	4.67707	0.496271	14.4127	2.62101	0.37171	6.67687	
6.82002	0.693226	32.1471	4.53891	0.202896	15.7355	7.88251	0.502899	16.1126	9.17029	0.108863	30.0883	3.28107	0.743385	12.8494	4.28075	0.652178	10.9088	5.22409	0.538573	17.2391	7.13621	0.241441	19.505	6.31042	0.956217	25.3135	8.43711	0.799777	18.062	7.54551	0.410407	30.5695	2.00757	0.398907	5.71049	8.72306	0.415584	38.1791	7.37515	0.815705	18.1971	8.95969	0.869767	39.2027	7.81723	0.898022	21.809	8.52156	0.491603	17.5901	4.86281	0.498681	16.7698	3.74923	0.311341	12.1052	3.42201	0.689146	15.8747	
5.90175	0.931104	16.5904	7.55219	0.304244	25.7962	4.75985	0.800358	15.533	1.08387	0.860987	3.49657	6.31035	0.737712	28.7784	8.71197	0.791516	31.0558	3.86969	0.798366	16.5689	1.35477	0.425822	3.12253	6.85851	0.213889	14.066	0.396949	0.584793	1.11694	7.30538	0.837191	36.3834	8.2057	0.759595	35.2761	1.17005	0.423228	3.66267	4.22565	0.925619	15.2396	6.40496	0.385467	20.8088	2.16972	0.599549	9.22028	1.58138	0.985161	5.32361	3.42426	0.551159	16.843	5.54089	0.272373	25.3513	4.66839	0.904408	18.4634	
6.72559	0.604097	33.4554	6.56885	0.948742	13.8165	6.6428	0.297625	29.7226	5.0985	0.354407	17.1383	4.76537	0.285727	19.4519	7.26575	0.425917	30.9056	3.90544	0.985283	15.9524	2.79701	0.246436	5.893	7.0747	0.868643	17.6484	4.31767	0.997788	19.675	8.06659	0.161832	28.2874	5.77624	0.781425	14.9441	5.09732	0.268343	18.9689	5.96686	0.735779	17.132	8.28893	0.216438	18.857	3.09816	0.46007	14.8257	3.94562	0.13711	19.4952	1.01076	0.152089	3.33839	4.31135	0.800173	11.0536	2.02942	0.116638	6.89734	
3.2537	0.184987	9.93503	3.94395	0.831029	15.0496	3.31449	0.821414	11.0423	4.63369	0.760194	14.7932	2.66831	0.179451	6.15866	5.05616	0.266825	16.1249	0.424254	0.558875	2.06203	3.40038	0.736459	12.9761	3.75852	0.60874	10.1964	4.06041	0.153016	12.0593	4.63181	0.545202	12.6805	4.68861	0.861566	19.4677	3.90615	0.106254	14.2757	2.66626	0.243895	12.4009	4.86696	0.115411	12.6987	4.61315	0.467042	22.0672	4.78341	0.349522	10.3586	2.51185	0.526618	12.4477	1.88814	0.697552	6.85497	2.20053	0.168375	10.6109	


# This instance was randomly generated with the following parameters: 
# SIGMA_MIN=0.1
# SIGMA_MAX=1
# CAPACITY_OVER_DEMAND=5