4	8
71.0617	1144.11	115.013
79.1831	743.32	54.6071
9.86534	783.576	52.1348
89.9511	1195.07	129.779
34.6761
39.0673
28.4823
20.2398
19.274
24.7291
39.8095
28.0777
4.29907	0.871212	11.8514	5.00095	1.24912	15.4548	3.46808	1.16464	16.9367	6.02714	1.24113	24.6478	3.00607	1.02775	6.72154	1.68498	1.0177	5.46931	2.6733	1.74895	10.9801	3.89842	0.906572	16.318	
3.57375	1.38896	13.4373	2.3308	1.77549	6.46228	7.82481	0.929478	19.7293	3.84407	0.631513	11.6314	5.06459	1.1043	10.7244	8.87677	1.59712	41.6829	5.104	0.612081	22.3861	10.4643	1.57216	26.5992	
1.62651	1.32566	7.68249	3.14404	1.42558	12.6422	5.17907	1.25559	23.7726	3.34811	1.00825	9.15145	2.95591	0.704221	11.0022	4.19653	0.881788	16.665	0.204654	1.5425	0.5324	5.52115	0.620637	21.7749	
3.02323	1.3214	14.3279	4.59966	1.10884	18.9213	9.33695	0.577886	23.9552	1.09598	1.63515	4.69629	6.62111	1.24436	32.134	8.46675	1.59945	26.2705	4.45011	1.53378	14.0928	9.02244	1.03351	31.8935	


# This instance was randomly generated with the following parameters: 
# SIGMA_MIN=0.5
# SIGMA_MAX=2
# CAPACITY_OVER_DEMAND=1.5