10	20
32.7069	404.224	13.6841
106.238	1115.76	104.072
119.676	817.841	63.04
5.03281	1292.85	141.252
89.5074	717.328	49.3472
145.367	843.82	62.9371
136.214	1026.24	89.9405
67.4332	1108.99	112.625
136.622	1191.58	127.497
28.0454	606.738	30.9872
13.1129
19.9758
11.3005
20.0419
21.5338
13.8138
2.57954
14.5325
15.8449
8.56133
12.5971
13.2358
19.8916
13.9511
9.31432
15.441
14.8085
5.63541
10.2549
8.70069
2.79782	0.749277	8.67976	7.989	0.58272	32.4616	6.69219	1.88065	16.5328	2.40404	1.79173	10.7138	8.2959	1.04028	27.1305	2.00266	1.83304	6.06523	4.91774	1.72732	23.4526	6.94135	1.64334	26.6275	7.38503	1.90315	27.5847	6.66596	1.31515	16.9884	10.0449	1.0304	30.1419	6.21483	1.19227	21.5811	4.29135	1.21276	9.99258	1.75921	0.882823	3.96311	0.529861	1.83483	1.64338	3.65086	0.664253	11.4349	3.76457	1.97108	8.03706	10.1964	0.995995	45.4754	8.90853	0.959049	20.7085	4.95213	1.0776	15.9246	
9.33589	0.715724	28.7264	10.0028	1.22411	41.7384	2.51758	1.05804	11.8707	9.51521	1.88672	23.3396	7.55833	1.11425	35.0429	6.53999	0.98529	24.4204	6.19277	0.736949	19.5055	0.706894	1.85563	2.15013	5.27076	1.6985	20.1209	3.97248	1.94413	13.2753	8.7993	1.06113	20.1695	4.05596	1.20529	13.5823	3.66256	1.47981	8.05739	6.77004	1.31823	14.1137	7.78517	1.23922	23.9171	6.60956	0.598624	29.2146	3.57999	1.60775	9.75465	7.40914	1.082	18.7596	6.28732	1.37231	19.2197	6.12148	1.82446	29.0294	
7.35633	0.829555	25.2918	9.1424	1.04593	32.7782	2.85225	1.37318	11.6737	7.32315	1.14158	35.3574	7.36177	1.41527	21.4399	4.62447	0.910849	13.3596	5.08308	1.26219	18.9559	1.76056	1.49332	4.54683	5.28315	1.78342	20.8471	3.9444	1.2183	8.39743	8.88963	0.862112	34.0814	3.77022	0.932543	7.92565	2.19592	1.83106	6.27298	4.8151	1.96713	20.9367	5.64769	1.82642	20.4071	5.08286	1.16487	11.3612	1.42576	1.5122	4.0941	7.9547	1.92913	39.4516	6.66205	1.30939	15.6285	5.03088	1.71608	24.0506	
8.0895	0.64941	31.718	3.2411	1.03135	9.50776	5.49756	1.64155	22.1567	10.8048	1.83981	34.1291	0.467426	0.562941	0.970793	6.66053	0.69174	29.2732	3.75849	1.69141	8.98924	8.40438	1.58517	39.3349	2.74052	1.90981	6.15041	4.0578	1.35638	16.7479	1.39165	1.29503	3.11191	4.09456	0.627457	11.9442	5.94242	0.697901	26.6062	6.91256	1.64711	30.8918	8.64834	0.56418	21.7737	5.03249	1.9035	19.387	7.61039	0.655646	22.3349	2.60069	1.34712	6.31679	2.32889	1.26059	5.55395	3.73429	0.992377	8.81101	
6.80227	1.71364	14.038	8.55255	1.26832	28.1785	2.66967	1.62478	12.0458	6.96304	1.1356	20.6237	6.88398	0.680334	30.4304	4.04402	1.08446	16.6237	4.48372	1.05006	10.1279	2.28024	1.23629	8.66002	4.88225	1.5284	21.9768	3.57937	1.14286	12.016	8.45624	1.01415	32.9503	3.34976	1.1884	8.23806	1.59163	1.47356	6.69056	4.24701	1.93542	11.2025	5.18414	1.97414	20.4695	4.46016	1.14006	12.815	1.008	1.60683	3.60612	7.63525	1.79314	35.5306	6.31882	0.564312	20.9155	4.43396	1.09228	19.264	
6.64282	0.986233	13.2917	3.24809	1.19109	8.1084	4.41259	1.69654	11.0111	9.19732	1.57206	33.0193	1.28293	1.64673	3.30195	5.01141	1.19452	18.0221	2.09697	1.13155	7.63355	7.20258	0.735331	21.1422	1.97797	1.02793	5.51584	2.9753	1.04918	14.0724	3.03482	1.02058	12.2914	2.85101	0.693157	12.2849	4.39227	1.34249	14.361	5.27118	1.36121	16.5439	7.01972	1.68843	27.2471	3.41086	1.32281	16.7648	6.03954	1.09364	29.7565	3.56669	1.44331	13.4184	2.62859	1.55603	12.1818	2.06846	1.82805	9.02765	
4.10352	1.04343	10.2943	3.79156	1.45462	9.28957	4.80482	1.3767	14.3368	6.64496	1.70748	31.6012	3.8401	1.93383	13.3606	2.5865	1.23454	10.1717	0.840877	1.61675	1.86861	6.92216	1.38517	21.8077	3.70765	1.9658	10.4436	3.8008	1.51213	14.3812	5.55195	0.862751	24.3739	3.39413	1.89822	11.8099	3.40038	1.63749	15.5392	2.80578	0.858325	9.74085	4.50393	1.96365	10.8305	0.923178	1.4342	4.38148	4.69276	1.33717	19.3872	6.0798	1.23536	14.2604	4.9601	1.95157	21.1956	0.92462	1.23481	4.24696	
7.24012	1.15023	33.4378	4.67513	1.68124	19.7536	3.09253	1.82182	15.2132	9.38061	1.42646	31.1012	1.98365	1.46277	7.37578	5.12517	0.777149	20.9783	2.40726	0.624721	10.8163	5.97147	1.24984	27.764	0.589439	1.65627	1.46054	1.63703	1.71047	7.58361	3.51109	1.74425	7.90881	1.64693	1.25357	3.40459	3.64666	0.863161	12.7304	5.41626	1.14719	21.9747	7.16694	1.45973	33.6053	3.76095	0.765231	9.75893	5.313	1.96762	15.5518	3.14424	1.51348	11.46	1.86746	1.26379	7.84526	2.33714	1.90357	6.8052	
1.99751	1.17777	7.70094	7.46162	1.387	31.6666	6.98038	0.620927	18.7257	2.41229	0.530745	5.44218	8.06419	0.586449	33.9161	1.8697	0.779125	4.73261	4.72241	0.922187	17.187	7.50638	1.01984	23.3345	7.37233	1.62031	21.3669	6.7886	0.552963	22.1685	9.79428	1.39031	42.3949	6.32672	1.58744	19.2632	4.59081	1.24469	12.9037	1.57419	1.8955	4.1355	0.339259	1.92691	1.25178	3.37697	1.05719	7.75782	4.3215	1.96596	8.71079	10.1076	1.59897	27.6407	8.85651	0.761246	25.6197	4.76865	1.89976	20.5433	
7.00127	1.58928	28.8832	3.42816	1.34897	11.5702	4.36729	1.8878	18.5909	9.52695	1.18937	32.5979	0.994156	1.40167	3.78379	5.32362	1.67338	13.0851	2.40554	1.12694	10.4532	7.20763	1.98266	33.0063	1.79372	1.31765	5.64284	2.91407	0.875147	11.7032	2.74656	0.93248	5.68086	2.84658	0.655642	11.5829	4.54131	1.46769	11.1793	5.58839	0.602126	24.0062	7.34207	1.16311	28.5056	3.74192	1.35361	16.1658	6.20337	0.877299	30.7082	3.20425	0.858359	12.3536	2.28812	1.6607	10.4111	2.3702	1.70854	10.2348	


# This instance was randomly generated with the following parameters: 
# SIGMA_MIN=0.5
# SIGMA_MAX=2
# CAPACITY_OVER_DEMAND=3