9	18
124.717	747.152	54.8172
105.072	900.245	71.8831
28.8478	732.603	46.2395
34.687	939.15	73.4491
144.396	926.643	76.4603
37.0653	815.411	57.1088
82.8963	889.285	70.9161
59.0512	1354.17	156.965
46.1444	357.519	12.1023
5.2683
3.27052
1.57254
5.66782
1.04854
0.623631
5.51816
5.1275
3.41486
5.09788
1.29191
3.69457
4.03042
3.86668
3.62085
2.16367
5.2127
1.50359
7.36151	1.60636	24.1344	3.96251	2.13867	14.0649	2.74433	2.00069	10.4148	0.479102	2.17467	2.29455	7.68549	2.52792	25.6317	5.9152	3.40125	19.9261	10.9882	3.22592	43.8472	10.6607	3.5716	27.69	8.74903	1.32489	37.2191	5.02489	1.52279	15.0869	5.69109	3.72404	19.9019	8.53748	2.06483	21.9209	7.04386	1.01429	16.7184	4.82572	1.98165	12.4723	6.47037	1.87353	25.0064	12.2095	3.68238	42.0027	7.76849	2.94313	15.6584	5.55961	3.38145	13.4686	
5.59225	1.48217	12.7754	2.20002	1.36261	7.49357	1.31261	3.69584	3.39998	1.62111	2.26953	7.27457	5.9292	3.90205	17.9148	4.14857	3.63503	11.2365	9.4005	2.69021	43.6129	9.28322	1.68061	22.5644	7.85817	1.54917	20.6956	5.08425	3.29665	10.915	5.26266	2.78444	16.5061	8.17126	2.37567	40.6665	5.26895	2.44201	23.2013	3.05358	2.61162	8.18808	5.57631	2.28049	24.7469	10.7891	3.57171	26.4597	7.07801	3.33079	19.4452	3.78469	2.14719	12.8385	
3.44318	3.67468	15.2301	1.11408	2.54378	4.85233	1.55536	1.18307	4.05168	3.95599	1.93649	12.4415	3.62397	1.27829	10.2532	2.10552	2.87476	5.64052	6.72173	2.02513	21.6052	6.64653	1.75421	17.5213	5.77025	1.16931	25.5834	4.8267	1.18605	17.7967	4.19801	1.17854	16.3902	6.81548	1.64134	27.7889	3.39255	2.56306	10.6119	1.46959	1.97265	6.10342	3.68602	3.77296	14.4821	8.12491	3.09989	36.4307	5.33335	1.74446	19.2442	2.06667	1.95531	5.88559	
2.78173	3.45951	8.17504	5.27093	3.68075	16.0915	6.26477	2.60261	20.083	8.66353	3.35099	27.2349	2.24996	1.07702	7.30817	3.64306	1.76585	13.308	2.13297	3.11233	8.45318	3.20144	3.24799	12.5554	5.31203	2.75888	13.1756	7.97662	1.73219	17.6171	6.62284	3.51327	23.8053	7.73759	2.22642	15.7444	3.46987	1.94435	16.9901	4.62244	1.69979	15.7593	4.99615	1.33828	12.7726	4.14145	3.42675	12.1599	5.98685	2.04393	23.0968	4.17333	3.22687	10.9738	
3.46208	3.05087	12.692	0.710026	2.73568	3.17565	2.05495	3.94631	6.93573	3.86321	3.42237	11.0966	3.86714	3.44308	16.6862	2.07888	1.72327	7.06668	7.75462	2.69053	15.8059	8.08073	1.31852	34.5221	7.57265	2.95058	33.641	6.25632	2.65017	28.345	5.87915	2.69496	25.856	8.59733	2.88658	27.9206	3.05987	3.35032	11.5754	1.00953	3.99274	3.6502	5.50423	1.33147	17.2133	9.4589	2.0906	32.7069	7.14993	3.29093	27.4669	1.62241	1.18811	5.98646	
6.81037	2.46306	31.8136	7.50136	1.94109	34.384	7.53072	2.21417	29.8528	9.49346	1.80602	40.6642	6.38497	3.47591	26.2092	6.87665	1.32286	23.7568	4.26652	1.4744	14.4122	2.13993	1.01595	9.14528	1.70976	1.31352	6.24847	6.47319	2.02317	19.8191	4.9928	3.90059	21.7634	4.22598	1.00436	11.6079	7.4104	2.20258	30.8674	7.34354	2.09494	36.2988	3.56431	1.1505	14.0155	3.35947	3.65379	11.3999	3.02602	1.79407	8.04996	7.33395	2.02095	24.5362	
3.58557	2.44132	8.70009	3.16695	2.00998	15.0754	3.39512	2.93091	9.75408	5.65894	3.23269	16.7807	3.4425	1.1271	11.5924	2.93667	3.93166	14.5459	5.07339	1.81258	14.6071	4.61373	1.4342	10.6052	3.83426	1.59107	17.4348	4.67348	2.05113	21.7803	3.46745	2.36491	13.898	5.41902	1.44473	13.0242	3.92794	3.68785	15.2935	3.09518	1.09776	6.22087	2.17695	2.51507	5.61823	6.1467	1.26084	18.5944	3.72088	3.95816	10.8648	3.27023	2.16258	13.4116	
3.93311	3.1671	18.5569	4.71919	1.24355	17.8763	5.1122	2.66262	13.6763	7.36876	3.76391	20.1368	3.56939	3.89437	9.26915	3.9074	3.68838	14.5459	3.56075	2.34685	12.6708	2.89689	3.9879	6.87726	3.11846	1.12471	6.87135	5.76501	1.97229	20.0734	4.3335	1.65181	12.4368	5.38488	3.75958	25.1488	4.48953	3.65603	21.9873	4.43897	1.75078	20.3082	2.65067	1.48144	10.9639	4.42873	2.13864	12.159	3.61897	3.47443	13.5286	4.37258	1.4225	16.5696	
6.65658	2.93473	13.8786	6.6364	1.32152	17.4368	6.39941	1.69172	17.0684	8.18338	1.58998	26.5101	6.31967	1.01377	30.1117	6.39682	1.21367	13.7157	5.25669	3.37755	23.9457	3.39296	1.52181	8.9673	0.368948	3.62378	1.72432	4.93668	1.03141	11.0374	3.46911	3.89238	16.8992	2.9619	3.16195	11.3907	7.16909	1.94922	31.4738	6.64494	2.64145	22.8933	2.1826	3.7851	6.25177	4.80462	1.51833	23.3303	1.51011	1.0149	7.05258	6.78614	2.77066	31.0144	


# This instance was randomly generated with the following parameters: 
# SIGMA_MIN=1
# SIGMA_MAX=4
# CAPACITY_OVER_DEMAND=10