4	8
134.108	1206.29	127.016
94.8761	1307.63	151.137
14.3232	813.902	58.8947
27.8736	1064.42	94.0268
1.17763
8.83421
1.58818
11.0615
6.7457
9.73153
2.45401
1.51473
8.5111	0.915122	40.3342	1.41128	0.642634	4.37067	2.87982	0.722969	9.597	3.83242	0.717135	14.2899	2.25346	0.945299	11.0928	5.02153	0.184843	20.5475	8.85237	0.537441	39.7647	2.62511	0.292966	7.36179	
2.79339	0.543959	11.6809	7.33692	0.296556	33.2335	7.8372	0.154006	28.9504	4.01603	0.690112	10.748	9.68846	0.491907	46.3551	3.89938	0.435088	17.2195	4.11488	0.941145	18.029	9.22602	0.128063	45.8179	
5.19552	0.228397	24.4563	3.30545	0.896595	11.3548	4.28408	0.562715	10.1346	0.136932	0.957119	0.416866	5.60396	0.420458	27.803	2.21278	0.557108	7.10612	5.88191	0.190109	26.2979	5.35968	0.501491	23.5505	
8.64662	0.596757	28.8057	4.12783	0.825657	20.5435	1.15184	0.153182	3.53017	5.22804	0.804915	24.2172	4.26519	0.632408	15.013	7.034	0.852715	15.7323	8.56377	0.12743	38.491	0.533629	0.663424	1.14056	


# This instance was randomly generated with the following parameters: 
# SIGMA_MIN=0.1
# SIGMA_MAX=1
# CAPACITY_OVER_DEMAND=10