10	20
3.99596	925.154	84.4355
7.73407	844.374	70.6249
41.2194	1113.01	107.207
33.7187	514.91	24.7711
176.097	763.184	53.918
84.8767	1188.98	140.434
83.9915	1126.8	119.765
53.8151	718.543	43.0142
12.8627	1048.89	107.496
7.00137	1244.66	147.789
11.6257
13.3368
11.6765
2.22475
2.04337
12.4899
13.6774
13.2387
9.62742
13.3172
9.17577
11.1868
5.69338
3.4258
1.9021
11.199
8.40675
11.9071
13.4314
0.305308
7.06337	2.31174	32.42	4.43271	1.81175	12.7922	1.55114	1.10746	5.88018	7.90043	1.37276	16.9847	6.17901	3.23918	15.9621	1.93524	1.82737	7.67982	1.95529	3.12714	8.09853	5.06443	3.62709	12.7423	10.2336	3.10043	26.3218	5.63164	2.96514	13.0144	7.23175	3.47497	24.3478	5.9736	1.65476	18.2575	6.60861	3.34973	13.6646	7.5065	1.57653	25.8536	3.07015	1.93685	7.88872	7.16113	3.59712	21.5147	1.45569	1.21644	6.35553	5.29713	1.94927	13.9371	9.0885	2.59383	20.3046	6.26222	1.15152	20.7206	
5.7099	2.36017	13.3935	6.64253	1.88931	17.3055	5.24144	1.89272	24.6498	7.15735	1.18425	30.2805	3.50783	1.85589	7.73408	3.48448	2.65387	10.2604	5.62888	1.78942	27.5222	1.01256	1.17729	4.03872	9.65167	1.56861	44.0155	4.61167	3.13282	10.9735	7.67212	1.85579	36.9235	7.50633	1.82116	31.0692	7.11013	3.86223	17.2773	6.2833	2.63103	14.5606	3.38781	1.00657	9.42456	6.61114	3.97125	25.325	4.98945	2.24102	23.0952	2.53037	2.99524	5.22356	7.12895	3.77527	21.3646	3.1042	2.25611	12.7245	
7.49502	3.55532	26.1682	3.17296	1.52405	8.44301	1.53386	3.72955	5.26046	7.82117	1.35953	16.7769	7.4896	1.94756	25.7071	4.61142	1.06849	12.8302	1.20313	1.75165	4.02397	7.17807	1.22824	30.5019	9.76586	2.12256	28.5988	6.21956	3.65114	26.5524	6.52092	2.82311	30.7317	4.77003	2.23102	16.1083	5.98508	3.83121	24.1054	7.78093	3.8291	37.709	4.17633	2.78557	16.643	7.09554	2.77048	23.1249	3.53699	2.0949	11.5981	6.85234	3.68642	18.2831	9.57231	2.68256	43.8672	7.79176	1.52304	27.6114	
5.35188	2.55898	11.2044	3.62671	3.53648	13.2214	1.85089	2.24717	8.80222	6.27832	2.73665	17.5719	4.49074	1.83507	16.65	2.70125	1.73011	5.47743	2.21033	2.53299	7.96936	3.79454	3.07012	8.11571	8.68383	3.9155	42.9266	3.91687	1.06819	18.9085	5.85083	3.41622	29.0369	4.92409	2.12465	16.5162	5.22021	1.39109	15.372	5.81399	1.26001	15.3082	1.34551	2.70279	4.95939	5.55165	2.23213	24.5788	3.0825	2.34691	8.94635	3.67041	3.71515	14.3337	7.35971	2.57147	22.482	4.63928	3.03375	14.4783	
7.84137	3.32357	38.2598	4.89448	3.04322	21.1843	1.91756	2.9089	5.23399	8.63225	3.13868	27.8787	6.98273	1.94415	27.3592	2.13207	2.35822	5.17103	2.23283	2.4661	6.96815	5.78543	2.70139	15.1733	10.9258	1.23357	30.3795	6.4133	3.15207	22.1799	7.86356	3.01633	34.0713	6.48838	3.09583	19.3607	7.24854	2.35433	30.5989	8.27345	2.63446	30.4683	3.86217	1.84522	15.9429	7.88945	1.08794	21.3136	0.954479	2.5046	3.89538	6.09302	3.77754	29.5649	9.87703	3.31309	34.3426	7.05595	3.15255	28.6279	
5.68704	1.3495	16.6162	0.899327	1.64632	4.21287	2.39032	3.29894	9.52555	5.72985	3.4812	21.3745	6.3178	1.95141	13.9605	5.75455	1.20489	16.9038	2.04426	2.76659	8.85783	6.82065	2.48007	33.0038	7.50966	1.4574	31.8339	4.62757	2.18152	13.9728	4.25508	1.71532	14.1141	2.46114	2.66746	5.39798	3.75712	3.62109	10.2887	5.86532	2.30937	23.8198	3.45153	1.40305	11.043	5.04105	2.92926	23.3599	5.22083	3.85872	22.827	5.96117	3.76819	25.5988	7.69584	1.99644	35.8332	6.78288	3.91411	28.5736	
3.49513	2.58705	17.4373	3.03315	3.29857	14.7012	3.07963	2.24143	8.11661	4.42217	1.8899	11.1235	3.10047	3.42108	15.3886	4.43962	3.62054	11.7788	3.24148	3.02048	12.62	3.56748	1.46978	17.0163	6.86374	3.47668	23.0908	2.06585	2.00581	10.0499	4.22758	2.97046	11.8319	3.78375	1.03863	15.0466	3.61195	3.44036	8.92448	3.94418	1.00089	9.9213	0.561062	1.19838	1.57609	3.70635	2.31896	18.4592	4.95276	2.51951	17.3167	2.60445	3.62995	11.7324	5.53416	3.81189	25.5021	3.47213	3.04934	11.841	
1.8585	2.55959	8.76485	3.22257	2.30929	11.3175	5.3273	2.27542	22.9031	1.68965	2.83618	4.00798	3.7256	1.04943	13.9319	7.40846	3.54213	33.7648	5.27234	2.00021	17.5671	5.70026	1.9046	18.9201	3.93081	2.47284	16.6457	1.74576	2.3777	6.38072	1.47766	1.25334	6.98281	2.43931	1.18252	8.16319	1.05558	3.87662	3.03954	1.84934	3.9873	7.91161	3.53761	3.15817	16.9658	0.96504	3.88169	3.77526	7.75421	3.18021	35.2654	4.08772	1.18707	10.0258	3.66614	2.78593	16.3811	4.39985	1.08024	19.7065	
4.52447	1.6786	16.3746	7.0603	2.14214	24.9735	9.67813	3.84495	21.6253	3.08497	2.97862	14.4711	6.94002	2.88531	18.9346	11.8577	2.77158	38.9309	9.5545	1.31396	37.8205	9.46124	3.92479	23.7963	0.570365	3.72813	2.10082	5.6854	3.87523	13.5476	3.70376	1.13963	12.6904	5.55129	3.16422	19.7825	4.26182	2.77102	14.7614	3.95207	3.05696	9.03253	7.97922	2.68596	25.5783	3.73369	2.50554	13.4733	12.2155	2.51604	32.1873	7.74705	3.74829	30.6724	3.93066	2.71803	15.3548	7.57225	3.97779	17.3454	
2.52509	1.63344	6.6754	4.4547	1.08886	12.7068	6.95002	2.16002	27.2388	1.09016	2.98827	3.39861	4.93513	2.81775	15.8653	9.17336	1.88937	33.1306	6.8423	2.24993	27.4707	7.22056	3.93112	19.5679	2.22467	3.02577	10.0118	3.24505	1.16274	8.94666	1.1821	1.36507	3.20765	3.11625	1.27021	13.004	1.5971	1.22825	7.79792	2.08734	1.49673	7.09539	5.30263	1.45623	25.7398	1.27337	3.8395	4.81596	9.4801	2.02126	47.2149	5.53104	1.57885	23.8652	3.3405	3.98612	7.22611	5.61844	1.10351	17.1909	


# This instance was randomly generated with the following parameters: 
# SIGMA_MIN=1
# SIGMA_MAX=4
# CAPACITY_OVER_DEMAND=5