8	16
58.9876	1199.22	140.217
58.4939	1010.91	91.5353
91.7485	604.172	33.3885
35.7009	1257.98	145.629
58.843	1113.89	123.59
101.407	659.517	40.0809
133.356	1082.04	107.001
156.818	1127.68	121.986
5.47725
1.88417
6.14879
9.98429
5.21082
5.09298
0.174785
2.948
4.91808
5.1288
11.6935
4.64847
3.09736
3.04886
2.68139
8.20524
2.54856	2.2275	10.088	3.56976	2.3378	9.78738	5.90221	2.59901	16.5177	3.63052	1.93034	8.77851	0.222729	2.92173	0.990177	8.91914	3.06788	44.5363	5.92201	1.92916	28.5854	9.29007	1.0636	39.217	6.63868	2.38133	32.507	7.23404	3.16683	17.9362	5.48531	1.44014	13.0296	2.27835	3.16731	8.11074	8.77244	2.16298	25.034	4.83715	3.82338	10.1696	4.96257	3.93221	22.6847	1.08934	1.77247	4.33552	
3.19851	1.94196	11.4863	2.79859	1.79468	6.18599	1.21837	2.57363	5.5341	7.15063	3.33832	33.7764	4.70962	2.12459	15.8719	8.84042	2.56545	21.964	1.23665	1.18959	5.25057	8.51956	3.78794	24.3265	8.37387	3.82649	28.0819	3.34012	2.9912	10.8127	2.06707	2.18064	4.58741	6.52678	1.70526	25.1464	9.07225	2.61661	33.5582	8.39129	2.5228	20.7519	0.480637	1.47048	1.34166	4.74682	3.56954	19.1023	
3.58321	1.91075	11.9257	2.30113	1.6959	8.6096	5.5809	1.14745	22.036	2.77346	1.38416	13.1129	1.58594	2.16554	4.00604	7.13799	2.16787	27.3785	5.5499	3.54891	26.602	7.51012	3.5929	23.3221	5.05529	1.88815	15.5622	6.20042	1.73133	21.2935	4.50068	2.88569	10.333	2.25994	3.30186	10.4807	7.01008	2.17918	28.8765	4.03906	1.7263	15.1449	4.519	1.23691	21.8271	0.803329	1.60029	3.21387	
3.87075	3.23196	13.7847	0.337251	3.37217	0.9586	4.06377	2.9713	11.5837	4.36188	3.93804	13.5962	3.21556	2.99727	11.147	6.38517	2.58022	16.6706	3.99077	1.95785	12.2524	6.42277	2.13545	28.7424	5.34633	3.64916	23.1955	4.22681	1.64775	13.2413	2.56786	3.36035	6.14897	4.22498	3.80271	20.9329	6.45779	1.74133	20.7759	5.52645	1.98834	13.5711	2.99398	2.81991	6.84284	2.69849	2.36287	11.4941	
9.13479	1.84862	41.6522	5.60906	2.31299	25.4765	8.94517	2.16079	28.8815	5.08429	1.3723	22.1099	7.31154	3.88682	28.9127	1.78754	2.2975	5.31674	8.81734	1.45251	23.4498	2.89912	3.02288	8.68069	1.73894	1.00555	5.33184	7.41312	1.3502	21.1215	6.73919	2.04857	23.3948	6.48326	1.84764	30.7865	1.32854	1.48765	4.83884	5.08617	3.3448	19.4109	8.02721	3.86583	18.7697	6.44378	1.0474	22.8883	
2.5347	2.14732	8.68578	3.48436	1.04271	15.7343	1.75734	3.43506	6.87101	7.41315	2.20616	20.5782	4.58155	1.43262	21.8167	9.75577	1.36138	25.7133	1.86458	3.49761	6.56873	9.49671	1.01671	39.3528	9.03049	3.50649	36.4606	4.32854	2.10876	17.2369	3.11018	2.50222	8.41454	6.57108	2.96371	17.0019	9.94816	3.78578	38.3216	8.67969	3.42519	31.2038	1.51237	2.62698	3.86719	4.80926	2.02575	12.6719	
1.73285	3.79563	6.75743	2.24085	2.37325	5.04445	3.15362	1.96913	7.97436	5.55232	1.44182	16.2949	2.78537	1.50494	8.92176	8.67881	3.7151	37.0451	3.17888	2.25362	9.74906	8.65046	2.46081	30.4806	7.45005	1.66725	17.4019	4.8438	3.17778	23.813	3.17621	2.3139	10.2046	4.70714	1.4271	21.281	8.75722	1.97414	33.5457	6.82234	3.31979	33.7551	2.25796	1.94541	9.9375	2.93726	3.30384	8.31014	
5.76449	3.9647	22.9891	4.39789	3.70171	16.2641	7.97434	2.91819	21.5849	0.324448	3.51654	1.06557	3.13821	2.31183	14.7315	6.7963	3.35655	26.0915	7.92999	3.81755	31.2357	7.56767	2.40873	19.2205	3.74144	3.10065	7.87596	8.18375	2.1277	33.2062	6.61146	3.35854	26.0182	1.46095	2.58726	7.20836	6.43083	3.61292	29.7077	1.59551	3.14042	3.72646	6.89966	1.85317	26.2925	2.44955	3.24782	5.0947	


# This instance was randomly generated with the following parameters: 
# SIGMA_MIN=1
# SIGMA_MAX=4
# CAPACITY_OVER_DEMAND=10