10	20
14.8735	936.366	75.4735
92.0459	729.682	44.5869
175.482	859.847	65.8675
176.672	691.265	44.0397
1.84367	1160.52	129.559
31.7898	882.55	72.8777
14.9943	708.821	44.0803
56.0808	539.553	28.4455
25.8847	702.727	42.643
96.4255	1197.79	123.895
5.08798
2.35298
5.65253
5.34351
1.31365
2.29878
4.64952
0.701625
1.79997
1.31074
4.63959
3.91969
5.10896
1.10053
4.0993
5.66414
0.613879
5.32161
0.472871
5.69496
4.73337	1.06241	13.6967	8.80078	0.742284	31.6274	2.39727	0.585503	6.77458	4.63657	1.09068	22.529	5.67804	0.970866	23.7721	4.57458	0.771658	22.368	4.23439	0.994578	16.3341	7.70459	1.17727	23.6359	5.30098	1.6328	21.3957	5.65884	0.825526	13.8562	2.55044	1.27334	8.74177	5.33274	0.820009	20.2597	3.10324	1.93803	7.60129	5.99468	0.79579	22.8084	5.69316	0.90554	22.909	6.40522	1.96185	15.2938	7.52752	1.62146	22.0955	5.14931	0.912654	16.7698	1.29111	1.2023	5.58655	4.06039	1.02603	16.6807	
6.1771	0.880621	18.8725	8.88953	0.64807	31.2882	3.83659	1.98441	9.22442	6.03912	0.773983	15.8815	7.28543	1.77916	26.5306	6.04271	1.1601	25.5824	3.25493	1.85571	11.0328	8.61255	0.870622	26.3796	6.89936	1.4763	30.3866	7.30531	1.83693	29.0857	3.76648	0.50506	10.3407	6.90503	0.793411	24.6126	4.72562	1.41135	13.645	7.63681	1.31775	25.6037	7.34633	0.505015	23.5571	7.59269	1.65696	18.8146	8.34308	1.14066	39.8333	6.46469	0.695307	30.7225	2.57866	0.894384	9.80822	5.56112	1.96015	17.7805	
0.96566	1.9205	2.71815	11.3616	0.631184	55.4485	3.83713	1.63605	12.3218	4.50967	1.38155	11.6263	3.55278	1.96684	10.0161	4.12335	1.91344	17.8426	8.45438	1.8621	20.103	8.48652	0.926313	21.2845	3.4407	1.95828	10.1016	1.84735	1.12508	5.67868	2.56958	1.47395	10.82	0.973923	1.10728	4.42783	1.36961	1.903	6.51764	2.0475	0.566727	4.52395	2.05582	0.959783	9.97036	6.53748	1.28256	26.1775	8.61088	0.908762	32.3594	1.8257	0.611572	6.51815	3.40614	1.67505	7.77087	0.596928	0.509316	2.38785	
4.51589	1.31291	16.1561	9.26548	1.44517	20.4403	2.7328	0.513747	5.98587	4.95575	1.4112	18.7269	5.85234	0.755718	12.3589	4.86301	1.42643	14.2174	4.5508	1.93341	9.14733	8.1321	1.56304	19.7221	5.4877	1.58902	18.206	5.6479	0.858409	13.3069	2.20973	0.869716	10.1651	5.2127	1.44931	24.9302	3.05007	1.24927	11.7688	5.97194	1.01182	19.1493	5.70539	1.21573	12.6981	6.78378	0.931561	14.4854	7.96709	1.56424	23.7757	4.86865	1.76212	14.7225	0.948607	0.649955	2.46098	3.8788	1.54879	12.8445	
4.69241	1.69137	22.481	8.12378	1.87082	21.4555	1.42347	1.18591	5.49768	3.66153	1.88571	12.5439	4.85815	1.18712	23.589	3.62493	0.99004	17.1233	4.32148	0.7279	9.64107	6.74406	0.653087	29.5714	4.46734	1.65146	21.2111	5.15327	0.981206	11.58	2.92234	1.44464	12.2945	5.05606	1.12399	19.0829	2.78139	1.5417	11.3609	5.50571	1.28873	19.6029	5.14313	1.51816	14.8431	5.41027	1.88444	21.2968	6.58981	1.60745	21.2567	5.25065	0.788273	25.4373	1.83579	1.52287	3.70414	3.96184	0.500552	12.428	
2.59519	1.17955	6.30188	9.62569	1.47304	21.2436	2.02499	1.41738	5.27715	3.19071	0.664483	8.16139	3.17455	0.835325	15.8283	2.88757	1.09032	5.92606	6.73361	0.521084	27.1706	7.10691	1.88964	21.5526	2.87595	0.855527	11.6827	2.77766	0.663189	10.4436	2.26612	1.98315	8.01108	2.66919	1.42774	12.5566	0.522621	1.24555	1.88976	3.11914	0.890871	12.5665	2.80923	1.53875	13.7989	5.28913	1.16371	17.1907	7.14836	1.14126	16.129	3.34686	1.98494	11.7938	2.34691	0.675551	8.6907	1.85524	1.56762	8.96937	
9.07802	1.96582	21.1494	3.64301	0.947102	17.9713	4.80848	1.59306	20.5262	3.74579	0.903777	10.1098	5.68497	1.30937	13.1056	4.16431	1.92432	15.4938	6.28287	1.66783	15.9707	1.45056	1.60333	5.0447	5.44292	0.821729	25.7889	7.76342	1.81976	17.5873	8.38932	1.97173	37.0246	8.62859	0.696819	19.0968	7.09855	0.930497	15.9109	8.06283	1.6445	34.6568	7.54178	1.93639	28.6548	2.38261	1.34438	9.65219	0.988386	0.7894	3.98083	9.89129	0.593422	32.9641	7.55497	1.7883	21.2989	8.38442	1.81549	17.4719	
4.45072	0.635546	17.7856	9.84989	1.98565	44.454	4.14226	1.09866	15.1458	2.78348	1.24931	11.0429	0.625683	1.46493	2.81767	2.43129	1.34936	10.9598	9.20886	1.89947	26.1595	5.99868	0.885722	21.8743	1.01115	0.80885	3.47273	2.054	1.6654	5.52245	5.63233	0.560915	17.3941	3.36199	1.1002	11.0478	3.65018	0.888246	16.4007	2.19535	1.17367	5.36245	1.76901	1.00662	8.62341	4.00849	0.522608	10.4107	6.31479	1.58339	15.0223	5.27431	1.69235	21.2692	5.84785	1.74148	22.9141	4.12591	0.968752	19.5187	
6.46066	1.14317	27.7167	8.93079	0.986115	29.9789	5.05217	1.42676	19.7917	2.96442	1.31476	9.41265	2.0257	1.85697	9.33053	2.86114	1.64955	11.8724	9.67005	1.99332	43.3094	4.65106	0.983633	13.9185	2.25911	1.39503	11.0947	4.08209	1.31135	9.31092	7.37435	1.7361	15.5204	5.39576	1.57824	20.9937	5.39736	1.76601	12.7493	4.19277	0.66658	11.0861	3.79708	1.685	10.6148	2.93073	1.36411	11.9081	5.08929	0.640549	10.7189	7.29508	1.34282	15.4162	7.35412	0.700487	33.264	6.07983	1.01045	13.9164	
1.2457	1.40449	4.46534	11.6629	1.53114	40.7712	4.28123	1.3058	19.4535	4.62923	0.853163	9.47188	3.34559	1.97707	10.1299	4.22185	0.656667	20.0143	9.05775	1.60288	18.2766	8.56066	1.80443	22.2811	3.31322	1.82178	8.47578	1.30681	1.59278	5.66056	3.2654	1.34288	9.81107	0.324991	1.66742	0.87304	1.9593	0.873847	5.37572	1.42874	1.31688	5.12325	1.56174	1.10533	4.92413	6.57151	1.24299	31.0848	8.72972	1.78982	20.5301	2.0327	1.09523	5.82668	4.10281	1.4055	12.0032	1.24476	1.46422	4.20743	


# This instance was randomly generated with the following parameters: 
# SIGMA_MIN=0.5
# SIGMA_MAX=2
# CAPACITY_OVER_DEMAND=10