9	18
36.6736	1129.57	105.935
53.1756	681.525	39.5689
90.7104	937.59	84.2342
50.6713	758	53.4877
4.16618	970.666	78.8508
5.83946	1207.59	133.971
100.64	493.811	21.7878
176.591	1108.94	115.061
65.2511	630.645	34.6858
9.34207
0.661272
15.6547
6.20022
0.569632
4.18324
10.6137
5.18944
9.73709
13.1939
6.75519
11.3474
14.4629
0.783072
12.1979
6.24488
2.2878
4.09208
6.32241	1.21143	13.5388	0.611094	0.558855	1.71937	4.82989	1.2209	14.0414	7.16134	0.882839	35.7578	3.50665	0.676119	14.0731	3.05258	1.69848	13.1244	2.2731	1.97128	10.6064	3.53859	1.12301	12.8985	2.42321	1.9918	10.8281	4.71108	0.643968	13.5175	4.96093	1.28314	22.5149	6.4581	1.08781	29.3384	3.34654	1.67366	8.23417	6.76405	0.853691	14.9275	4.30035	1.70444	14.0357	4.41977	1.62487	17.6967	4.3219	0.800765	15.3212	2.65608	1.31293	9.99434	
7.21617	1.60349	14.4635	1.56645	0.615361	7.23297	4.20567	0.831547	16.199	9.11349	0.963042	23.4601	5.00498	1.94783	17.4911	1.89747	1.32534	7.6702	2.57226	1.53826	6.90507	4.76531	0.828424	11.2337	3.02796	1.91897	9.63928	3.06537	1.34751	11.3632	6.57403	1.48236	30.0624	8.41077	0.577197	17.2232	2.744	0.700977	7.40282	7.46856	0.777543	19.1225	6.29092	1.08244	17.8908	4.07441	1.40335	13.3062	3.185	1.82308	7.5629	3.92406	1.67004	13.7763	
0.462005	1.00326	2.1469	5.72726	1.7363	21.8133	4.62046	1.37887	9.72065	6.15473	1.95337	16.2583	8.27834	0.780302	20.4886	8.61215	0.920748	18.5603	8.15429	1.15932	34.6091	8.72885	1.75281	22.4306	3.80706	0.992071	8.62665	7.07031	1.80338	28.7931	9.04786	0.837599	42.5142	5.73688	1.27658	28.1387	4.81737	1.50254	13.6824	1.18207	1.39689	2.71432	6.52833	0.651021	21.0001	4.02153	0.506724	16.3623	5.74092	1.5308	16.5959	3.24017	1.79682	15.9831	
5.97215	0.519544	27.9053	3.48599	1.06747	10.7142	6.77292	1.70846	24.2273	4.29414	1.48036	13.8346	2.96019	1.06711	6.75153	5.76072	1.27423	12.7961	4.28936	1.30663	18.8273	3.5928	0.850692	8.12741	3.92762	0.50244	19.5207	7.47229	1.7751	31.9159	3.52999	1.93259	17.5699	3.60311	1.1249	15.4517	5.57589	1.54703	17.7208	6.66491	1.13314	29.514	1.44645	1.50983	6.83093	6.16941	1.27538	26.5379	6.7666	1.51369	30.729	3.0118	0.989218	12.7686	
6.92457	1.52887	24.2637	2.6185	1.92982	11.9291	6.6167	0.508265	17.2557	5.82799	0.759594	18.8052	1.85957	1.98846	5.43434	4.31616	1.3138	15.3384	2.73237	1.88479	11.372	2.27093	1.30323	10.9172	3.88112	0.819578	17.8989	6.72609	1.49598	20.1757	3.06443	0.986401	12.0762	5.14951	1.39573	11.4612	5.21657	0.84351	25.5271	7.52997	1.35537	20.4419	2.49199	0.815985	7.68552	6.11129	0.941391	13.5761	6.28266	0.693358	15.0605	3.42943	1.06424	16.6391	
5.3082	0.506693	14.0974	2.56685	1.18774	5.92019	5.68201	1.0962	17.8621	4.99186	1.269	19.8099	3.43254	0.78876	8.62855	5.15872	0.951946	17.3642	3.9406	0.598923	12.5058	3.90561	1.88334	14.5719	2.83552	1.44251	6.92916	6.42824	1.48047	30.5655	4.34932	0.868057	11.1388	4.28858	1.20106	16.4365	4.48339	0.744619	16.3829	5.93862	0.907253	28.6114	2.5411	1.9706	6.21272	5.08601	1.60613	19.0904	5.68074	1.2211	16.6211	2.00197	1.73353	5.29542	
3.50096	1.46711	15.2243	5.37218	1.55145	23.4622	6.58667	1.42767	25.1486	3.13309	1.53446	6.50785	6.22774	1.71413	12.808	8.23973	0.598755	21.0336	7.15449	1.86263	17.3917	6.8596	1.27211	33.6884	4.34644	1.89966	14.274	8.35916	0.621935	41.4008	6.5639	1.41759	30.4159	2.62827	1.25862	12.6789	6.03314	1.60521	14.2679	4.29429	1.01448	12.5947	3.78066	1.6738	9.30243	5.90085	1.87682	14.7301	7.23397	0.673826	31.4691	3.11202	1.75867	13.8183	
5.0221	0.692806	21.6594	3.47799	1.19305	15.768	6.18896	1.37861	21.1	4.0706	1.51663	19.3193	3.87276	1.07229	17.3281	6.09266	0.966442	29.4482	4.81609	1.80241	20.0133	4.4609	1.95515	13.2655	3.39355	1.66909	9.68101	7.20631	0.618684	23.1091	4.48017	1.86167	9.69388	3.36838	1.16877	14.5902	5.13188	0.613355	11.177	5.72353	1.51436	19.0835	2.12147	1.99671	8.74216	5.55058	0.504912	15.8093	6.35821	1.49579	16.8886	2.30282	1.6329	6.04116	
1.67453	0.700324	7.55083	5.93936	1.06025	22.4517	5.77678	1.69573	11.8653	4.76522	1.48023	13.9039	7.76849	1.23485	35.8151	8.89363	1.41648	34.5699	8.14572	1.18738	20.6937	8.31656	0.542983	26.5586	4.31193	0.782201	9.32826	8.01634	1.68745	35.4811	8.31423	0.776059	25.6829	4.39592	1.5849	18.3351	5.67764	1.66252	21.2497	2.46064	0.500504	11.3776	5.61671	0.592835	25.8216	5.12711	1.94577	11.0629	6.74084	1.28557	19.9724	3.36426	1.49914	12.2341	


# This instance was randomly generated with the following parameters: 
# SIGMA_MIN=0.5
# SIGMA_MAX=2
# CAPACITY_OVER_DEMAND=5