9	18
129.981	1301.57	153.237
122.498	1186.51	124.926
155.333	991.914	90.5064
147.978	1219.55	134.902
109.887	901.449	75.7331
91.0575	1253.18	130.205
56.384	626.084	36.993
60.6457	1054.76	96.8138
68.7214	876.751	66.6981
1.91669
3.88999
1.00445
7.34904
9.58694
7.0358
0.472528
7.63468
3.55134
3.35252
5.42818
0.456346
9.1886
1.18744
7.0249
3.91204
8.51386
9.49609
6.61674	0.182104	32.0694	1.67531	0.16915	6.30257	2.15481	0.1221	9.49351	0.914535	0.876174	3.70826	4.78174	0.816323	23.1773	4.91736	0.250373	11.5168	5.15681	0.288374	20.4392	2.70972	0.241234	11.0385	4.92219	0.834762	12.6369	2.6137	0.871409	11.412	4.74409	0.406373	15.5739	6.44123	0.263738	25.2637	8.72103	0.758405	36.6899	5.82494	0.865505	28.3469	9.30736	0.11321	21.4729	3.39077	0.865938	10.8825	4.96844	0.285965	15.7578	2.29428	0.313986	6.32109	
5.82387	0.553096	28.2594	2.46432	0.718971	6.8198	4.9325	0.545641	11.2524	2.49817	0.213428	11.5424	5.64636	0.506028	27.1205	3.51514	0.310866	14.1654	2.25671	0.589659	8.69052	3.74812	0.850943	11.7306	4.51093	0.999632	21.2162	2.84814	0.330155	9.98899	6.03788	0.294252	24.9504	5.26832	0.620687	13.0679	6.49974	0.744154	14.1101	2.93955	0.255686	10.1866	7.49407	0.457591	27.5762	5.17614	0.537751	25.4373	5.67109	0.748057	20.5347	0.739531	0.75136	2.21947	
6.04919	0.555968	27.9681	2.42043	0.73402	9.1652	2.91473	0.767961	8.55902	3.33453	0.38115	10.1877	3.17644	0.227119	12.5861	5.19744	0.364966	16.714	6.97567	0.570746	17.2536	1.9376	0.261843	7.49009	4.39234	0.561611	17.9364	2.73623	0.417829	12.5924	2.78113	0.13668	10.7825	6.21917	0.775655	14.1166	9.21032	0.297062	26.5095	7.40853	0.485951	27.5813	9.34799	0.103928	42.8077	1.29656	0.480712	2.77535	3.46149	0.556843	9.80597	4.0505	0.693742	17.526	
8.27931	0.49867	31.6226	3.55921	0.701464	17.3759	0.29067	0.463972	0.689875	2.51305	0.395942	5.94158	5.77384	0.759198	28.6946	6.86384	0.251087	33.8733	7.14817	0.607778	30.8315	4.07133	0.432366	11.5347	6.56117	0.983327	21.4689	4.38687	0.72135	11.1994	5.42516	0.311397	25.719	8.24921	0.980339	25.1004	10.7625	0.85632	29.0829	7.87951	0.621872	26.5839	11.2401	0.911458	33.7976	3.93995	0.468953	18.1195	6.03812	0.611204	28.7452	4.37669	0.73928	18.8463	
1.98382	0.387712	5.92285	3.54127	0.334223	7.76356	6.7509	0.85302	29.0843	5.73753	0.588599	14.7913	1.48116	0.276053	4.58918	2.56314	0.133874	8.16288	6.41582	0.708062	18.4013	2.47858	0.492963	5.10233	0.886124	0.527626	3.12138	2.62536	0.590428	6.98819	2.33839	0.597962	7.61752	2.45073	0.803663	10.6663	5.88799	0.441355	13.2345	6.23896	0.98705	20.5056	5.53228	0.499018	20.6434	3.09233	0.369183	13.155	1.20996	0.53786	5.34141	4.6465	0.696536	18.1351	
4.25595	0.832014	18.8767	8.02713	0.982557	28.4663	11.7104	0.942044	33.1066	9.71767	0.276955	26.7403	7.60983	0.547095	26.7749	4.72608	0.470378	19.9929	6.77307	0.517384	18.7058	7.87977	0.286305	28.3541	5.53572	0.639754	16.2472	7.24934	0.549052	32.9495	8.46769	0.290466	31.3052	3.69982	0.499269	14.0802	1.30819	0.593643	3.14258	5.82278	0.670348	14.4268	0.783557	0.280531	3.56988	9.06107	0.145445	20.1183	7.3178	0.635917	34.1966	7.71374	0.603334	31.0694	
6.61509	0.331316	28.6736	5.50582	0.465152	22.3532	8.17924	0.232329	23.9079	5.71646	0.437614	17.5712	7.93555	0.417876	36.2197	4.44284	0.539085	21.0749	1.07087	0.296214	3.03824	6.50473	0.328553	15.88	6.06778	0.10904	12.9287	5.49529	0.462836	27.3516	8.55068	0.291744	24.2873	5.758	0.983879	13.3644	4.98998	0.552649	17.7646	0.700146	0.324414	2.77763	6.53958	0.694645	23.6945	8.05118	0.963582	24.6717	7.84405	0.271775	26.8281	3.95598	0.887703	10.5616	
1.39387	0.650669	4.59537	4.96366	0.945464	24.0177	8.17037	0.48815	19.8957	7.16014	0.363818	18.4011	2.45297	0.381666	5.30476	3.26918	0.629603	15.4889	7.34456	0.134811	18.6154	3.91177	0.795932	9.35751	1.87022	0.970053	6.90068	4.03191	0.769183	18.2013	3.22943	0.239609	11.9534	2.26266	0.246443	6.45077	5.62247	0.901275	20.6154	6.99642	0.444559	33.1076	4.85624	0.220606	18.6983	4.3296	0.71221	9.31956	2.13061	0.573628	4.3009	5.94158	0.158989	20.1805	
3.91543	0.592199	17.6684	3.60152	0.386427	12.0246	7.06089	0.188945	30.9413	4.83998	0.834999	16.9167	5.24751	0.291199	17.7709	1.64455	0.144446	7.5524	2.49	0.692276	6.78694	4.16408	0.228669	14.7154	3.27327	0.386656	11.5093	3.19702	0.379427	9.94519	5.93635	0.25402	18.3072	3.13269	0.826794	6.57493	3.92274	0.629452	13.0654	2.10431	0.768267	6.86182	4.90659	0.793427	12.1031	5.70059	0.557995	24.7422	5.12156	0.949262	13.4087	2.78247	0.383638	7.89942	


# This instance was randomly generated with the following parameters: 
# SIGMA_MIN=0.1
# SIGMA_MAX=1
# CAPACITY_OVER_DEMAND=10