11	22
64.7496	808.363	54.1708
147.765	1218.03	128.323
150.043	756.105	56.2725
147.213	1185.41	125.243
164.347	741.488	52.3717
35.9714	1049.13	105.482
166.595	405.523	14.5292
91.9664	1297.21	158.414
10.4816	482.611	22.4816
74.7034	423.788	17.7059
107.446	1009.6	95.3904
32.9699
7.37985
2.34232
0.567913
7.84027
17.6177
0.0361755
18.597
24.325
10.9562
29.3836
28.872
12.9296
6.18648
24.7978
6.08411
34.7521
34.0715
34.7682
25.5108
25.4423
29.7617
4.83037	0.229344	13.2491	2.24887	0.935615	8.49308	2.10124	0.259188	7.78173	7.91722	0.720963	20.7069	1.78817	0.908744	5.4429	4.02184	0.82409	16.2172	4.9687	0.27751	14.317	6.54594	0.323696	14.5894	4.37205	0.183647	16.1575	2.28033	0.137295	9.56449	5.09599	0.433228	10.4947	7.49833	0.924979	22.715	4.1615	0.150317	8.71263	6.01535	0.787572	24.2	6.80932	0.204207	14.8654	6.98951	0.401599	23.0426	8.40411	0.778981	20.5591	1.55897	0.206149	6.20427	2.02626	0.420829	7.58091	6.80743	0.110925	21.2149	3.22399	0.892936	9.34516	3.22408	0.580559	15.0783	
7.90827	0.447113	38.979	3.60571	0.56047	15.9086	4.37583	0.855408	19.1506	2.94878	0.143006	13.6634	6.00976	0.354151	24.6662	3.27558	0.47262	15.3313	4.68806	0.966679	12.9127	1.54316	0.276805	4.30764	1.7428	0.703749	7.65602	3.56012	0.32344	12.5611	1.24125	0.226267	3.18262	3.66174	0.255896	9.66575	2.76738	0.499106	8.0292	0.855785	0.498184	2.154	3.53102	0.218706	11.0392	2.25482	0.716903	9.57453	3.91267	0.934464	13.1958	4.95398	0.110967	24.345	4.48843	0.681698	16.9426	1.98336	0.429259	4.78235	5.83843	0.500073	16.177	2.79327	0.462081	12.075	
2.9819	0.659349	12.6	4.59925	0.67097	15.727	3.60974	0.805929	7.76664	5.5354	0.70938	22.3915	7.01378	0.943343	28.1095	7.00963	0.112664	34.5254	8.65133	0.785134	29.6172	5.09251	0.82183	20.753	4.34834	0.862443	19.4659	4.7663	0.946876	16.8715	6.22294	0.230813	21.1372	9.29805	0.812238	35.7621	6.7081	0.739442	22.2652	5.21172	0.361082	13.6879	8.94228	0.936273	32.7232	8.02622	0.350253	21.8721	5.27978	0.504669	22.0574	6.15226	0.542822	15.3565	3.62058	0.494022	12.3368	7.75538	0.573014	17.28	2.36497	0.200898	7.62537	4.10984	0.722028	13.5065	
3.62412	0.373991	11.563	2.21437	0.85143	6.66641	1.28523	0.268997	3.70038	5.26034	0.139395	12.3987	4.73148	0.313723	23.1024	4.71502	0.281318	10.1309	6.31512	0.408468	19.3486	4.21604	0.371304	12.3496	2.57578	0.206959	6.05653	2.38379	0.278389	8.72205	4.31213	0.735592	8.77411	7.38324	0.862874	22.1945	4.47129	0.227944	11.4415	3.99333	0.588778	11.9214	6.91936	0.545911	33.3882	6.29184	0.19356	17.8686	5.47639	0.790721	25.4475	3.80004	0.42058	17.7355	1.32721	0.11141	5.49387	6.03488	0.580498	27.8277	1.54951	0.133695	3.70591	1.89732	0.384593	8.47606	
7.39073	0.253812	18.7759	2.27753	0.556903	10.0892	3.4176	0.694721	13.8658	6.94323	0.337283	23.1753	2.16047	0.504179	7.80986	1.14775	0.51052	5.43092	1.98425	0.999499	7.97086	5.43691	0.727965	21.7405	3.54297	0.670608	8.84113	2.10805	0.504089	6.35668	2.9998	0.817515	13.2194	4.59769	0.252902	18.3157	1.52832	0.958232	7.06347	4.72706	0.828363	12.3338	3.86382	0.474814	17.2311	4.42511	0.619637	21.1736	7.74841	0.952221	37.794	1.515	0.596423	6.99142	3.45709	0.355666	17.1831	4.31441	0.646345	17.818	5.34911	0.336432	11.1836	2.94136	0.894493	7.41528	
4.5452	0.391224	19.4874	3.53437	0.508119	13.5634	3.01034	0.267758	8.18785	3.79447	0.970352	12.2199	6.35725	0.256707	15.6839	5.52979	0.334983	12.5787	7.21536	0.17667	27.046	3.15404	0.239905	13.8022	2.56692	0.909087	8.88209	3.66851	0.971976	18.2011	4.41526	0.200506	12.06	7.44014	0.987054	36.5355	5.15103	0.480468	15.1699	3.25287	0.964661	10.5181	7.14399	0.786155	30.6387	6.11719	0.867167	14.9287	3.79464	0.830687	11.1268	5.32983	0.211187	11.2155	3.08072	0.46877	8.35653	5.8452	0.16183	16.3042	2.98192	0.852028	7.42369	2.71415	0.410063	8.72419	
6.99598	0.569125	22.2942	2.25682	0.653395	7.14284	3.21644	0.798829	10.0878	7.45832	0.259235	35.0085	1.37373	0.415127	3.27572	1.93372	0.223531	8.21555	2.55346	0.404691	12.2016	5.95729	0.773743	18.3564	3.93064	0.270069	9.14146	2.11313	0.664609	10.3182	3.68037	0.474318	9.90831	5.3809	0.809495	12.874	2.28108	0.658203	8.85935	5.27225	0.355445	20.9934	4.6418	0.219216	16.2969	5.20166	0.429547	19.5312	8.20374	0.806227	20.2153	0.86869	0.208562	2.23859	3.23077	0.633382	7.26959	5.08256	0.464315	20.0524	5.05225	0.213926	24.7985	3.12884	0.922419	12.9748	
8.38074	0.201738	25.6868	3.36196	0.444574	10.5018	4.44252	0.249162	10.0567	4.4596	0.190116	19.5406	5.11654	0.937123	24.0312	1.9773	0.567201	5.15643	3.19659	0.955153	15.1861	3.06934	0.316488	8.78768	2.37744	0.676166	7.0655	3.24894	0.783325	9.09149	0.502474	0.682598	2.45497	2.59538	0.654641	7.58296	1.51556	0.742785	4.22747	2.35997	0.785309	5.85891	2.22995	0.116752	8.192	1.62704	0.401681	6.82396	5.4392	0.180489	20.4367	4.1814	0.72137	17.1217	4.54358	0.795929	10.3885	1.42521	0.577529	3.04495	6.22257	0.967359	21.2797	2.9506	0.108613	6.19445	
5.45716	0.604065	20.7382	5.73863	0.357876	13.4223	5.1681	0.81335	11.2121	3.79449	0.865435	15.9855	8.55778	0.483073	40.0051	7.57364	0.428753	30.3253	9.25703	0.65565	21.1576	4.02892	0.265645	10.7596	4.47613	0.654125	20.025	5.86927	0.321133	12.4202	6.15311	0.865497	19.1332	8.95471	0.466726	22.6265	7.15074	0.328552	22.9378	4.48296	0.371838	10.2089	8.79802	0.496965	41.6742	7.5129	0.511855	32.723	3.18465	0.198003	6.45404	7.53677	0.619449	18.5752	5.227	0.252817	14.1183	7.24752	0.420534	21.1078	4.63192	0.225544	11.7592	4.87576	0.570928	14.086	
11.0863	0.475678	45.4107	6.19381	0.82335	15.1142	7.25204	0.716593	24.4393	5.12317	0.784642	14.164	7.66091	0.462699	30.7086	4.35389	0.172028	13.0531	4.69185	0.384246	16.8719	4.36145	0.622464	18.6928	4.90187	0.71052	12.0047	6.07991	0.415822	18.8552	3.23419	0.67071	14.7682	1.42007	0.266579	3.51813	4.06065	0.301489	11.6403	3.96779	0.5037	9.60252	2.05404	0.481754	7.77522	1.20727	0.861007	3.42611	6.17839	0.936451	28.6063	6.85441	0.145486	23.1121	7.35603	0.554805	19.0668	1.44092	0.557184	3.92652	8.95574	0.449713	20.3663	5.71265	0.447289	20.637	
3.88322	0.599622	18.2105	4.39566	0.704413	12.0777	3.60605	0.43051	10.9889	4.58512	0.718288	13.25	7.05124	0.41381	23.7842	6.60206	0.839535	24.6396	8.27757	0.446805	32.4051	4.20378	0.764466	19.5294	3.72561	0.546624	11.1175	4.54908	0.489556	19.739	5.58542	0.348361	18.2401	8.61659	0.105111	41.2763	6.25064	0.96341	24.4341	4.38554	0.824669	12.484	8.31523	0.77444	29.3147	7.28905	0.933421	19.803	4.33734	0.182755	20.0198	6.09759	0.805244	24.4223	3.64598	0.880679	12.5339	7.01694	0.753547	26.4044	2.86573	0.316696	12.74	3.72022	0.90633	13.4958	


# This instance was randomly generated with the following parameters: 
# SIGMA_MIN=0.1
# SIGMA_MAX=1
# CAPACITY_OVER_DEMAND=2