12	24
78.62	931.631	78.5219
89.1374	696.465	43.9427
91.8188	982.85	79.9543
147.047	1275.51	159.889
7.0211	405.663	14.7067
57.0571	562.528	29.8982
55.6697	772.582	51.6561
162.892	641.128	38.486
107.459	808.357	58.1876
0.0544855	814.997	58.0324
115.194	1106.68	119.891
0.00284693	1124.51	124.259
0.351677
3.55362
3.60621
0.745604
0.836294
1.41635
6.11484
4.58901
5.1762
6.75501
6.98926
4.99115
0.251408
1.68297
1.1089
5.2014
3.512
0.419101
6.53846
3.88169
4.75974
7.18731
5.37487
0.69943
3.89166	0.736367	7.85694	3.30601	0.420451	11.3855	0.867746	0.774951	3.21126	1.31856	0.48328	2.81008	4.95715	0.578341	19.293	4.84657	0.759653	18.182	6.07834	0.685037	17.3461	7.26317	0.824288	14.7616	1.33518	0.332587	6.44925	6.39776	0.903203	29.118	2.51316	0.244047	5.81312	6.76675	0.58115	24.2292	3.65602	0.424357	17.3652	6.86509	0.16941	13.815	7.42488	0.38182	22.8193	2.3355	0.892982	8.50905	5.04702	0.352296	25.1552	8.88726	0.63942	26.9802	2.518	0.635736	10.8081	2.90109	0.98961	12.1398	4.72313	0.703649	22.569	2.01456	0.821398	6.66847	4.39989	0.367039	21.0052	6.05947	0.287192	20.3495	
3.29521	0.619536	10.8698	3.68556	0.752638	11.5342	7.08255	0.388011	28.7463	5.64535	0.199856	14.7917	5.29217	0.686482	18.4153	4.68242	0.948554	21.3183	4.10254	0.366058	18.938	6.70106	0.745882	17.3217	6.81426	0.717865	19.0076	3.40935	0.512431	12.2486	5.69367	0.573188	21.5568	7.79281	0.344669	23.0812	4.2767	0.320923	8.62341	3.9862	0.943608	18.1487	1.32574	0.897623	6.29036	8.43371	0.937007	38.1648	3.68368	0.77073	14.5242	2.01885	0.873695	6.54502	7.62991	0.798459	28.4575	5.43883	0.391145	15.9145	2.82849	0.596764	9.16841	5.18951	0.661414	10.6432	4.64577	0.945631	15.9891	7.12771	0.626269	16.4984	
2.16112	0.239268	9.45231	1.50476	0.664584	4.67991	2.8506	0.216912	12.424	1.43577	0.645772	4.73563	4.47548	0.124782	14.0049	2.9612	0.827836	13.79	3.95423	0.425951	14.7112	6.86607	0.496676	31.9739	2.22348	0.328502	4.93252	4.13164	0.967935	12.6185	2.68421	0.867444	10.1819	6.94091	0.312687	23.1747	2.66818	0.280852	12.6913	4.67134	0.314576	22.7725	5.33615	0.600543	16.0591	4.42472	0.372076	13.5958	3.79252	0.118052	7.94587	6.56743	0.335626	20.4472	4.06361	0.805423	10.1946	1.62984	0.878945	4.30122	3.00595	0.547441	12.1071	0.617196	0.46888	2.78134	3.65708	0.88534	7.75976	6.15404	0.975183	18.5338	
3.78472	0.702876	14.0508	3.94938	0.812612	10.5897	7.17231	0.848484	25.9993	5.69433	0.881308	19.2259	6.25003	0.915142	21.0281	3.63057	0.53887	11.2279	2.80125	0.351916	9.19272	7.91969	0.641529	27.7582	6.45981	0.228113	15.8262	2.04922	0.994398	5.85272	6.13296	0.524051	30.283	8.86638	0.802138	38.252	4.91118	0.475052	12.0109	2.57942	0.226026	12.662	2.74567	0.695801	9.98721	8.65473	0.190603	20.8635	4.67419	0.244572	12.5421	2.43778	0.68018	7.27889	8.00287	0.966747	19.6873	4.8181	0.323348	18.0223	3.62303	0.240015	8.16016	4.90435	0.846158	17.1501	5.49971	0.90602	21.1121	8.15438	0.107544	28.1279	
1.34772	0.642342	3.05485	1.99757	0.975139	4.03686	5.15654	0.572657	22.6747	3.90222	0.408	15.0975	2.81091	0.175367	6.33643	5.08755	0.723618	20.727	5.19027	0.234795	11.8622	4.54933	0.666957	21.4798	5.58244	0.664631	23.3817	4.78264	0.424192	11.469	3.43277	0.507372	10.5762	5.40585	0.961681	14.7624	1.90949	0.575083	6.34008	5.45978	0.392256	27.1069	2.37454	0.517435	10.9587	6.29018	0.241628	18.5874	1.21501	0.974632	4.01037	4.38454	0.407588	11.3689	5.35672	0.209471	26.3552	4.86196	0.168217	14.9469	0.498281	0.950098	1.77762	4.06042	0.918446	10.6776	2.13931	0.760044	6.2867	4.69703	0.95285	11.3025	
4.91355	0.792177	13.3425	5.55566	0.839364	25.1929	8.63863	0.583805	24.5208	7.45755	0.223985	25.8431	5.06334	0.881823	14.6831	7.88655	0.328267	33.6216	7.44409	0.504927	30.3257	5.14038	0.357077	17.462	9.13229	0.142971	34.998	6.76058	0.820809	17.058	6.74908	0.531955	18.6753	6.6946	0.144049	22.3036	5.24513	0.177043	23.8192	7.32789	0.118814	18.8923	2.03259	0.542279	9.55932	9.59566	0.886189	40.7335	3.92884	0.45939	18.1824	3.52539	0.382428	17.2439	8.54603	0.511342	35.3714	8.20811	0.137268	22.7173	4.0576	0.561885	10.8176	7.57028	0.973755	25.1697	4.92883	0.357759	20.9247	6.29177	0.375816	25.4674	
5.67784	0.988774	13.4133	6.07311	0.785323	14.9433	9.46517	0.735562	32.935	8.01776	0.950001	21.8514	7.40087	0.969438	17.9466	6.32036	0.289406	17.6765	5.3166	0.879738	14.1137	8.37277	0.229431	17.1975	9.0598	0.48488	41.2728	4.51532	0.588395	16.8317	8.0659	0.639536	22.1922	9.69214	0.404135	19.6384	6.61305	0.760337	32.1213	4.83086	0.706039	19.2437	2.5984	0.95674	9.02011	10.8229	0.842283	33.9457	5.82918	0.387303	16.1473	0.373546	0.123328	1.64108	10.0057	0.886783	36.6975	7.51054	0.113717	33.9593	5.14335	0.143625	14.6243	7.4558	0.48308	24.1839	6.8615	0.668224	29.2363	9.10715	0.699186	22.133	
3.70349	0.114897	7.84542	4.06362	0.78667	9.12528	7.449	0.548171	36.7406	5.99921	0.401578	21.4241	5.7348	0.625701	17.8795	4.72796	0.690267	13.5234	4.02452	0.247096	20.0712	7.11316	0.469074	20.5926	7.08775	0.646962	15.3719	3.28898	0.641554	11.2111	6.10722	0.31915	22.4694	8.22666	0.133665	17.8595	4.70628	0.661006	14.4139	3.82042	0.75329	9.26473	1.55769	0.565325	4.28912	8.82421	0.884233	25.3658	4.12645	0.512816	18.9221	1.65637	0.349937	5.53098	8.03963	0.126775	38.359	5.6348	0.18448	16.2286	3.26522	0.551181	15.4094	5.4709	0.166964	19.5502	5.08852	0.343631	19.0952	7.56601	0.520028	16.2199	
3.19159	0.565836	9.29481	3.72665	0.229377	9.52183	5.51545	0.567842	25.4201	4.83914	0.666074	19.8234	1.14839	0.259091	4.98222	7.47733	0.603252	31.1753	7.76755	0.954396	21.9734	1.915	0.160317	7.65073	6.82444	0.100966	29.0568	7.40962	0.705948	16.7877	3.49535	0.858367	10.5165	2.90979	0.993507	13.2045	2.50655	0.704937	7.83199	8.08837	0.461854	16.7437	4.1934	0.417362	14.4562	6.02544	0.968503	26.7083	1.53115	0.434008	4.36193	6.45431	0.896083	16.4689	4.88894	0.534323	14.8094	6.76534	0.338075	20.2355	2.68327	0.21865	9.43125	5.66015	0.445253	15.7135	1.58534	0.491213	3.27629	2.32631	0.176659	9.78684	
6.34215	0.33238	23.5457	5.80639	0.203998	21.7612	2.47217	0.173941	10.3105	3.80875	0.672064	13.7315	6.71483	0.276049	22.0681	7.08594	0.203956	16.557	8.40818	0.983908	40.3753	8.71986	0.878093	26.988	3.19976	0.753531	14.8827	8.82041	0.499801	27.4399	4.42559	0.174119	18.2518	7.77721	0.513795	24.3216	5.87056	0.982923	27.877	9.22606	0.130856	21.7631	9.90772	0.20966	46.3089	2.03726	0.989622	9.63979	7.23625	0.158169	29.7433	11.4444	0.980468	41.3463	3.12687	0.220442	7.7085	5.10581	0.448064	18.7099	7.12687	0.762982	33.5163	4.50631	0.602063	15.6094	6.39158	0.701073	18.2005	7.22589	0.858606	35.972	
1.0674	0.888032	2.48203	1.133	0.660441	5.16333	3.14464	0.120165	11.1529	2.08155	0.857365	8.77034	2.15394	0.176502	7.20065	4.98232	0.196723	15.6728	5.60809	0.551035	22.3243	4.5363	0.583861	13.9506	4.01272	0.912495	18.4119	5.48512	0.897594	24.4895	1.39029	0.481734	6.94688	4.71899	0.644212	12.2204	0.351115	0.881357	1.17286	6.13724	0.696654	28.406	4.42697	0.908539	20.6109	4.2308	0.73534	17.6525	1.7065	0.967256	8.26331	6.30721	0.444688	21.3343	3.33051	0.982302	9.75484	3.95966	0.43035	8.39015	1.58659	0.617918	6.98438	2.80912	0.642666	7.00047	1.32765	0.162421	5.43512	3.92952	0.566661	11.8663	
3.95887	0.612959	15.2066	3.34779	0.874412	12.3984	1.19192	0.986029	5.01105	1.41789	0.791612	5.13438	5.18954	0.40758	16.8325	4.6101	0.699843	22.173	5.86802	0.146425	27.4606	7.51834	0.593318	19.6341	1.01145	0.886173	2.70714	6.21822	0.990013	16.2832	2.75723	0.239623	10.5366	7.06032	0.81208	24.8433	3.81383	0.235972	16.2371	6.66531	0.101071	16.2947	7.4566	0.429525	32.3183	2.62456	0.821495	8.55749	5.19724	0.646425	23.0279	8.84885	0.120994	27.0948	2.84249	0.920622	10.0985	2.64495	0.339717	8.8579	4.80585	0.567737	21.536	1.85936	0.545787	8.03759	4.59943	0.638261	13.7411	6.34536	0.151964	22.1333	


# This instance was randomly generated with the following parameters: 
# SIGMA_MIN=0.1
# SIGMA_MAX=1
# CAPACITY_OVER_DEMAND=10