4	8
91.6907	679.273	42.9933
106.649	1247.6	155.241
39.1999	991.052	97.4653
66.7252	1207.94	134.625
2.65448
6.02273
6.05769
3.42827
4.87961
5.99752
6.51889
7.4733
1.27544	0.713798	5.68359	8.46627	0.383005	28.7825	6.72061	0.354299	33.5636	5.30481	0.309126	12.3412	3.33374	0.643456	11.505	3.43573	0.783505	16.2102	3.81514	0.678678	11.9027	3.18335	0.278337	7.52321	
2.98422	0.992957	9.37277	7.49387	0.239435	32.3795	7.18469	0.595652	24.7043	6.52458	0.241821	16.3913	5.15674	0.103082	19.882	1.62436	0.214165	3.52283	3.39286	0.960339	15.1514	4.85785	0.179246	11.0833	
6.57279	0.168635	30.222	1.67917	0.212002	7.19617	4.58672	0.10888	10.3735	6.53024	0.661886	25.5868	7.78149	0.174183	30.3033	4.66088	0.846321	16.3571	3.03851	0.373251	7.12639	7.12444	0.330065	14.301	
8.44349	0.300549	25.0968	4.73206	0.255665	17.9241	2.92462	0.653119	9.43851	5.75655	0.994167	22.0292	8.42135	0.435828	34.3931	8.65994	0.86431	19.4017	5.95755	0.149682	11.9803	7.80927	0.225158	25.0474	


# This instance was randomly generated with the following parameters: 
# SIGMA_MIN=0.1
# SIGMA_MAX=1
# CAPACITY_OVER_DEMAND=10