4	8
100.345	1232.23	135.798
105.536	938.674	86.5272
98.6141	650.001	36.9695
93.9528	1321.29	150.174
4.55633
5.21972
1.06231
1.17587
7.22296
8.46652
5.49466
7.74851
10.2228	0.892694	20.8625	5.5085	1.922	11.9445	8.85948	0.523091	34.7588	4.82595	0.995888	14.2005	6.75261	1.80664	19.9904	10.7392	1.57238	53.4101	6.37254	1.40661	16.9046	4.90665	1.90377	20.8956	
8.45669	1.84232	21.6996	4.22534	1.17018	12.8061	7.13181	1.05065	20.1848	3.79311	1.30714	11.9363	5.23185	1.82453	22.3631	9.00534	1.49386	25.8183	4.61016	1.06088	15.9971	3.25154	0.528404	7.58836	
2.03219	0.908235	9.64296	5.64207	0.55841	27.6266	2.48007	0.917008	10.6007	5.5641	1.24213	21.6684	3.1707	1.63505	11.7578	3.50226	1.94774	10.4945	2.2632	1.50795	5.55657	3.65233	1.21812	17.6462	
2.75099	0.976701	10.6123	6.28095	1.92498	27.0484	3.53154	0.539848	10.8647	4.93204	0.50824	11.3301	2.35059	1.00335	9.56898	4.46587	1.62133	13.4784	2.76787	1.92574	11.7134	3.39097	1.11329	12.1284	


# This instance was randomly generated with the following parameters: 
# SIGMA_MIN=0.5
# SIGMA_MAX=2
# CAPACITY_OVER_DEMAND=10