6	12
116.677	814.638	56.8951
16.6585	1248.15	136.309
103.399	1273.93	147.682
67.6396	1315.68	158.421
105.069	1022.38	92.1928
99.7116	934.782	78.7757
4.53759
25.6767
2.43418
8.67752
19.8537
48.5478
42.1398
49.0747
16.7325
39.3077
56.5895
21.5662
6.71168	0.754251	17.3266	2.4193	0.712023	11.1927	9.39174	0.441043	44.2633	8.1641	0.75561	28.8346	5.98675	0.252909	23.9693	0.376556	0.964122	1.08415	7.71205	0.767569	37.4873	4.68762	0.586461	22.9698	4.57979	0.821186	18.7329	3.3701	0.708525	9.27155	5.97213	0.600075	21.2464	8.05643	0.361469	31.6942	
6.3156	0.124754	22.9708	4.77765	0.662057	19.7674	8.75658	0.596859	24.2241	7.59592	0.351657	31.7262	4.78568	0.18167	15.2091	2.03458	0.561421	8.69909	7.62608	0.147779	26.4446	5.23878	0.325513	16.3545	5.34791	0.194536	26.0852	4.92366	0.173613	16.168	4.16531	0.874073	10.4521	7.16859	0.447218	26.2842	
1.46474	0.226499	6.02355	6.70763	0.649123	14.6529	4.15586	0.643626	14.3631	2.92554	0.534856	10.6628	2.14685	0.923145	8.23013	5.29694	0.443226	19.1324	2.66802	0.81077	12.0715	1.79453	0.177175	7.15386	2.26351	0.360517	11.2202	3.86011	0.846254	11.6333	3.68331	0.919462	8.55233	3.02676	0.686138	13.7468	
6.68228	0.924855	29.1467	9.26575	0.569692	39.5639	7.96796	0.868641	37.161	7.22297	0.171716	31.0346	4.25543	0.724755	14.3154	6.55363	0.25509	28.5448	8.16386	0.303129	38.0063	7.48886	0.230071	27.1508	7.84474	0.929261	20.9144	8.42612	0.6668	38.2493	2.49664	0.575081	9.29612	6.2484	0.741782	15.4074	
3.63002	0.781741	11.3069	7.32999	0.504043	28.6889	5.20994	0.538593	16.5762	4.41828	0.803414	16.5768	5.75159	0.350488	14.8549	7.29946	0.99095	25.6632	2.83204	0.3116	11.5973	2.62359	0.698855	12.7785	2.54458	0.543317	6.92467	3.95792	0.632005	17.481	7.3847	0.881083	24.8221	5.33923	0.216327	25.0901	
8.33518	0.855511	17.2048	3.75502	0.760224	11.6618	10.9094	0.869406	52.0824	9.71053	0.863508	34.3638	7.08313	0.997261	27.7203	1.87193	0.957492	8.68093	9.50427	0.883015	21.1888	6.6766	0.416591	26.245	6.63204	0.570554	14.3004	5.52823	0.807692	13.8541	6.52676	0.412036	27.0103	9.40087	0.797764	32.01	


# This instance was randomly generated with the following parameters: 
# SIGMA_MIN=0.1
# SIGMA_MAX=1
# CAPACITY_OVER_DEMAND=2