9	18
102.358	1107.24	103.181
87.9627	1320.35	145.029
109.784	1010.4	94.9277
41.2764	1152.23	131.16
11.0595	603.021	31.4745
101.2	1150.06	122.548
43.7522	1219.68	125.186
38.8338	1056.07	111.079
162.002	1340.58	150.823
35.2995
13.1252
27.199
33.7011
50.4075
22.5331
24.7926
1.16086
34.529
29.8662
39.1393
1.22025
46.9995
31.5534
51.9764
25.4044
17.3789
21.4186
0.813429	2.80746	3.85947	6.44556	2.78622	23.9059	5.68385	1.66406	26.874	3.1855	1.12516	12.4946	8.52354	3.12415	22.4506	3.08244	3.30912	14.822	5.52091	2.02401	19.2469	8.96676	2.57053	23.7833	9.03514	3.62745	36.9742	5.25481	2.23835	12.7763	8.05393	1.50896	38.6219	2.90154	1.88757	13.5452	10.5918	2.19636	25.2649	8.41776	2.5383	21.599	8.30893	1.65352	30.5384	1.53918	3.87323	5.09635	5.17092	2.25396	20.3133	5.28459	2.54706	21.4836	
6.51234	3.25478	28.4851	4.4802	2.54387	21.1103	2.18933	1.01475	8.49517	4.9107	3.21527	10.2819	8.84773	3.17266	32.2974	5.29447	1.76542	16.698	3.0647	1.1916	7.74047	3.96648	1.61368	16.2411	3.75429	1.43042	17.1757	1.12865	3.46308	2.97864	4.63915	1.16347	18.1082	5.66005	3.48987	12.3578	5.83323	3.96139	23.8342	6.37069	2.97424	23.0272	8.27202	3.77972	34.6537	4.74396	1.70636	22.0872	0.689248	1.95346	1.7115	6.2177	3.6293	24.1574	
7.90281	2.00863	20.9833	1.34989	3.43396	6.19335	3.61256	1.83787	14.2759	4.33408	2.58873	21.3407	3.44993	3.37617	10.9399	4.57491	1.58679	22.5213	2.82881	3.36815	9.05685	4.75482	1.14691	21.5813	5.34971	3.57063	12.9244	6.72203	3.54179	21.3846	2.21977	3.2746	4.68698	4.94739	1.68023	20.7104	5.14479	3.81454	25.2243	0.977278	2.3348	3.19747	2.77894	1.26965	5.67295	7.74184	1.62239	19.3947	6.14687	3.49907	27.2066	2.96708	1.99685	13.1638	
3.45757	1.26806	17.1789	4.79764	1.47921	18.7324	3.3465	3.72682	8.74293	2.87401	2.39556	11.7099	8.14436	2.6089	24.4639	3.11856	3.58368	6.98568	3.50469	1.6686	14.8316	6.47752	2.7327	25.284	6.47455	1.67761	31.3475	2.71518	3.27099	12.8491	6.0129	3.47848	21.0684	3.31827	3.38929	9.2558	8.20501	3.44267	33.3629	6.93083	1.2344	34.1792	7.73677	2.46593	37.0587	1.93397	1.73408	7.81408	2.54438	1.14395	11.8028	4.93071	2.62525	24.5132	
5.81844	3.02931	16.3273	2.31403	1.08203	11.3058	3.92741	3.41593	19.3325	2.34566	2.8761	7.06038	3.27206	2.65289	14.2345	2.44222	3.15448	8.88755	3.00141	1.15684	13.6205	6.3958	1.75371	27.6459	6.86001	2.12299	27.1174	6.48575	3.49691	19.3956	4.18173	3.16912	9.23389	2.72429	2.49816	9.52693	7.24572	2.62752	27.0331	3.34813	3.61318	16.085	2.89384	3.51314	6.59362	6.16835	1.52843	16.1086	5.96295	2.91842	12.126	0.573249	1.41422	2.63157	
2.7862	3.88908	13.3045	4.50626	3.68668	19.0723	3.61422	3.89998	17.3908	1.86084	2.66975	8.61494	7.31429	3.40692	21.4238	2.03838	2.62323	5.12894	3.465	3.22436	12.5616	6.9135	3.79582	16.296	7.0146	2.53853	20.6433	3.78728	1.79547	10.2635	6.01218	2.06419	20.7956	2.19115	2.06733	10.8581	8.51798	2.83183	24.0648	6.5706	1.85296	26.6975	6.96865	1.11215	28.1554	2.12923	1.90536	7.0932	3.53076	1.52096	12.1497	4.03412	2.93457	11.0534	
10.0518	1.66636	45.6877	5.48399	3.70839	23.1858	4.0449	1.20135	19.802	7.72109	2.03397	18.5112	9.78978	2.59742	31.9951	8.13061	1.22882	30.3756	4.8077	2.25228	13.4525	1.75281	3.01199	8.68662	1.07719	1.66238	2.46211	4.57602	2.12894	9.76622	4.21554	3.9276	20.7598	8.56129	1.02505	34.0606	3.11478	3.89546	11.032	6.36508	2.3929	16.9704	9.11753	3.7832	41.5993	8.41341	3.03602	35.9005	4.3394	1.64233	21.0071	8.1869	2.91673	33.2165	
4.00481	1.85076	18.815	4.43105	3.40129	18.9639	2.82418	2.66075	13.11	2.96902	1.15733	10.811	8.01746	2.80046	26.0504	3.26927	3.15237	14.9717	3.07027	1.38287	8.0283	5.91256	1.38048	14.0977	5.90362	1.61043	17.2263	2.30206	2.59548	5.80532	5.53355	1.97668	20.2821	3.53156	2.47623	7.54221	7.65166	3.42014	26.4368	6.5688	3.29068	28.2027	7.57253	1.18827	18.1611	2.48069	1.05048	5.11542	2.05368	2.88326	6.73759	4.88176	2.33732	18.2327	
12.4972	1.55243	55.2555	5.55422	3.34013	21.7097	6.5337	1.23541	16.2129	9.06397	2.89034	27.2762	7.3575	1.00904	25.6564	9.37811	2.48786	34.7662	6.41616	3.38427	24.02	4.3564	1.00886	10.8134	4.91599	2.66447	15.6694	9.15935	1.23453	19.1482	3.8637	1.52538	18.3499	9.79311	1.29224	30.1566	2.76129	1.55132	8.64653	4.16684	3.45827	20.3245	6.75971	2.96191	14.5693	11.7647	1.71441	54.8325	8.66444	1.75329	31.0424	7.98644	3.93393	28.8435	


# This instance was randomly generated with the following parameters: 
# SIGMA_MIN=1
# SIGMA_MAX=4
# CAPACITY_OVER_DEMAND=2