11	22
40.4127	1296.4	154.569
26.8974	903.859	75.5963
105.344	1097.55	114.237
80.3991	1219.76	133.58
25.4484	433.432	17.1098
15.2311	1238.05	142.376
48.4216	1078.6	98.1902
61.6434	799.434	61.6983
71.992	626.967	33.0219
25.3525	540.762	24.5493
167.244	1059.53	102.287
29.7845
5.33232
45.2294
33.5699
6.45557
16.047
42.2976
3.75229
48.3973
25.9214
46.8528
51.1153
25.3588
2.42668
54.5148
31.7766
2.28818
41.6938
23.6257
33.6984
22.5611
45.4434
5.95008	2.64884	18.4588	5.11136	3.63374	11.4967	0.334986	3.32264	1.56058	4.54745	1.79006	12.4965	7.23489	3.61968	28.3931	0.961446	3.23015	3.55957	2.75442	1.24758	8.90308	0.523609	2.95923	1.38576	7.06595	1.06647	25.5409	3.03552	3.76762	11.6336	2.63173	3.77855	9.8095	8.43913	2.53379	29.0206	4.44579	1.98039	14.7637	5.92082	3.85986	12.3975	5.85588	2.7472	18.9027	1.51631	1.73556	5.59526	5.00038	2.46917	19.9329	7.99497	1.67064	33.4261	5.53298	2.85157	26.1483	2.41327	2.70281	4.87786	6.54093	3.62628	26.2991	6.34232	2.12529	12.992	
5.47905	2.81413	24.9795	5.82839	2.82209	23.2132	1.98972	1.16332	4.70892	2.2946	1.19687	10.2029	8.13572	3.18384	21.5895	1.4266	1.9416	6.15714	2.62447	1.48106	11.2265	2.7415	3.47789	13.5112	6.00191	3.55776	12.3646	1.20607	2.06869	4.8236	0.47937	2.09606	1.03668	8.38457	3.13425	19.6358	6.32768	3.18048	27.3603	7.04675	2.00197	16.8422	6.96067	2.36191	32.2859	3.76373	1.17927	12.7273	7.18479	1.32407	21.2567	7.98282	1.51843	31.5755	7.24116	3.03433	17.9781	4.06809	3.2904	11.4408	5.2682	3.80506	17.0443	4.70352	1.44995	19.3499	
5.52617	2.65786	18.2829	4.72726	1.14041	14.1794	0.507237	3.47123	2.19082	4.36434	1.77305	15.0138	6.88225	2.8982	28.0768	1.04243	2.56186	4.20737	3.06141	1.24718	12.6914	0.912438	2.18281	3.44091	6.66188	1.93753	18.1494	3.08458	3.68637	9.52939	2.59196	3.92397	6.85029	8.01948	3.27605	22.0785	4.28155	3.47759	12.0172	5.59206	1.10301	22.2205	5.52353	3.40465	25.3735	1.54591	3.8006	5.91307	4.9804	1.19145	15.9771	7.57612	2.16637	19.3257	5.32183	3.33528	15.5578	2.14592	1.72165	5.85002	6.15445	3.1407	30.167	5.99701	2.36157	12.8459	
7.61164	1.00461	21.0025	5.15689	3.03163	24.4355	4.58615	3.2083	15.4352	8.54961	1.63062	17.7389	6.10848	2.95357	18.4321	5.21468	3.60742	17.9601	6.52822	1.1533	31.093	3.99598	3.07056	13.8506	9.31304	2.26004	30.2606	7.28619	2.73396	26.5388	6.86265	3.17174	18.7228	8.85975	2.93521	28.3907	1.94749	2.40009	4.89629	4.73658	3.37041	19.8302	4.74695	2.78951	19.1135	2.74425	3.10394	9.66351	0.873057	2.66842	4.197	8.42874	3.55248	35.0456	2.97785	3.94017	14.1562	3.00288	3.39912	11.2613	9.15649	2.7318	31.1425	9.45082	1.54019	33.7351	
7.00741	3.70299	34.1199	4.94595	1.31619	11.685	3.20228	2.51775	7.71247	7.27074	2.71801	19.9395	6.39206	3.40167	15.2706	3.82778	3.24693	13.6828	5.13817	1.48336	13.13	2.58845	1.93768	12.7149	8.57642	1.82511	41.812	5.89103	2.07961	24.8233	5.49342	3.80037	18.1587	8.69916	1.82768	30.0276	2.42815	2.85934	8.1016	4.95989	1.0668	10.9791	4.94106	2.73959	16.8084	1.3878	3.13314	4.46875	2.22905	2.544	8.68189	8.25128	1.07381	24.8245	3.64539	1.38743	18.1016	2.17433	2.54443	5.81195	8.30376	3.68871	21.3295	8.45425	1.84721	18.8581	
4.12151	2.66753	15.7072	5.34135	2.47233	23.7604	3.48629	3.68397	13.0178	1.29237	1.75855	4.22049	7.60639	1.56023	24.4407	3.09284	1.80626	11.8986	4.47395	2.84062	19.0331	4.26195	1.59594	12.274	4.26185	3.42415	16.2126	2.67164	3.48896	5.97204	2.07199	3.31494	8.80683	7.12798	1.49796	32.8117	6.83377	3.44711	33.2989	6.78197	3.32173	33.8402	6.68457	2.82945	14.5454	4.92894	2.74937	18.7432	8.0371	2.02476	31.0672	6.77259	3.35819	26.758	7.50269	2.63504	24.5034	4.63337	2.0829	22.7894	3.46314	1.07022	10.9301	2.82185	2.44587	12.421	
6.13854	3.59782	26.3157	3.76579	2.79823	12.7113	3.76232	3.03573	11.9931	7.37792	1.12697	32.8369	5.03139	3.19303	20.4676	4.3752	2.03969	8.89458	6.06527	2.82275	22.0276	3.36947	2.04178	15.7342	7.83946	2.16507	31.8365	6.43338	2.40852	13.477	5.9093	2.33929	13.2227	7.51066	3.07443	23.6576	1.10212	2.60148	2.21875	3.60374	1.62426	14.7522	3.59122	1.75318	7.93013	2.02074	1.03731	5.09673	1.80857	1.27619	3.90703	7.07058	2.79596	14.8107	2.31819	2.1739	6.93226	1.62262	1.99977	6.0134	7.69809	1.44017	23.8312	8.03647	3.19407	20.9191	
9.10781	2.41673	36.0389	8.35447	3.743	17.0976	3.24832	1.80374	9.79885	6.19271	1.87149	25.4557	10.3896	2.79454	46.5301	3.19524	3.39656	13.2416	1.75185	2.17509	8.61541	2.93752	2.99592	8.50818	9.9917	2.65461	37.0869	3.75401	1.89053	16.6899	4.03844	1.10839	11.8771	11.7024	1.74749	51.6914	7.0049	2.32371	22.3653	9.01565	2.06095	39.3217	8.96261	1.40593	32.6012	4.01919	3.43861	14.2375	6.83211	2.89281	22.3396	11.2605	2.02312	28.7063	8.21209	1.02791	26.3652	5.46358	3.11432	20.8667	9.3323	1.48843	27.5385	8.84132	1.43225	32.0104	
7.84378	1.00087	21.1382	5.02417	1.82835	24.8565	6.35972	3.12744	14.9156	9.9405	3.32453	43.8103	5.10421	1.36412	25.2189	6.98023	3.49743	31.8715	8.53542	3.98406	29.3219	5.89268	2.3343	24.5059	9.67374	1.14682	33.8079	9.04748	3.21166	21.1036	8.53048	2.87929	23.3733	8.33664	1.32473	20.5225	1.95114	3.9121	6.96469	4.00256	1.95744	9.85274	4.0573	2.63574	8.74921	4.55187	2.29804	14.1976	1.28075	2.62197	5.08171	7.95321	2.36256	16.866	1.959	2.19587	4.18795	4.13777	2.20123	13.2535	9.71755	2.67299	37.6705	10.253	1.5639	35.3218	
6.52921	2.70295	14.1477	3.65671	1.34579	11.5636	6.13951	2.11732	20.4219	9.23667	2.52082	36.8702	3.5912	2.54996	12.181	6.71994	1.29146	17.2171	8.54457	1.99294	38.3051	5.84207	3.78645	14.4635	8.37902	2.87024	18.5044	8.71035	3.4056	35.4744	8.11008	1.58028	18.5208	6.82709	3.38123	23.6971	1.4284	3.44951	3.40382	2.5011	3.55128	9.4408	2.56251	2.7758	7.24866	4.51014	3.52856	20.6926	2.26429	1.03759	11.154	6.45045	3.06315	22.1232	0.535321	3.02701	2.42045	3.59484	2.37062	12.1746	8.50865	1.39857	30.3002	9.15602	3.46317	39.0568	
1.79885	2.62506	8.72692	4.31159	1.677	11.4754	5.55592	2.88217	11.3174	3.66914	2.15338	10.7529	6.14708	2.02541	23.3772	5.40243	2.1662	22.7984	7.17869	1.64226	35.6283	6.22896	2.71476	14.5086	1.44196	3.23144	6.65562	5.50216	1.56728	18.7964	4.85415	1.84639	10.231	4.63256	2.74456	9.48596	7.04497	2.75869	32.7412	5.83713	1.35723	14.147	5.73663	2.53418	27.0875	6.35006	1.86088	19.4453	8.62279	2.72113	30.911	4.36021	1.85847	9.46973	7.26351	3.97162	24.3249	5.35212	1.84823	19.5207	0.849175	2.80451	3.76153	1.44889	2.56852	5.32849	


# This instance was randomly generated with the following parameters: 
# SIGMA_MIN=1
# SIGMA_MAX=4
# CAPACITY_OVER_DEMAND=1.5