8	16
32.7378	1116.49	122.428
140.183	579.501	28.3487
47.16	854.671	70.4746
106.741	1061.02	111.322
90.024	475.114	21.6523
98.7716	1331.71	150.809
127.094	713.002	46.102
132.678	551.42	25.4221
11.8724
12.4277
2.8997
3.13524
12.2058
4.3011
10.6558
5.46622
1.23928
7.82422
5.47564
7.10479
7.63581
9.4868
0.836749
12.7444
10.3744	1.89436	30.6967	1.85416	1.43727	5.12388	7.26562	1.68451	31.957	6.71798	0.615269	19.4708	7.77448	1.25085	29.4671	7.96725	1.2687	26.957	4.32079	1.96642	15.7768	10.4691	1.4401	40.1049	3.05208	0.788067	9.39916	8.10744	0.654687	36.9662	4.76556	1.94076	16.1166	7.62119	0.787638	37.2241	7.63484	1.14218	34.5734	7.82803	0.681748	19.4798	3.87136	0.604113	17.449	8.36744	1.83796	32.7803	
8.43964	1.07542	34.1794	3.63435	1.75755	7.50756	5.38792	1.38674	25.8908	4.74867	0.963192	15.1549	6.04791	0.64968	15.1817	6.18338	0.501757	19.7958	2.46291	1.78471	12.2566	8.49778	1.54773	20.1326	1.22035	1.47989	2.45714	6.12349	1.86487	24.9537	2.76466	0.588553	12.1827	5.70279	0.665776	22.0949	5.697	0.900487	28.1556	5.90598	1.96145	15.5543	2.79458	0.74677	7.5315	6.38835	0.570425	26.6979	
10.3752	0.638241	27.724	1.54449	0.65286	3.26409	8.53008	1.63215	38.5308	7.02611	1.09727	15.5327	7.36156	1.62235	25.8922	7.66026	1.74491	31.0116	5.68245	1.18961	19.4551	10.6232	0.887638	30.8344	4.47833	1.59286	18.8653	8.41275	1.23048	37.932	5.73074	1.06371	18.8825	7.6832	1.95329	26.5932	8.74428	1.45446	42.9809	8.97835	1.95232	21.8794	5.85581	0.511292	20.1863	9.30995	0.648038	42.4505	
11.712	1.69159	54.3976	1.01524	0.639982	3.4056	8.66899	1.55744	25.7611	8.09093	0.682421	21.4533	8.99165	1.01433	26.5508	9.21669	1.40409	26.8837	5.73062	1.88915	24.7622	11.8355	0.997007	39.2301	4.46829	1.23153	21.7636	9.48822	0.953721	35.9633	6.18967	0.757551	20.4057	8.95638	1.5326	29.6258	9.05242	0.954395	33.2508	9.24183	0.898747	45.6551	5.08456	1.06432	25.1658	9.7917	0.757542	30.8541	
9.53116	1.61875	42.623	3.81479	0.552208	14.2005	5.58984	0.708252	15.2923	5.82393	1.28442	24.9687	7.40881	1.17458	16.9834	7.49819	0.542989	32.8606	2.75651	1.89322	6.29508	9.50017	1.03012	36.9866	1.68133	1.10449	3.84011	7.11948	1.98036	34.0402	3.51031	1.57189	8.89966	6.86461	0.909553	15.609	6.05195	1.81592	17.2927	6.21052	0.605133	23.4657	1.90779	1.16941	7.3751	6.87651	0.789496	19.9312	
3.03483	1.42121	14.1666	10.5924	1.5398	24.8072	2.91267	1.36717	6.36315	2.8527	1.35445	7.58186	4.36389	1.20831	9.94732	3.96405	0.955475	9.15354	5.02091	0.950787	21.895	2.51582	1.45542	7.88459	6.13595	1.30548	24.1171	1.81322	1.12564	3.63494	4.31882	1.04619	13.2639	2.85528	1.92178	10.3788	2.21594	1.82731	9.43382	2.28608	1.3142	6.23101	6.71748	0.658725	28.0166	1.31361	1.2998	4.2612	
0.456167	1.33781	1.06524	11.1413	0.91322	23.3684	5.65801	1.60424	12.0766	3.37757	0.540306	12.1557	2.79561	1.93074	7.46651	2.39608	1.60411	6.22514	6.76249	1.94926	15.7387	1.06271	1.90099	5.08059	7.52802	0.92091	27.2432	2.21197	1.87647	5.10487	5.776	1.65473	22.9139	2.37316	0.948451	8.74061	5.00507	0.668234	24.1151	5.16055	0.818992	15.1803	8.70587	1.8046	40.7822	4.2705	1.94934	17.943	
4.36	1.53333	17.0194	8.80579	0.543346	24.2726	1.5689	1.05182	4.13578	1.95269	1.22295	4.78317	4.22493	0.752605	12.3335	3.94848	1.37037	9.07414	3.08928	0.728596	10.9467	4.06238	1.05454	14.8157	4.22885	1.37467	16.6127	2.06952	1.49605	4.78506	2.4491	0.81844	7.15757	2.70207	1.14027	12.7601	1.10456	1.39161	2.70632	1.36761	0.670839	4.106	4.81536	0.888104	14.3528	1.25078	1.19071	3.48621	


# This instance was randomly generated with the following parameters: 
# SIGMA_MIN=0.5
# SIGMA_MAX=2
# CAPACITY_OVER_DEMAND=5