10	20
179.714	1008.3	85.8866
42.2327	804.611	63.1445
72.6847	1121.21	112.991
27.319	1133.01	115.903
75.444	811.064	57.4617
112.144	845.334	62.0476
127.22	501.854	24.7595
132.516	1210.92	135.649
141.691	1241.64	137.686
139.819	1216.72	140.638
16.056
49.5344
7.37016
25.0582
21.1308
47.3215
24.0357
1.89664
13.907
50.1167
32.1655
57.6271
57.9222
49.2041
22.982
10.3583
41.9679
49.8448
21.2
24.4122
7.4936	1.97025	33.8961	4.73814	2.85013	21.6342	3.73424	3.89942	14.1448	4.26161	1.27309	15.6011	3.00796	1.56669	9.92532	4.16039	2.9802	13.7209	2.68619	1.58607	8.72528	3.09661	2.14302	8.4352	3.13016	1.05662	10.1474	6.79947	2.44793	33.5174	2.66161	1.43248	12.2935	3.58539	1.41395	14.8139	6.53107	3.78324	18.7506	7.83843	3.64235	26.0029	3.52976	2.28075	8.71012	6.27397	3.65715	21.7202	4.85289	1.38316	13.1452	4.45355	1.62325	19.5405	4.67078	3.5797	16.2785	3.57065	1.38656	12.6778	
7.21273	1.79018	15.6681	6.95068	1.43907	31.1455	7.51236	1.57011	27.9335	5.7403	1.98174	28.1433	7.05004	2.8007	15.0837	0.267544	3.26401	1.20513	2.17938	1.8039	4.42196	4.75474	1.24423	21.0685	6.44295	1.56235	16.0763	9.73374	2.75293	27.7015	4.10458	3.86561	16.9729	0.89753	2.50439	4.1622	6.79563	1.16271	19.9877	7.07757	1.33926	15.3095	7.19542	2.69544	23.5656	3.4263	3.68577	14.8974	1.50732	2.66552	4.51403	0.717399	3.87846	1.44371	8.02238	3.53876	38.6942	0.999505	3.31685	4.78669	
3.53021	2.37745	14.6855	0.88571	3.08694	4.14875	7.541	1.58016	32.3387	0.890083	1.92476	4.01112	6.27747	1.62678	28.4363	6.47252	3.39037	23.8989	6.80098	1.50522	19.5379	2.04471	1.60796	7.83155	2.85867	3.51167	8.18113	3.63056	2.16455	8.13358	2.7008	2.9572	9.47	6.8176	1.3501	27.3221	2.35217	3.58498	6.45394	4.27372	2.4975	17.903	3.68557	2.6962	12.3546	5.99461	2.77923	12.7325	6.09056	2.79596	24.7408	7.32025	2.15653	21.3817	3.22234	2.19576	7.11307	5.63055	1.01693	22.0738	
2.86777	1.24495	9.69644	1.6951	3.36476	6.39729	7.93068	1.89246	32.408	0.80491	2.58484	3.27999	6.70492	2.60488	27.2801	5.96095	3.71591	24.8276	6.56038	3.14242	19.4751	1.94223	2.43581	5.1045	3.40958	2.37192	8.00969	4.45164	3.43048	17.7453	2.50302	2.96707	10.532	6.42313	2.98604	18.2017	1.70804	2.56064	6.26498	3.54282	1.32896	11.163	4.31472	3.51513	12.9246	5.21686	2.63077	20.2643	5.46033	1.38412	17.3681	6.84649	3.69441	18.4311	3.99682	3.79855	18.3304	5.14007	2.9765	19.7482	
7.58813	1.78393	29.0677	5.05428	3.73301	23.801	3.94961	1.93953	8.56305	4.48095	2.43891	17.4366	3.33277	2.05328	13.8642	3.80582	1.49509	13.2657	2.24736	2.17798	10.7009	3.28765	3.67429	16.3766	3.53668	2.89657	16.912	7.20112	2.71991	34.751	2.7858	3.23058	8.91214	3.17537	2.74779	11.524	6.66814	1.37088	14.283	7.88682	3.84578	37.7807	3.96493	2.27329	10.6863	6.07297	2.80917	20.296	4.5679	2.18184	10.1966	4.05095	1.46885	19.1106	5.09234	3.44873	25.1626	3.26604	1.2	13.6461	
7.46345	3.37933	30.2222	3.11128	2.24464	12.3411	5.60162	1.27603	24.576	4.32743	2.77409	10.5254	4.39379	3.79824	21.2622	8.79343	3.90757	20.6232	7.98204	3.25921	29.1077	4.50098	1.94309	20.377	2.39903	3.94035	5.01688	2.08472	3.35041	6.49126	4.97534	3.82585	16.6502	8.62774	1.16775	36.5105	6.30307	1.46876	21.188	8.25033	3.84301	24.6696	1.8144	1.87968	6.42766	9.44618	1.46397	46.197	8.91729	2.46018	30.7456	9.39512	3.90455	46.0574	0.876713	2.05326	2.25925	7.98002	1.54421	38.2167	
0.423522	2.51204	1.31863	4.78875	3.60855	14.7214	11.1301	2.85966	36.4248	4.0429	1.85043	10.6114	9.93942	3.9761	48.9461	7.27327	1.81991	26.5829	8.71731	1.25625	20.8592	4.92205	3.27009	10.3521	6.6921	3.7688	19.3758	6.89507	2.14041	15.7264	5.24828	1.77352	11.3168	8.12501	1.19004	39.3394	1.58268	2.37506	3.89204	0.746519	2.7724	2.90448	7.58471	3.81821	27.6737	4.9988	1.75573	10.998	6.28411	2.31123	23.6749	8.2138	1.86248	26.3796	7.1195	1.55552	22.2006	6.65242	2.66948	30.1856	
6.33262	1.9617	24.765	4.40039	3.45246	18.9655	5.20746	1.83637	12.3418	3.52715	1.77444	16.1595	4.41418	3.59132	17.8765	3.01385	3.46577	11.2334	2.44947	3.08569	10.7879	2.32373	1.32102	10.94	3.4594	2.33641	13.1674	6.93433	1.07478	33.2138	1.69553	2.91153	8.02317	2.78889	3.98767	5.8809	5.48422	3.05358	25.5356	6.57845	2.33207	27.9094	4.17422	1.22181	11.8517	4.808	3.67158	13.5122	3.48997	3.61366	9.1938	3.54415	2.97958	7.34983	5.05876	1.71164	13.2074	2.28532	3.55741	11.4015	
7.06302	3.67898	31.025	6.01316	3.35591	18.0155	6.21045	2.64658	30.8138	4.94545	3.05109	10.8105	5.6995	3.75043	17.1506	1.44079	2.46672	3.75194	1.34534	3.09559	4.20145	3.82954	1.39241	15.7145	5.23029	1.29817	16.9801	8.66672	3.52022	41.5739	3.15726	3.05798	14.0931	1.03027	3.92401	4.66955	6.44077	2.91359	13.664	7.09562	1.9927	34.1028	5.92355	2.04965	17.7264	4.1562	3.513	19.0593	2.37705	1.86771	6.43279	1.78381	2.96346	5.70637	6.82936	1.35617	20.3712	1.0955	1.51879	3.36035	
3.69498	3.32931	16.3419	1.52964	2.26588	6.99736	8.4259	2.97304	27.1727	2.26901	1.70769	8.96149	7.13192	3.68289	33.1174	7.83107	2.52076	37.4512	8.16803	2.2683	38.442	3.41291	2.60322	12.8438	3.67653	3.68598	15.327	2.89706	3.89445	6.88921	4.07598	2.84719	13.3241	8.19819	3.9884	33.7221	2.6533	1.00825	6.5928	4.55426	1.44507	22.4111	4.2839	2.6638	20.9959	7.10114	2.96293	22.6875	7.38723	1.40003	33.8052	8.6902	1.61744	31.4837	3.41543	3.5276	14.2015	6.99429	3.07721	23.614	


# This instance was randomly generated with the following parameters: 
# SIGMA_MIN=1
# SIGMA_MAX=4
# CAPACITY_OVER_DEMAND=1.5