8	16
101.268	1266.38	143.73
73.7389	836.87	60.0596
145.099	1069.64	99.2757
92.4613	1118.7	106.872
90.8967	1299.94	150.401
124.685	1271.99	148.138
87.208	613.803	34.1092
110.716	851.249	62.9072
19.2627
1.90295
22.597
12.196
24.7965
18.9869
14.0859
16.6617
22.791
26.2822
2.19454
29.706
30.5364
18.6306
2.03344
5.83352
7.58623	2.06738	37.2139	6.00684	3.97478	16.919	5.75848	1.38442	17.9488	2.81987	1.26875	10.9316	5.15494	3.4597	18.7044	3.89872	1.36857	13.8999	4.69463	1.86211	21.7661	1.16911	3.44275	3.61883	3.06213	1.25283	13.8459	4.94069	3.24574	20.6742	4.87707	2.20308	21.6601	2.11222	3.86868	6.24257	5.16767	2.30169	23.7469	4.13956	1.79754	15.9557	6.12533	3.42559	14.8593	4.94541	3.58178	19.1122	
8.08534	2.38509	24.0247	9.15962	3.3385	42.7354	2.56493	1.11203	8.42958	6.11589	2.37692	16.7421	5.66259	3.90968	12.9924	4.74286	1.76538	19.0924	1.35313	1.8318	5.1931	3.1567	2.4323	10.0499	6.26837	1.0873	16.7174	7.87873	2.91994	38.6606	3.28668	1.7864	10.8909	5.45782	2.16767	12.286	2.29864	3.88982	5.47684	0.807638	3.91658	2.99202	8.50383	3.72919	34.0874	8.24362	2.37946	36.2446	
9.54519	1.66371	25.2462	1.79383	3.45079	6.28713	12.8338	1.37385	53.253	5.14557	3.06323	16.9263	8.6322	3.94301	23.3543	7.99517	1.34764	19.8266	11.9891	1.85145	45.3007	8.1258	2.96354	30.1551	4.41656	2.95753	16.1771	3.38586	1.06019	16.1664	10.8687	3.43386	41.8795	5.37718	3.11777	19.2953	12.0419	2.76544	56.897	11.4884	1.81939	28.7919	4.79398	2.34007	16.4115	2.47716	2.61512	6.25209	
6.55327	3.83761	26.7538	8.19439	3.75695	32.5388	3.00661	1.55721	7.04676	5.76819	2.06435	20.3736	4.11916	2.76888	14.9906	3.22574	1.93281	13.0232	2.3942	3.31333	7.77089	3.35475	2.70948	11.9925	5.44682	1.05506	16.2043	6.79045	1.73811	30.6937	2.13025	2.54933	6.45038	4.93919	3.46294	19.794	2.25189	2.78746	9.69323	2.1445	1.26062	8.88143	7.16325	3.48173	19.9756	7.48126	2.27201	36.8029	
3.69495	3.83381	10.1098	6.05707	1.76743	15.7821	5.89778	1.66261	27.1114	5.56598	3.04445	16.6972	1.28311	3.02404	6.12484	0.162903	1.21191	0.656798	5.68004	3.7201	24.0278	4.97831	1.40493	21.6465	4.15631	3.28213	11.99	4.47095	2.40145	11.7063	3.24761	1.95846	9.96324	4.58258	2.00574	14.9582	4.94802	1.00914	17.8609	5.49031	1.70744	22.6916	4.10716	2.44976	8.34552	5.94899	2.93068	22.8288	
6.17501	3.56232	13.7176	6.63832	1.32097	27.0478	4.57223	3.54558	10.0462	4.36729	3.30737	18.5012	3.66964	2.77709	9.75518	2.48396	3.16696	11.8892	3.83468	2.51843	11.0836	2.61777	2.54318	12.4949	3.8829	1.56377	15.9659	5.26676	1.58679	12.124	3.13799	2.76621	12.6021	3.47266	2.4031	10.0022	3.80384	2.71564	13.5765	3.44303	3.59428	13.5119	5.83953	3.52297	16.5641	5.91899	3.61778	18.5497	
0.644592	2.26413	2.09364	7.21849	3.16291	15.7306	8.12192	2.48015	22.4871	8.28023	2.47164	19.5886	2.12416	1.74012	7.41035	3.251	1.13172	7.17968	8.32189	2.64648	23.1589	8.17736	2.90886	26.2705	6.50341	3.3176	21.9461	5.77074	1.57208	15.3106	5.17222	2.13788	23.4152	7.35263	1.86596	25.413	7.17357	2.90596	19.4683	8.28746	2.1793	24.9816	4.16896	1.26568	20.6999	7.75798	2.29315	25.905	
10.5829	3.02252	26.0922	5.21914	1.99657	19.7737	9.62074	2.56396	38.3415	1.69131	2.90058	3.78805	8.48371	1.84921	38.9871	7.29188	3.24776	19.3033	8.39423	2.60345	35.7428	3.9171	1.44613	18.854	3.57653	1.46074	10.1517	5.28496	1.34851	16.824	8.90948	3.76175	37.0142	2.64968	1.39792	10.9609	9.14328	3.10041	34.6962	7.77614	3.90152	20.3029	7.29921	2.60205	27.3094	3.67554	2.04193	13.3698	


# This instance was randomly generated with the following parameters: 
# SIGMA_MIN=1
# SIGMA_MAX=4
# CAPACITY_OVER_DEMAND=3