9	18
45.7588	518.896	24.0683
105.76	991.963	84.5842
18.108	945.035	86.0754
93.4732	1082.44	105.19
66.9189	1206.84	138.13
75.5768	1153.15	122.436
13.1282	509.248	22.7818
101.094	1252.76	155.262
60.1678	1156.67	112.946
65.0628
41.0936
13.0099
31.7495
5.96117
59.6771
11.5448
15.2766
48.7622
15.6745
13.6254
45.5188
16.43
36.8009
51.1081
28.9579
55.8072
11.5887
4.31953	0.573023	10.3967	3.13413	0.707465	9.93897	1.18833	1.23092	2.60998	3.54425	1.03634	16.8965	7.39671	1.49381	27.8375	2.24234	1.87972	4.79645	7.70069	0.610562	19.1671	7.08185	1.84676	21.541	5.6291	0.504519	24.4812	6.18847	0.862806	12.3921	9.1486	0.901949	33.4745	6.72639	0.51422	15.3911	5.59784	1.70414	17.2113	5.32411	1.31431	16.7944	4.3453	1.27763	10.1227	4.38962	0.553125	17.4075	8.24901	1.21116	25.7431	4.30443	1.31944	16.738	
9.14918	1.21132	39.9661	4.13159	1.51387	18.7946	6.02545	1.87704	13.2055	5.01149	0.537468	14.1674	0.910267	0.98377	4.43431	7.24293	1.79591	22.6683	3.62853	0.75311	14.7923	6.02008	0.938734	29.6831	1.65722	1.57923	5.23177	2.63233	1.18998	11.2081	7.53835	1.71002	35.961	2.35486	0.53625	7.44699	6.47796	1.80686	25.9376	2.28907	0.63799	9.58314	4.83247	1.17442	20.8714	4.56963	1.48412	9.43397	7.16346	1.38804	28.6567	3.21202	0.999858	12.0803	
9.9965	1.54046	42.447	4.19507	1.48943	10.1951	6.12992	1.92734	25.8595	5.93302	1.97941	17.9288	2.62104	0.970498	8.55906	7.87546	1.33139	30.8637	5.33151	1.60569	21.6636	7.57477	1.40662	36.687	2.67947	0.808102	6.99342	1.43117	1.86907	4.60881	9.20218	1.56681	43.1233	3.99029	0.903754	19.7337	7.7967	1.56588	35.7814	1.99728	1.29531	5.83233	3.99565	1.0871	13.8932	5.69694	1.55724	23.2859	8.77554	1.09783	20.9147	3.01467	1.12078	14.0182	
3.72569	1.49216	10.696	3.54605	1.29497	16.4687	1.65076	1.10621	4.66487	3.46812	1.00189	17.2778	7.63926	1.97093	29.5718	1.77344	1.9448	8.03118	7.72428	0.952512	17.4094	6.87293	0.627932	25.0461	5.89605	1.16073	16.5428	6.66758	1.57685	32.0808	8.8993	1.42376	29.7279	6.84754	1.41663	26.9864	5.30022	1.57806	24.8888	5.74335	1.53992	21.4001	4.92791	1.31514	21.7629	4.32838	1.43675	12.8805	7.98724	1.89953	36.9346	4.74484	1.36969	21.3859	
7.60017	1.43215	33.9418	5.81636	0.940112	26.4108	6.97476	1.97034	31.4652	4.33021	0.894394	19.502	3.23078	1.76078	15.2577	6.63103	1.94438	26.6299	0.468358	1.72322	1.21789	2.50662	1.55029	6.1912	3.70893	1.84195	16.1474	6.34121	1.33473	20.66	3.49615	1.57189	7.96845	1.87844	1.79025	8.90728	3.88699	0.624986	12.9234	5.39775	1.61193	15.5069	7.68835	1.12708	36.6606	3.47152	1.2508	12.5764	3.29256	0.700047	9.63109	5.72062	1.88479	19.2647	
4.70416	1.14512	17.8266	1.51859	1.42187	6.3689	1.25284	0.967307	5.69314	1.77532	1.80566	7.18404	5.26016	1.81002	25.0921	2.41266	1.58775	6.26777	5.58463	1.14627	22.6276	5.40298	0.540331	19.8433	3.51884	1.36538	7.0692	4.65034	0.638279	18.2433	7.52418	1.68103	28.8734	4.55248	1.78534	11.9379	4.27184	0.746203	12.1076	3.5706	1.34525	8.94062	3.66034	0.565366	8.56969	2.48698	0.717743	8.41433	6.68176	1.75438	27.4887	2.68341	1.85728	12.1313	
7.84675	0.719903	37.6021	6.05892	1.34688	19.6065	7.23984	1.90113	29.7969	4.60262	1.32133	11.2168	3.29949	1.86045	15.2358	6.90068	1.60088	25.6179	0.570997	1.48671	2.11205	2.66379	1.88676	12.5149	3.89294	0.940702	17.32	6.4914	1.43504	26.728	3.48659	1.72596	16.0294	2.04286	0.676486	8.36137	4.11143	0.753578	12.0114	5.57717	0.533112	17.745	7.90039	1.20359	17.5974	3.7439	1.52483	15.9122	3.35545	1.25095	8.63174	5.93276	0.862192	13.0244	
6.8408	0.651265	27.9449	5.35183	0.888494	18.0029	6.36826	1.42209	24.3655	3.63335	1.20231	10.6491	3.43817	1.02702	9.92228	5.89292	1.00503	19.7983	0.987933	1.19448	2.32143	1.93879	0.508011	6.71091	3.53149	1.46061	8.16428	6.24409	1.35597	15.8353	3.34774	1.69288	15.3238	1.87186	1.54467	8.96339	3.15349	1.33893	8.44565	5.20735	1.80462	17.254	7.35194	1.2216	25.3143	2.77281	1.86308	6.21114	2.95117	0.737672	14.458	5.39755	1.89109	16.5639	
6.38377	1.96159	23.6572	4.37556	1.6662	9.07341	5.43006	1.97291	24.129	2.80885	0.963465	8.54261	3.03479	0.822562	7.00867	5.17069	0.903651	25.1548	1.48925	0.626219	6.8062	2.35728	1.0899	10.52	2.71229	1.57752	11.9549	5.44096	1.83774	19.6728	4.13635	1.61129	8.73686	1.40392	0.550071	3.71992	2.98857	1.7408	12.8906	4.34586	1.9866	12.2557	6.40119	0.76218	25.0476	1.96164	1.3057	6.1292	3.58839	1.89361	10.3146	4.45828	1.50522	19.7486	


# This instance was randomly generated with the following parameters: 
# SIGMA_MIN=0.5
# SIGMA_MAX=2
# CAPACITY_OVER_DEMAND=1.5