4	8
143.258	924.738	79.6728
129.037	537.033	24.1841
168.324	1083.13	115.21
178.22	671.224	44.4646
33.1651
33.9652
8.58592
24.8011
45.0883
11.1554
13.0262
5.90015
3.90281	1.63944	12.785	5.94177	1.60839	19.5805	2.43433	1.47872	7.15096	4.48942	1.1596	19.2826	5.466	1.71293	12.9695	6.20933	0.804243	14.8138	4.35735	1.10677	10.2585	1.666	1.06429	5.12364	
2.66187	1.1745	6.84389	5.28527	1.71645	11.1998	6.36649	0.707825	16.8693	1.69337	1.73718	7.47128	1.63938	0.691637	4.74642	6.99116	0.739635	26.835	4.31446	0.530104	9.14945	4.70826	0.629367	14.8044	
6.64755	1.26258	32.5336	8.53448	1.99317	19.0121	1.16208	0.951748	5.48468	7.61108	0.830279	21.6489	8.79388	1.18927	42.464	7.88165	1.58946	20.3159	6.99524	1.07585	23.3506	3.61226	0.683779	11.6799	
8.44668	1.80401	41.1509	2.48839	0.921374	6.50848	6.18088	1.94296	16.9402	8.13445	0.795816	28.0115	7.98332	1.19981	34.9818	0.653954	0.654057	2.22799	2.30858	1.86836	6.70115	4.0766	1.14599	12.3608	


# This instance was randomly generated with the following parameters: 
# SIGMA_MIN=0.5
# SIGMA_MAX=2
# CAPACITY_OVER_DEMAND=1.5