9	18
18.2917	1334.16	154.633
170.062	1325.91	147.958
56.2279	1173.62	128.385
42.655	1246.61	146.684
95.0192	1035.66	92.1229
74.9553	1103.36	107.17
172.714	1076.77	115.371
29.6026	1140.69	128.269
103.891	1054.45	96.0421
54.7488
5.09257
46.1141
61.853
19.7973
6.81713
69.2462
38.8074
34.7381
23.825
62.6963
19.5523
61.256
55.5603
27.3142
45.4599
43.9938
67.5508
5.4616	0.925107	19.7405	4.53846	0.288974	21.5861	4.70703	0.411988	16.4339	4.87863	0.732086	23.3125	3.86032	0.516906	18.9241	3.60682	0.195158	16.6411	3.20405	0.400372	16.0086	4.97074	0.44697	22.3134	3.51731	0.404337	8.51942	2.24206	0.148042	9.98045	2.73307	0.166389	11.2396	4.92415	0.153776	17.7212	1.52307	0.166658	3.93328	4.01003	0.212906	10.6842	5.71278	0.73226	27.6977	1.25239	0.747001	4.52733	5.11647	0.602378	23.6618	2.90612	0.384767	13.5356	
1.66242	0.909797	3.82529	7.8988	0.419839	18.1796	7.69814	0.817106	31.7684	6.00729	0.291091	14.0404	5.788	0.507339	17.7692	7.28609	0.214113	25.044	1.81067	0.713386	4.54248	8.72957	0.179803	22.1084	4.1312	0.531883	17.1142	2.44654	0.59732	7.44262	6.5024	0.330424	29.611	8.48764	0.528051	33.4958	2.5579	0.10241	5.83922	4.88926	0.877361	18.1959	9.05702	0.743679	41.0582	4.51987	0.223289	14.3969	6.62831	0.978705	24.3026	6.4403	0.131803	16.6611	
5.04702	0.785866	18.0302	8.57287	0.204843	18.6135	8.8903	0.208011	35.8372	2.10663	0.677962	8.29913	2.58442	0.243672	9.45204	5.92772	0.697382	14.4674	2.31382	0.456872	6.2646	7.43528	0.67732	19.0897	7.01472	0.541937	34.568	5.07728	0.118886	21.946	5.68297	0.960523	13.7736	6.58946	0.352839	19.8839	4.46924	0.448204	22.3167	1.18337	0.869166	4.71708	6.64171	0.364295	27.0812	5.47311	0.430452	14.3433	2.83919	0.814067	7.56829	4.96241	0.560862	17.1415	
2.26196	0.860512	8.12156	9.44849	0.48345	43.3906	9.42621	0.537085	32.2134	5.09368	0.350132	25.0596	5.37408	0.207767	16.2952	7.94095	0.616911	30.543	1.78918	0.550222	7.95987	9.46904	0.388363	30.4115	6.24075	0.411358	16.3388	4.39613	0.983684	9.22401	7.36939	0.374622	21.6977	8.91936	0.875673	33.6855	4.22107	0.775742	19.0483	4.10317	0.106961	9.66148	9.22492	0.510463	27.0092	6.00993	0.100023	27.7667	5.82295	0.301315	11.8664	6.99206	0.710983	23.414	
7.1586	0.213123	29.2655	4.23752	0.373448	13.6216	4.82262	0.303536	18.5199	4.32741	0.518198	18.5572	3.03237	0.166836	9.98313	1.77018	0.872464	7.79412	4.47908	0.487253	20.1759	3.25011	0.413579	14.6515	5.16127	0.489816	22.8448	4.13945	0.166187	14.7923	1.1504	0.417222	4.46141	3.02897	0.886667	7.33441	3.42575	0.557875	11.8571	3.84781	0.607852	15.1184	3.82013	0.883073	10.1017	2.34231	0.244577	9.60391	4.27915	0.204009	14.5594	1.00374	0.435401	2.62994	
10.6229	0.680899	29.102	6.52604	0.365874	16.0281	7.49615	0.150796	20.8708	4.91693	0.537565	20.1998	3.94714	0.921249	15.9767	2.67478	0.86262	9.88184	7.63055	0.784892	33.1549	2.77205	0.269722	9.54955	9.05747	0.406051	23.0013	8.06335	0.485006	35.4064	3.65583	0.290225	16.622	1.47569	0.404123	6.08872	7.32125	0.351075	24.1658	5.36753	0.56162	24.1538	0.33355	0.983766	0.775731	6.19976	0.27054	27.5633	4.28964	0.64697	15.4524	2.9572	0.308146	9.45443	
9.27003	0.592466	22.3345	4.41225	0.240106	21.0074	5.33272	0.831076	11.0678	5.09093	0.104069	25.3016	3.79459	0.638036	7.83992	0.472278	0.966997	1.43492	6.48005	0.927142	26.7626	1.40123	0.684472	4.93584	6.97629	0.500228	16.6315	6.21644	0.450788	21.0691	1.48868	0.288211	3.26245	0.933354	0.250864	4.51024	5.53467	0.580267	18.1631	5.06437	0.277802	24.0649	1.97575	0.583014	8.9465	4.132	0.959241	18.2493	4.71976	0.657196	14.2558	1.21478	0.489766	2.54589	
8.98806	0.792595	27.7893	3.07706	0.816769	7.13715	3.99019	0.67459	16.6449	5.93575	0.11711	12.5144	4.59803	0.60792	10.1226	0.970023	0.301012	4.19645	6.45429	0.527192	17.793	1.50178	0.685054	7.47276	5.99529	0.138064	12.7985	5.55596	0.146147	14.066	0.865659	0.597318	3.49858	2.10459	0.458013	5.55972	4.97252	0.964153	15.9269	5.67861	0.52485	25.571	3.25723	0.564209	15.3387	3.2642	0.894027	10.2447	5.692	0.788595	24.0103	1.65002	0.63439	4.00257	
5.93148	0.601827	22.0068	3.6955	0.663333	10.393	3.27057	0.364347	7.06489	7.386	0.358151	29.9619	6.36585	0.290743	31.2272	5.12922	0.108465	15.2447	4.87378	0.159562	19.5312	6.0565	0.15782	16.0613	1.41784	0.577983	3.60027	2.03679	0.475309	4.86709	4.11118	0.426514	18.0253	6.52189	0.797378	32.5454	2.1925	0.191425	8.13449	6.47509	0.650217	25.1452	7.53469	0.218114	20.898	1.55552	0.373675	7.7543	7.62869	0.390261	30.3449	4.80255	0.713947	22.8204	


# This instance was randomly generated with the following parameters: 
# SIGMA_MIN=0.1
# SIGMA_MAX=1
# CAPACITY_OVER_DEMAND=1.5