11	22
100.322	1008.86	93.3148
17.1669	704.305	43.9953
55.9463	1355.79	152.422
7.48355	793.899	52.3023
126.97	1286.43	146.311
108.988	1178.38	138.793
36.7288	1042.08	94.8833
29.955	1140.33	123.517
3.54749	608.215	36.2041
61.3218	1208.07	143.521
48.4612	325.713	10.1567
29.3233
15.2199
5.1544
18.9171
22.124
21.5911
16.8877
4.94865
21.9608
7.98398
15.6502
8.94588
24.8511
24.4434
17.2592
8.72467
9.56092
2.83672
24.6917
21.3491
21.4396
1.27659
4.31096	0.80697	19.1769	5.95362	0.568378	21.805	4.82953	0.208308	14.3787	4.10237	0.593333	19.0406	5.48872	0.243524	20.0936	2.61642	0.332846	8.80735	2.14016	0.315258	9.13087	5.63756	0.983819	21.9012	2.52216	0.924335	10.0442	5.71351	0.911117	12.8912	6.25808	0.844955	29.9966	5.78256	0.86104	14.9781	6.36979	0.967531	18.9914	1.92905	0.326426	7.09465	3.88091	0.282746	10.5714	4.68303	0.370153	15.2746	4.79937	0.121056	18.9106	0.365682	0.888558	1.41421	6.76087	0.593551	31.4964	0.980656	0.368793	2.17562	2.11798	0.92233	8.81727	4.92181	0.870997	17.9749	
3.71477	0.583672	13.9524	7.83208	0.649903	21.0376	1.07917	0.46154	2.24643	5.18486	0.574356	25.4574	1.5146	0.175655	3.40143	3.89237	0.766023	15.8888	4.39315	0.21998	21.7746	8.70486	0.675792	18.9454	3.91497	0.511925	17.0903	7.70909	0.74839	17.9045	5.145	0.135164	11.7674	4.01006	0.34137	12.1704	6.82738	0.764312	18.9139	5.19627	0.513744	14.2703	8.14811	0.457321	39.3823	6.34229	0.43681	13.1157	7.27436	0.190631	21.9724	4.00087	0.702898	11.2091	5.07347	0.692912	18.3442	4.81821	0.775828	10.5082	6.26932	0.639317	16.8123	4.66256	0.321091	14.0215	
4.71112	0.933233	22.959	3.05762	0.394114	12.3258	7.02494	0.773658	27.0407	3.12151	0.481704	8.73576	8.45205	0.28227	22.4157	6.25771	0.740983	20.9911	2.62583	0.668956	6.32638	1.99225	0.206695	7.8642	6.16117	0.397976	26.5162	2.7788	0.677198	13.5873	5.97754	0.76329	28.1634	6.23184	0.523493	25.2095	4.66462	0.159709	16.2627	5.11972	0.854577	21.6045	2.87006	0.874803	14.227	2.59754	0.380092	6.9365	1.70284	0.144629	7.15553	3.68809	0.869976	7.7773	6.768	0.286386	29.9762	4.2442	0.329094	15.6517	4.0385	0.940939	14.9031	4.59827	0.517439	14.7432	
5.79601	0.513661	12.0308	8.29371	0.61637	35.1992	4.89381	0.793838	14.5525	6.17055	0.339893	28.2144	4.51116	0.803405	12.58	0.228764	0.638939	0.831891	4.31854	0.636889	21.0101	8.03856	0.576868	16.1803	0.127489	0.747087	0.296011	8.06588	0.838176	23.1101	7.74417	0.117303	19.3509	6.95494	0.355211	22.6862	8.40254	0.351493	22.9843	1.5896	0.797323	5.70088	5.67175	0.671409	15.1192	6.94158	0.987465	30.0944	7.19192	0.732373	14.5102	2.47135	0.126047	5.26984	8.0429	0.695376	35.1908	1.9389	0.967415	6.56481	3.13421	0.111618	12.968	6.6184	0.261865	29.7622	
6.69094	0.406728	25.4606	9.43991	0.189693	20.7451	5.29394	0.621367	18.5773	7.24007	0.488476	17.9556	4.40221	0.366278	20.1429	0.976851	0.499379	2.2432	5.44201	0.483806	24.6592	9.21558	0.657475	33.6301	1.06811	0.685428	4.84595	9.21698	0.986207	30.5343	8.59215	0.189301	42.8516	7.7042	0.3342	25.7661	9.43923	0.91407	38.766	2.50859	0.867636	12.2294	6.71118	0.887642	20.7921	8.06394	0.181654	16.8148	8.35905	0.935854	38.3216	3.63498	0.646391	12.1272	8.80769	0.204036	37.3165	3.06976	0.634914	6.44014	4.10584	0.282101	19.3309	7.56264	0.1907	36.5762	
3.48457	0.158291	10.6917	6.72598	0.188192	23.0117	4.08863	0.350069	20.3155	4.916	0.614444	21.0593	6.02746	0.12295	16.9992	8.61053	0.427123	19.4277	6.07131	0.945302	26.0166	8.7563	0.664803	18.921	8.59569	0.897796	28.2045	6.79673	0.49497	28.6659	2.1913	0.511279	8.87154	1.8902	0.270282	9.39522	4.53556	0.188224	18.9508	9.30013	0.876341	26.6721	10.4497	0.19988	33.3313	5.78249	0.906892	12.6687	7.12717	0.579764	23.7926	7.26898	0.992703	31.6086	1.34853	0.736913	6.44402	8.53247	0.145294	39.6527	9.70462	0.693497	41.896	3.43399	0.501719	7.74376	
5.49173	0.968694	23.2873	1.43141	0.625383	3.57606	8.58572	0.328561	23.0978	3.92655	0.572357	16.9705	10.5928	0.885669	40.9372	9.89949	0.873669	37.7932	5.43616	0.166534	26.6957	3.09632	0.4577	8.63271	9.81675	0.694481	39.0633	1.67404	0.177106	3.52969	5.21939	0.975932	16.5083	6.21696	0.179542	19.402	2.78744	0.216599	10.0726	9.16997	0.754242	41.1894	7.01211	0.193642	30.7228	2.85594	0.985854	8.63157	2.69058	0.61704	10.2802	7.25974	0.447137	16.2591	6.00498	0.969157	26.5731	8.21455	0.429633	37.2391	8.31546	0.230385	40.4452	4.66623	0.415345	18.1137	
2.32385	0.885594	6.33736	2.05641	0.888791	4.80234	5.39955	0.892929	23.1053	0.838748	0.501121	3.79114	7.39646	0.732547	28.217	7.14874	0.364081	32.8864	2.76084	0.797409	9.0724	3.84844	0.559592	18.8599	7.07914	0.796704	19.5754	2.0271	0.860792	4.78894	2.73625	0.739887	13.4471	3.36063	0.202934	13.3292	1.49114	0.190628	6.65483	6.82207	0.326699	29.3583	6.16461	0.760438	16.8456	0.879903	0.521027	3.98843	2.22179	0.493802	9.7026	4.67057	0.369543	20.2679	3.57404	0.919512	12.5386	5.85304	0.283509	18.5508	6.42803	0.841572	21.268	1.63156	0.510238	5.6998	
3.03264	0.376309	12.1942	3.87419	0.572419	18.0564	4.90259	0.525714	10.8417	2.14954	0.374922	7.35217	6.29346	0.10478	27.4414	4.60102	0.633318	13.2263	0.502494	0.792986	2.43368	3.96068	0.236671	18.4034	4.51616	0.766262	16.7706	3.64499	0.930464	9.184	4.74612	0.598154	13.7443	4.63069	0.452013	12.9531	4.36836	0.381973	15.8618	3.98308	0.429598	13.2678	3.95265	0.323189	14.6793	2.58312	0.15289	10.0304	2.81241	0.801051	10.0132	1.95451	0.579088	8.50775	5.41074	0.666883	17.3248	3.00931	0.263167	8.40712	3.58073	0.719684	9.06482	3.30791	0.441053	10.8683	
3.88614	0.239787	10.6481	2.053	0.160954	8.79384	6.52814	0.664209	19.6112	2.13599	0.676072	6.53968	8.18008	0.182774	31.5105	6.61571	0.926604	30.8865	2.38043	0.513607	6.09619	2.03482	0.608939	8.43407	6.5262	0.569749	32.2114	1.78295	0.765232	5.9376	4.92682	0.64022	23.2304	5.31163	0.880462	13.1732	3.49572	0.882099	7.31177	5.74493	0.388549	17.3155	4.03169	0.655053	14.7665	1.43549	0.188066	5.37186	0.774087	0.249483	2.30696	3.95846	0.325285	10.6849	5.74112	0.996861	15.3765	4.80116	0.889437	9.75766	4.89607	0.647902	9.80713	3.60919	0.930912	17.8927	
2.41616	0.829236	9.9971	4.33517	0.891562	10.1708	4.02824	0.876032	14.5403	2.1097	0.441715	8.92301	5.45622	0.817425	16.534	4.22696	0.373108	12.7406	0.404018	0.3327	1.14794	4.74788	0.777267	10.035	4.15365	0.665746	15.3887	4.13889	0.558665	12.602	4.28812	0.836089	20.7102	3.98844	0.745624	9.66171	4.37116	0.385709	18.6719	3.96375	0.104494	11.6597	4.70708	0.35625	18.3204	2.90347	0.302648	6.48323	3.45142	0.871266	10.5195	1.76423	0.465922	8.71295	4.86809	0.905727	22.3095	3.02131	0.994173	8.10065	3.91382	0.512639	18.4168	2.9054	0.442177	8.32481	


# This instance was randomly generated with the following parameters: 
# SIGMA_MIN=0.1
# SIGMA_MAX=1
# CAPACITY_OVER_DEMAND=3