8	16
33.5984	851.905	64.4862
134.637	394.84	14.6057
79.1706	1078.53	109.921
150.591	1014.33	89.5482
149.636	934.715	83.734
88.3493	1288.56	156.369
136.623	1239.87	132.586
108.879	1091.64	102.618
14.3008
38.7514
22.8821
12.3798
9.88265
16.0856
34.5347
34.8064
21.401
19.8933
38.3447
35.9498
0.0630389
28.3704
31.0672
18.2216
9.38173	0.848096	32.586	1.33311	0.740786	3.64194	8.32628	0.646204	26.8874	10.5811	0.515739	30.3036	7.74838	0.846186	25.2971	6.75204	0.567805	23.649	11.0943	0.245092	25.7612	6.21635	0.243156	20.6248	5.58015	0.125401	24.2854	1.37387	0.171933	5.62167	10.1399	0.373635	47.1035	5.76702	0.295957	12.9726	4.26925	0.708349	9.04588	4.91893	0.621055	17.8053	8.03815	0.649003	16.4194	5.25396	0.45719	19.5546	
8.91711	0.659896	34.1617	3.1063	0.951047	9.17657	4.19458	0.705481	10.9415	7.64896	0.166698	33.4329	3.48622	0.61858	8.93783	3.41891	0.143505	8.76042	7.63145	0.197317	20.5272	3.59918	0.836451	15.5844	5.77311	0.574872	25.3182	3.09655	0.332705	9.78714	7.48405	0.59508	21.4368	1.48897	0.8591	3.67066	6.03387	0.291316	29.9654	5.83678	0.492333	24.7291	5.40949	0.847361	17.9309	3.97066	0.175047	8.59655	
5.00173	0.851234	23.4879	10.7191	0.632652	29.3704	6.19096	0.347463	16.3955	1.3511	0.661035	3.24777	7.18967	0.235118	26.8504	5.2346	0.409793	23.7148	2.92345	0.100747	8.85727	5.15408	0.326128	20.4197	6.62945	0.260665	29.6751	10.7497	0.27711	49.8949	1.13907	0.632912	5.62065	7.88567	0.501519	30.5416	8.72867	0.908751	26.8455	7.62244	0.706234	27.2829	3.24987	0.175423	8.93626	5.93538	0.123899	25.7214	
8.24288	0.508869	28.7507	7.13504	0.759006	33.2546	0.596467	0.390836	1.23929	4.40378	0.690219	15.8374	1.51191	0.295148	4.84869	1.94712	0.263068	6.6068	3.7651	0.944684	16.909	3.06842	0.903427	10.8459	6.76046	0.826602	18.4944	7.13715	0.621606	28.8665	4.62746	0.703988	11.7681	2.81946	0.317263	13.2259	8.13775	0.247274	22.0294	7.39328	0.667899	18.8425	3.35128	0.586955	8.38836	4.70202	0.747381	23.2928	
6.59235	0.903213	13.3839	3.22979	0.196081	7.17052	5.33818	0.620768	11.8081	6.92416	0.736819	14.8378	5.12591	0.843857	10.8037	3.28168	0.508438	7.34349	7.50505	0.115193	24.1061	2.57905	0.73595	9.64455	3.155	0.619042	7.84052	3.26777	0.193789	11.7017	6.49277	0.949838	30.2597	3.5323	0.846779	17.1911	3.49295	0.134023	7.76476	3.1813	0.607426	13.237	4.38165	0.753158	15.7787	1.76382	0.660371	3.87808	
5.97588	0.114261	25.6161	8.2058	0.108762	29.5065	3.2531	0.127536	8.31186	1.91171	0.404338	9.31462	4.18372	0.871516	18.0462	2.33447	0.101513	4.84339	2.28291	0.179883	8.47339	2.68329	0.445457	6.60522	5.63592	0.77075	20.7966	8.22661	0.345352	38.6776	1.94968	0.751701	5.58578	4.87148	0.944633	20.146	7.49515	0.317216	29.5552	6.51049	0.819621	30.3732	1.26861	0.972797	3.1926	4.07337	0.951337	19.6198	
10.9203	0.9762	32.8244	7.80257	0.909037	19.6509	2.11338	0.19602	7.70997	6.84977	0.782012	26.1222	1.60515	0.668349	6.73118	4.38042	0.824739	14.9955	5.77082	0.692734	16.7832	5.47207	0.345118	11.2008	9.07465	0.432016	34.2826	7.78407	0.581485	32.8193	7.20686	0.118141	24.4588	3.31391	0.177589	11.3031	10.1193	0.153034	30.6941	9.55344	0.11513	29.24	6.05514	0.415666	28.4421	6.95244	0.193448	25.3749	
8.03322	0.626908	16.8473	9.25278	0.618295	45.0132	2.54828	0.601326	6.31202	2.84325	0.280246	10.3814	3.63697	0.410461	8.44373	3.42876	0.246299	12.0582	1.59299	0.881273	4.58114	4.27418	0.950815	10.1826	7.648	0.578781	27.5949	9.26146	0.117024	19.5079	3.41123	0.437251	14.0741	5.11837	0.457962	14.6252	9.38687	0.992917	27.8143	8.46694	0.561174	30.5393	3.36567	0.760917	12.4033	5.87741	0.808952	18.9176	


# This instance was randomly generated with the following parameters: 
# SIGMA_MIN=0.1
# SIGMA_MAX=1
# CAPACITY_OVER_DEMAND=2