11	22
43.0213	1023.65	89.9049
64.4831	1299.94	151.169
17.4545	912.924	74.8507
84.4253	726.193	51.115
70.235	943.265	88.6946
145.284	1170.03	134.092
109.28	389.782	13.6273
117.955	1182.91	130.477
115.83	601.059	33.6134
90.0983	507.442	21.3355
113.202	911.584	73.5152
12.8178
7.53537
10.6201
2.2094
1.74302
10.2837
11.6768
2.51637
7.87101
4.73618
12.1629
2.14888
4.17191
6.52233
11.5289
8.97715
4.90943
16.2726
2.3578
8.03971
13.431
9.94675
3.6228	1.55939	12.4834	4.67623	1.18986	23.1077	5.6322	0.718042	20.8711	3.64499	1.88395	14.8134	2.98439	1.65533	9.48634	3.66143	1.00046	14.3013	2.74599	1.86063	12.2867	0.890456	1.26969	2.05916	5.59562	1.84464	12.2369	5.5356	1.72244	13.4972	6.72114	1.25087	27.4967	7.69003	1.65751	33.9502	1.61798	1.5388	5.63538	2.56032	1.05162	8.02503	7.77444	1.12908	16.382	1.35338	1.76848	5.70893	3.40934	1.19669	7.20137	5.53935	1.45138	14.6418	6.08673	1.31016	28.579	7.83364	0.908793	16.1826	5.2635	1.50203	11.4535	1.27869	0.765826	3.71444	
2.92096	1.42694	11.5263	4.3055	1.36427	12.7869	5.65854	1.95886	14.5186	4.38058	1.5318	10.5998	2.1414	1.14188	10.5566	2.86332	1.52209	6.20064	3.05111	1.3934	6.68377	1.88872	1.03761	4.36961	5.2035	1.85739	21.7117	5.1954	0.964348	19.9888	5.98069	1.76893	26.4583	6.70228	1.94011	27.0147	0.885403	1.75652	3.49525	1.49983	1.15735	3.1384	7.02871	1.44129	25.7537	2.36717	1.41685	8.93908	2.39764	0.956224	9.49019	4.5758	1.92043	12.8816	6.24636	0.515215	16.6061	6.91822	1.46012	34.4766	5.14889	1.11082	24.397	2.25074	1.5802	8.00018	
8.35438	1.21734	22.2186	9.83185	1.86068	44.4884	0.854998	1.58337	2.72056	8.41198	1.05644	33.4971	4.8058	1.77296	16.0204	8.19675	1.74216	18.942	2.59858	1.02762	9.39378	4.87905	1.39706	11.29	2.94068	1.84845	12.5683	2.66259	0.926115	11.2273	5.39341	1.08338	23.4308	11.0835	1.80568	47.9485	4.8484	1.10736	13.9401	5.87104	1.90276	14.0601	12.2473	0.577045	57.0304	5.95079	0.546613	22.6928	5.74274	0.976493	22.0059	9.30718	1.36736	27.435	0.748427	1.84792	2.45309	11.6624	0.780874	39.6888	1.51107	0.856978	7.39851	6.06391	0.736884	12.5282	
5.85628	1.96708	14.6331	7.25796	1.96266	25.4719	2.88384	1.96332	8.02824	6.06802	1.75622	13.8103	2.8437	1.81709	10.0263	5.74141	0.522189	28.3665	0.280808	1.23522	1.19712	2.42206	0.918557	7.34342	3.37433	0.930071	15.9105	3.21939	0.928593	10.7483	5.2634	1.91616	15.9503	9.06502	1.95357	23.0549	2.39486	0.922061	10.9923	3.58597	1.48495	12.1322	9.87317	1.77734	38.4239	3.54589	1.58643	9.66957	3.77277	1.91073	11.5528	7.10778	1.6326	31.2354	3.33176	1.8848	7.88377	9.49798	0.532235	25.9643	2.62919	0.82084	5.44031	3.62225	1.2731	17.4651	
4.28681	1.02559	16.8573	5.95354	1.49768	25.651	7.60154	1.56799	21.2469	8.76831	1.49283	41.378	3.54858	1.32701	17.6083	3.87748	0.892962	13.8031	6.63019	0.889347	15.9231	6.67223	0.996819	22.3147	5.7279	0.737992	26.192	5.94298	1.23541	18.3053	4.29369	1.15693	16.6497	3.38498	1.67209	12.9829	4.53867	0.73821	10.7749	3.36438	1.90022	7.58451	5.68119	0.799813	14.4594	7.20151	0.652478	18.2114	2.68306	1.50966	7.56104	2.69514	0.633448	8.57502	8.48489	0.76194	25.1055	4.29335	0.742454	18.4186	6.77427	1.05943	23.2636	7.06284	0.673928	34.1918	
2.34129	1.58506	11.0145	3.31708	1.77431	7.60317	6.78982	1.07018	14.9986	3.40873	1.99159	13.27	3.27206	1.52152	6.74358	2.45649	0.509024	8.5664	4.02277	1.33735	17.3523	2.19625	0.784318	4.95713	6.41988	1.3479	26.4518	6.40964	1.72318	13.0462	7.11402	1.80807	17.0192	6.65697	1.37932	15.0871	2.10031	1.94553	7.95007	2.31619	1.26895	6.7305	6.46795	1.8868	27.392	2.03408	1.43937	9.1139	3.30855	1.72286	10.2647	4.49227	1.67932	9.98955	7.32184	0.639838	28.4506	6.67617	1.72202	14.5322	6.32404	1.80773	14.3848	1.84418	1.09063	6.19419	
5.87229	1.13192	29.0926	7.67301	0.91683	35.6908	6.30508	1.9781	15.723	9.72265	1.41945	28.7971	3.45145	1.57475	15.6035	5.47047	0.518931	12.0374	6.16917	0.50809	13.5239	6.93955	1.63841	30.043	4.18915	1.28205	19.4146	4.44687	0.689238	11.2344	2.2757	0.877356	5.43669	5.40658	1.54001	16.0266	4.78137	1.93009	22.7203	4.0093	1.5813	16.9807	7.7879	1.59313	19.4373	7.73307	1.64919	20.0688	3.02907	1.95154	14.3297	4.74146	1.0976	20.154	7.20986	1.35412	30.611	6.37335	0.944161	17.3053	5.46744	1.17719	25.5187	7.64189	0.784031	24.1846	
8.21364	1.55702	19.5171	9.77999	1.7534	19.8234	0.178731	1.98785	0.442451	8.72205	1.11233	17.8593	4.47555	1.2368	15.9314	8.02152	1.67847	26.714	2.79006	1.82865	10.8511	5.10774	1.21825	22.093	2.1995	1.35896	9.81394	1.91949	1.77245	9.50604	4.65469	1.70893	19.6306	10.6618	0.939308	24.5774	4.73242	1.80088	23.3681	5.63167	1.68288	25.2701	11.9875	1.55265	52.0092	6.21709	1.52532	24.015	5.37976	0.778821	23.2224	8.97389	1.88433	41.3011	0.977301	1.30241	2.91275	11.296	0.842762	43.5575	0.789297	1.57739	3.73197	6.30853	1.4718	23.5664	
1.43005	1.77583	6.55539	2.96292	1.85157	13.6634	7.01075	0.714732	32.8506	4.46766	1.72535	14.925	2.83847	1.0751	10.8039	1.3929	0.692096	3.94709	4.53225	1.52741	21.7391	3.1688	0.641506	9.03583	6.25143	1.54132	15.7603	6.29404	1.47774	26.8946	6.52643	1.74817	23.8567	5.47655	1.11625	14.155	2.11624	1.62562	4.81516	1.60517	1.58171	5.57625	5.5485	1.13211	19.0627	3.218	1.07964	15.8029	2.54376	0.850177	12.1995	3.31134	1.71677	12.7632	7.6549	1.26061	24.5278	5.56094	1.45859	13.3562	6.42692	1.49017	23.2078	3.03617	0.662525	7.88777	
2.70929	1.11515	8.45927	4.5333	1.37266	21.1116	6.75318	0.879407	30.9829	6.84715	1.4027	24.7226	2.18615	1.09866	5.24652	2.31465	0.586484	8.45403	5.1472	0.761549	23.1986	4.81281	1.47146	16.0129	5.29723	1.79994	23.7685	5.44036	1.92892	25.3701	4.7349	0.626576	19.0446	4.13866	1.9247	17.686	2.77926	1.74094	9.6925	1.50968	0.952815	6.27511	5.47444	1.53603	20.4524	5.27135	1.84499	15.3949	1.24759	0.849441	3.86895	2.35965	1.06257	5.30049	7.56884	1.85704	36.9329	4.67609	1.66551	10.2285	5.99245	1.43953	20.0987	5.12709	0.721321	19.1576	
4.10296	0.687657	16.6799	5.94688	1.69449	15.4315	5.52541	1.33397	21.1927	7.59706	1.6093	30.3833	1.46469	0.829042	5.77607	3.73626	1.03196	15.4455	4.49627	1.26808	17.967	4.8788	1.67648	22.3236	3.85877	0.815698	18.3066	4.02912	1.07956	18.4831	3.25356	1.26521	16.0645	5.25554	1.10529	14.0908	2.6963	1.10582	7.17148	1.89057	1.24273	5.74053	6.94212	0.969642	28.4008	5.61749	0.890498	25.2668	0.899615	1.96528	2.07865	3.78269	1.02708	13.7081	6.38869	0.897077	23.6722	5.96351	1.56673	19.4559	4.71918	0.632986	11.3936	5.51954	1.5434	12.3584	


# This instance was randomly generated with the following parameters: 
# SIGMA_MIN=0.5
# SIGMA_MAX=2
# CAPACITY_OVER_DEMAND=5