8	16
9.07846	909.758	77.6243
33.7167	1323.02	150.593
171.175	576.93	31.4416
55.0662	928.229	71.359
14.7738	550.477	28.2217
110.592	923.372	81.3905
118.587	951.626	76.1207
29.6774	1210.13	127.24
21.5947
8.45041
7.99356
43.5292
28.0932
15.0457
32.2542
27.8408
33.3201
35.9391
54.2829
30.3461
36.6678
28.881
5.03997
20.0486
3.05972	0.81077	14.9513	2.23642	0.678513	4.66748	7.0631	0.664833	20.865	2.3962	0.514039	7.77545	5.45926	0.46557	20.7983	4.60415	0.971617	18.1388	5.99736	0.530873	18.4669	4.92655	0.135807	19.202	2.35021	0.927624	9.78777	7.33083	0.240423	29.924	2.8345	0.102221	8.25323	2.47673	0.739723	7.40736	5.42875	0.57189	16.2704	6.6759	0.230604	13.4684	3.92227	0.953661	19.5541	3.15697	0.864508	6.58851	
5.92339	0.462694	18.3181	3.13972	0.410165	8.748	6.00183	0.848503	21.6141	1.89177	0.419982	8.58316	2.32304	0.960026	7.4153	2.68834	0.508299	5.89131	3.59175	0.916124	8.88716	3.48835	0.272365	16.9654	2.50654	0.904749	11.7549	5.87252	0.254881	29.0444	6.1859	0.900719	14.3605	3.6955	0.917682	9.63791	8.13271	0.771652	32.133	5.34077	0.633316	17.5505	5.96523	0.507792	21.7494	5.91508	0.664159	11.9382	
3.7075	0.24423	13.9036	6.00158	0.121008	27.7674	10.1175	0.385457	36.6226	6.86885	0.139232	19.4654	9.88816	0.356342	33.883	8.69122	0.867359	21.118	10.0713	0.381724	36.6376	8.91491	0.416722	32.224	6.47049	0.794615	29.1565	10.6351	0.78489	28.276	2.98815	0.585317	12.0709	5.7935	0.208165	27.5435	4.37024	0.98538	15.4561	10.007	0.787241	41.3187	5.48174	0.764751	21.8232	4.24131	0.964483	12.7931	
3.72061	0.422112	10.816	1.61232	0.8421	7.38898	3.21746	0.263337	15.1517	4.43075	0.154704	17.5858	3.57127	0.810766	17.7323	1.8966	0.903099	8.84177	3.03304	0.15138	10.906	6.97219	0.393332	22.0563	1.7349	0.386833	4.86597	3.54329	0.264439	11.281	6.53953	0.446413	27.5342	1.50725	0.324649	3.23895	5.24929	0.445971	17.642	2.88745	0.723597	14.3239	7.68843	0.211024	36.9784	7.00504	0.314477	28.0843	
5.2613	0.33985	12.2314	3.79321	0.497919	17.4229	1.16063	0.99593	2.9721	6.49028	0.229108	18.7561	4.31395	0.840359	9.8752	2.83425	0.187126	5.74606	2.99425	0.962836	13.206	8.8619	0.916501	31.7254	3.893	0.462046	19.2594	1.7602	0.215171	6.31433	8.64047	0.482246	40.431	3.59025	0.597782	10.0998	6.02835	0.582524	20.49	1.25777	0.168941	2.9686	9.87692	0.710806	27.9389	9.17501	0.870094	28.2923	
3.7322	0.730968	13.2147	0.939978	0.194982	3.13879	5.16395	0.377653	12.4553	2.34535	0.695206	5.50633	3.41773	0.904313	10.727	2.44129	0.401825	6.53751	3.83283	0.628611	12.1296	4.9909	0.444178	16.2482	0.391453	0.782122	1.21638	5.32197	0.244861	13.4331	4.99865	0.497056	12.3646	1.50698	0.417193	6.15634	5.91082	0.199848	24.921	4.68082	0.610053	11.9703	5.71466	0.803523	20.2597	5.19385	0.931312	14.4181	
6.711	0.520982	27.085	3.79439	0.748345	17.5995	4.6979	0.326483	16.7404	3.80712	0.795624	11.1133	0.383806	0.637733	1.40817	1.71026	0.136677	4.56478	1.87695	0.49842	9.15304	5.15304	0.868162	22.4664	3.21029	0.733942	10.4438	4.381	0.656986	12.2304	7.87749	0.889013	18.9324	4.22576	0.651241	10.9579	8.63262	0.506143	27.5178	3.97235	0.882785	14.1544	7.88622	0.878278	18.1458	7.75305	0.791949	18.7498	
3.53422	0.410906	12.3798	2.71792	0.419552	7.51992	2.90165	0.93585	13.6103	5.81668	0.962801	20.3238	4.9171	0.908985	24.1486	3.22074	0.115992	7.51042	4.02686	0.677212	18.2656	8.43567	0.721166	30.2379	3.08098	0.174026	13.5668	3.50115	0.788112	11.3562	7.17276	0.978809	20.1714	2.31314	0.285907	9.57522	4.36233	0.284655	16.9913	2.93855	0.207328	11.7324	8.69523	0.159593	21.0666	7.85445	0.5287	22.1781	


# This instance was randomly generated with the following parameters: 
# SIGMA_MIN=0.1
# SIGMA_MAX=1
# CAPACITY_OVER_DEMAND=1.5