11	22
97.2728	1087.1	102.012
18.8554	802.936	56.9676
19.3472	389.97	13.0222
12.0885	962.148	86.0169
74.0643	1246.09	153.193
123.744	1097.18	101.959
44.4147	647.963	39.2375
3.8891	1109.97	106.314
108.872	759.3	48.9408
160.522	1153.29	116.474
11.3501	1211.81	146.09
38.8136
36.9855
29.4733
40.8388
3.54472
12.7812
38.6349
7.4353
6.60447
13.272
14.1099
4.76777
0.315709
42.6021
39.5919
32.7596
13.7987
28.3915
12.301
15.1675
27.9043
25.0204
9.60492	3.19672	30.9968	2.19978	2.50017	5.20907	8.82239	3.26997	23.8759	1.29476	3.36359	4.68016	6.74358	1.76889	18.7129	6.59813	2.31191	29.3675	9.73291	3.05321	39.9235	5.46489	2.67554	24.8536	5.31151	3.6731	14.1558	3.90147	2.2666	12.8077	5.74766	1.92152	27.7576	9.68236	1.00516	46.5114	8.64209	2.05264	31.8967	4.26423	3.01842	15.5789	4.10632	3.67501	14.6629	6.64412	1.20191	19.9556	9.15834	2.92024	37.1536	3.6231	3.8024	14.5393	7.41427	3.28162	32.7617	6.20356	2.23546	25.0398	1.40829	1.9195	5.2927	6.91995	3.35121	27.0031	
3.75181	3.15191	16.2533	5.37122	3.59648	24.0467	2.31817	3.87805	6.74974	7.07095	2.08029	19.7044	4.41613	3.84783	20.5648	0.413969	1.43492	1.9431	4.15627	3.80593	13.4524	3.85988	2.88129	11.427	3.68802	2.87342	8.60024	4.54643	3.87021	16.9214	5.58032	1.15241	26.2557	3.74136	3.72743	9.02484	4.20326	1.00168	19.796	6.50232	3.56175	18.0617	3.08832	1.91562	11.7674	0.642396	3.82656	1.56758	5.02987	1.39567	12.8964	4.64549	2.10959	15.615	4.82638	1.14608	10.4509	2.89836	3.69931	6.61223	5.97035	1.38424	14.7876	2.50371	3.34848	6.02016	
2.82373	1.69898	10.3864	7.02223	3.38933	24.6251	4.54967	2.75979	10.0805	10.1537	2.36141	45.3316	2.49826	1.82206	7.32786	5.46535	3.7338	22.6634	2.31667	2.87516	11.0878	8.78001	1.56755	36.4461	8.5788	3.97516	19.4041	5.30975	3.84215	12.6998	4.24047	1.82299	18.9292	3.01114	2.82219	10.876	0.88475	1.36894	2.79797	6.28068	3.68242	17.5781	7.46311	2.57309	17.6036	4.43129	3.93595	10.5165	0.11517	3.14006	0.573728	5.58692	3.13824	16.065	1.96531	3.37273	5.22592	3.04064	1.06977	12.5717	7.87989	1.59764	35.5472	7.54536	2.10249	19.6818	
0.63129	1.36207	1.87122	8.31199	3.73476	27.2261	1.91875	1.85407	4.19417	10.7192	1.14875	43.7054	4.9037	2.45323	23.7888	4.11016	3.52573	20.5079	1.13289	3.40252	2.62348	7.60895	1.82729	31.4271	7.4671	2.81863	28.0274	6.88961	3.52493	22.9624	6.7542	2.94153	22.5385	0.449048	3.19931	1.22699	2.79848	3.47011	13.1165	8.48988	1.77587	34.1982	6.96167	1.40552	17.4866	3.50325	1.99895	12.9011	3.32349	1.62226	16.4653	7.11058	2.62925	29.7101	4.76658	2.71239	15.4822	4.19529	1.90487	16.0075	9.08515	2.49796	38.5249	5.75644	3.421	16.938	
2.97639	1.77931	13.2489	6.476	1.94484	19.2762	1.19091	2.33864	4.15861	8.23135	3.90595	17.9773	4.83633	2.21162	19.1881	1.22844	2.34783	5.17494	3.48076	3.79762	16.2798	4.64996	2.68578	19.5138	4.51237	1.27064	16.3984	5.50789	1.50122	14.0961	6.26641	1.09181	21.3307	2.91853	1.70066	14.21	4.00587	1.24473	16.9493	7.42339	2.13688	34.8325	4.17323	3.37255	12.6783	1.24939	3.78426	4.7104	4.82753	2.09642	11.125	5.63929	1.78551	17.4951	5.10924	3.34252	17.5985	3.4253	1.95933	10.4296	7.10661	1.50554	29.8361	2.85713	3.5979	10.9575	
6.85878	3.13088	14.8547	2.35613	1.32975	7.32504	7.09969	2.41133	34.3602	5.77849	1.85928	17.5539	2.81273	2.20752	12.6829	5.86319	3.93991	23.7473	6.72838	2.41947	19.2543	7.25423	2.4023	32.1253	7.02747	3.48461	19.4667	1.18434	2.29841	4.06962	1.26297	2.94701	6.27489	7.00255	1.63983	20.278	5.15382	3.54936	14.1559	1.0707	3.56202	4.17514	5.41396	1.71647	14.7731	5.18677	3.65276	18.4404	5.3806	1.39211	25.2777	1.29307	2.57041	2.7323	3.3567	2.40511	13.4554	3.26324	3.0223	9.50306	3.11212	2.04826	11.8971	7.42697	3.7549	16.6103	
7.09463	1.20196	28.7784	6.66499	1.26732	32.8648	5.13279	1.44759	22.6282	6.48101	1.40201	22.0994	7.73814	3.78222	20.0783	3.22935	2.11381	8.63581	7.59157	2.62835	16.2915	1.27193	3.62786	5.7918	1.36739	2.55837	4.47021	6.76369	3.49781	24.3083	8.42642	2.38805	35.9985	7.03236	3.41655	34.68	7.82164	1.01472	28.1289	8.62294	2.15159	24.1284	2.73393	2.01531	8.01818	4.2542	3.15318	9.87809	8.64819	1.54116	32.3039	6.71629	1.72896	19.3866	8.25509	1.99513	29.4258	6.23363	1.01296	12.7023	6.84105	1.98285	18.8745	1.28073	1.55739	3.52657	
2.21741	1.8638	10.114	8.40012	3.37163	27.642	0.957146	2.78818	2.19216	10.3083	2.89519	44.1147	5.86541	3.25939	22.1695	3.29116	2.31759	6.68268	2.81391	2.84196	5.8908	6.48316	3.28492	18.7104	6.37953	1.20865	16.7422	7.23787	3.96446	32.0218	7.57987	2.70875	20.0316	2.05016	1.08676	5.58824	4.18658	2.45765	16.4286	9.04797	1.58492	27.827	6.22888	3.68481	29.4291	3.15032	2.95091	10.1114	4.86215	3.12975	22.7103	7.41059	3.64491	31.4778	5.90925	2.44734	27.2215	4.76097	2.70443	21.1778	9.08211	3.65587	26.6288	4.43919	2.67101	11.4814	
4.7383	2.68702	20.9509	3.17014	2.58585	12.6828	4.7161	2.67845	10.8958	6.16012	1.57667	30.1632	1.89382	1.35237	7.31331	3.56654	3.49763	17.2583	4.73798	1.38114	20.0708	5.70114	2.58149	17.7738	5.47379	2.05043	19.5542	1.65307	2.56189	4.8487	2.39371	3.6633	6.74764	4.85641	3.50296	13.277	3.49858	2.37175	12.014	3.42777	2.97421	14.8722	4.00796	2.20676	11.7609	2.80139	1.3923	8.2164	4.03376	1.94342	9.63227	1.87378	1.50018	4.31023	2.5576	2.64828	10.1935	1.094	3.29308	2.61156	4.00303	3.87752	8.34761	5.35272	3.52948	16.3558	
5.28373	1.96699	19.8791	3.90679	1.67894	12.3615	4.06314	2.7808	11.8602	5.3235	2.44572	17.6265	4.53318	2.42503	12.4578	1.75971	2.92306	8.06491	5.59234	2.51267	24.704	2.95402	3.64262	13.871	2.73277	3.38963	9.83278	3.54148	2.58609	13.2321	5.10749	1.52809	20.4274	5.30741	1.51092	16.8933	5.17555	1.42913	12.8483	5.48091	3.76837	26.9592	1.54035	1.5981	3.39793	2.01159	1.55406	5.88028	5.94192	1.59796	17.0316	3.54514	3.40957	8.51677	5.1135	3.55809	17.1426	3.10797	1.35059	11.3488	4.38901	2.45502	16.7549	2.7422	3.19924	5.96468	
5.67839	3.66127	18.6656	2.4531	1.30488	6.3844	5.02151	2.71072	24.459	4.75902	1.45776	19.7962	3.5497	3.4947	8.0725	3.11347	2.61262	14.8972	5.82752	3.62657	15.9796	4.24537	2.59843	10.7523	4.01597	2.67925	19.4304	1.91602	1.35277	9.10748	3.65413	2.31187	9.1415	5.75421	3.43081	15.7915	4.90978	3.55204	16.1605	3.84374	1.82681	11.5737	2.45182	1.59587	10.8825	2.8315	3.58984	12.4855	5.54724	2.60144	13.3786	1.90795	1.44155	3.88317	4.21283	1.89305	16.8561	2.48331	1.35849	8.14942	3.10363	2.77882	13.152	4.37847	3.73351	20.3326	


# This instance was randomly generated with the following parameters: 
# SIGMA_MIN=1
# SIGMA_MAX=4
# CAPACITY_OVER_DEMAND=2