8	16
15.8294	862.964	73.0921
51.3797	1035.99	90.9335
101.092	1356.71	152.679
56.1417	882.89	67.1248
88.7037	1123.11	111.941
84.0693	1020.95	101.203
119.71	671.216	40.6353
21.9149	679.177	43.0657
12.3093
7.87491
20.1051
21.3037
16.317
14.3908
15.5048
21.3942
20.7578
4.87445
9.01055
15.0156
0.271406
17.8551
13.9949
15.912
6.29132	0.527778	26.6871	1.39293	0.2303	5.41633	7.61567	0.826793	22.8422	5.52561	0.29373	18.7188	2.81129	0.836989	6.91932	6.38182	0.7812	29.3316	6.50244	0.253269	25.7032	4.40378	0.732299	10.5246	5.73748	0.214644	26.6916	1.05255	0.613882	2.18664	3.92511	0.965325	15.0496	7.6703	0.354525	15.4391	7.61156	0.934268	34.9079	9.41928	0.587385	37.1157	7.34679	0.852194	32.5772	7.03175	0.399261	28.4966	
9.17002	0.39863	38.4156	5.81608	0.793303	19.3499	12.249	0.261871	43.278	2.89048	0.162795	9.5442	9.08411	0.174468	41.8326	9.64661	0.870145	40.7289	8.42137	0.225977	38.2816	10.851	0.653974	23.8916	10.1494	0.845081	43.3221	7.52478	0.186572	29.5188	8.63816	0.36894	35.0507	9.67224	0.63279	44.0092	7.46556	0.588134	28.2395	9.48954	0.816339	34.1635	9.3573	0.812315	43.3324	3.9059	0.728367	18.3389	
3.73544	0.451548	13.5953	5.37792	0.536052	13.3854	7.064	0.347922	32.7049	2.6187	0.776133	7.63417	8.15892	0.857108	23.4981	4.25748	0.82243	11.9164	2.91256	0.905089	8.6318	7.15073	0.419406	23.6099	5.10325	0.230431	12.52	6.39368	0.593338	17.8062	4.15298	0.721989	16.702	4.17642	0.687556	9.55658	2.53144	0.828469	9.2288	4.61927	0.175327	19.0606	3.8543	0.24716	14.3	2.61563	0.508136	11.3147	
8.61761	0.917027	17.2907	2.48975	0.340827	5.53248	9.49579	0.167732	46.3873	7.37054	0.369434	25.2788	1.12206	0.376487	5.00841	8.65564	0.277947	41.5481	8.89164	0.383305	22.2299	5.5557	0.642305	25.8171	7.82248	0.11713	24.8105	1.38037	0.851178	5.48059	6.11087	0.663315	14.4167	10.0315	0.267085	29.1546	9.98975	0.203169	20.1839	11.82	0.207279	31.6208	9.71457	0.616946	19.4433	9.04128	0.235934	37.4666	
1.04385	0.357233	4.60011	6.20171	0.717626	18.9908	4.31016	0.2354	8.79754	5.2919	0.380592	22.6598	8.02367	0.381389	17.1903	1.50605	0.232002	4.1756	1.03631	0.688082	3.41649	5.36878	0.233201	17.1183	2.46808	0.590596	7.04053	6.5183	0.52938	20.204	2.32624	0.357251	6.61899	2.16012	0.952101	7.97106	3.00548	0.983974	14.9159	4.16501	0.808591	17.1773	1.82814	0.141198	5.1771	5.3124	0.858824	24.693	
3.5181	0.797195	17.3651	9.47415	0.628683	44.8324	6.319	0.251849	31.2585	6.70501	0.115	22.4342	11.6874	0.547446	24.1792	3.91372	0.616568	19.2489	2.69674	0.842199	8.55594	8.91473	0.888054	35.326	5.45352	0.126627	22.7125	10.091	0.411421	25.189	6.02037	0.436433	24.2394	2.1958	0.352008	8.73084	1.99086	0.57052	5.72632	0.484836	0.145392	1.34766	2.29394	0.788519	10.5794	5.64123	0.269896	25.9692	
3.57403	0.807377	11.491	3.5494	0.961491	14.7516	5.90569	0.81949	22.574	4.04664	0.551077	14.6228	5.70662	0.245728	28.475	3.82387	0.938005	17.3155	3.56194	0.822837	7.20681	4.68444	0.584616	16.066	3.78818	0.297481	12.2791	4.04158	0.549992	9.03636	2.1307	0.495468	8.81801	4.80709	0.886099	15.6174	4.65651	0.97356	20.9557	6.4206	0.523435	22.7254	4.46853	0.991701	20.6697	4.96215	0.513579	20.2599	
6.9321	0.851138	22.1796	0.631342	0.85048	1.42733	8.89331	0.938175	31.1551	4.26754	0.744454	15.0954	3.98163	0.946645	17.5441	7.15966	0.283898	33.935	6.84188	0.842497	22.8695	6.14784	0.94388	23.3994	6.86294	0.937043	31.489	2.31623	0.313334	7.89613	5.02172	0.40602	11.2373	8.13154	0.254942	32.9873	7.41738	0.523825	15.9759	9.42011	0.805605	30.7715	7.78777	0.325719	17.8814	5.96852	0.644079	12.7501	


# This instance was randomly generated with the following parameters: 
# SIGMA_MIN=0.1
# SIGMA_MAX=1
# CAPACITY_OVER_DEMAND=3