8	16
130.075	1224.97	141.022
118.432	1276.71	143.748
172.917	950.706	84.4889
36.0366	1024.64	87.2334
40.3382	623.387	35.1523
73.0913	1142.09	108.277
115.42	1179.83	130.152
67.5458	549.577	26.1804
4.26253
44.3784
8.37135
48.4644
45.0756
5.20597
49.8405
41.071
48.9401
29.4972
38.9889
36.4817
35.1833
1.00166
11.0066
56.4003
5.06588	3.46142	19.9695	6.84553	2.2723	14.0862	3.55092	2.11921	14.6921	6.75222	1.52588	24.2006	2.84006	2.14606	9.54619	7.01767	1.42587	26.6778	3.76934	3.84008	17.331	2.4213	3.78401	8.76772	6.21324	3.45665	16.8172	4.68777	3.88594	14.5053	1.92893	2.85156	9.31517	5.26541	3.80319	13.8203	2.25846	1.62148	8.76704	8.59345	1.47821	27.8979	8.16354	1.15397	24.1717	2.97529	1.51042	11.2489	
1.00093	3.83659	2.35151	2.2209	2.52062	5.29471	5.01813	1.68435	18.4132	5.19053	1.50741	15.7585	5.44925	2.94964	17.357	3.17312	1.85983	10.9055	5.63085	1.1024	16.7713	3.02724	1.82285	6.89082	4.9035	2.29485	12.6688	4.87497	1.69522	18.5988	5.87709	2.42037	18.7254	1.79442	3.85475	6.30634	4.12908	2.94616	17.7034	3.49892	1.61025	17.3913	4.78345	1.87261	17.0535	4.70306	3.02088	21.5528	
1.54534	1.8016	4.29385	2.28442	3.30904	11.2426	6.62288	3.08776	30.8134	7.62327	3.43939	25.2659	6.70647	3.22223	29.5826	1.87947	1.07845	8.21206	3.90657	2.06858	10.6302	2.78966	1.83291	12.7821	2.36309	3.70439	5.58644	2.68097	1.55273	6.6279	5.06156	1.85679	17.0765	0.797972	2.9014	2.42198	3.25135	1.63083	9.13644	4.9185	1.71647	15.2482	3.01808	3.87042	14.7436	3.31238	3.78847	14.3784	
2.45139	3.24835	11.9662	2.96338	1.71153	14.0635	7.26538	3.61267	23.5632	8.48264	3.70671	24.3416	7.24924	2.86502	27.7943	2.16272	1.97789	9.15467	3.45074	3.65235	12.6382	3.14953	3.99461	11.1637	1.4601	3.50072	6.61142	2.02042	3.66609	4.28672	4.96249	1.24096	23.229	1.69651	1.46068	5.07427	3.28313	1.4255	10.7701	5.67175	1.43847	26.9671	2.79811	2.53325	13.2929	3.08793	2.09281	6.70278	
1.24907	2.1802	4.14746	0.554615	2.20579	2.56929	6.69649	3.57016	14.9796	6.70245	1.94722	20.7772	7.0684	2.17313	24.3693	1.59757	2.49112	3.72445	5.83277	3.68427	24.1432	3.96223	3.55771	17.3765	4.09277	3.42318	11.2902	4.67185	1.4824	11.8339	6.6633	3.07066	31.0708	1.30824	1.99229	3.71469	4.81461	3.0366	16.9254	2.9279	2.69926	9.04829	3.20945	1.6744	11.2579	5.11085	1.01354	15.4514	
2.08636	3.29904	5.22506	3.42969	3.10259	11.6459	5.87035	2.85562	14.5082	7.45287	3.67605	29.052	5.79405	1.6339	25.0444	3.16969	3.56934	7.19796	2.84546	3.66922	9.50091	1.66918	1.60225	6.29849	2.63035	3.09484	9.42168	2.02534	2.01203	7.74634	3.77552	3.33972	18.5881	1.71985	1.16479	4.03819	1.96126	2.36291	5.01241	5.88749	2.314	17.7561	4.18725	2.00191	18.8007	2.09114	1.112	8.07624	
3.2971	1.35537	14.0561	2.60912	1.89368	5.95431	8.7771	1.79931	25.7025	9.39997	3.59836	41.8672	8.89658	1.79107	20.7687	1.26929	1.89993	5.64942	5.20239	3.34204	23.0114	4.94295	2.28284	13.6485	2.14633	1.86636	8.68864	3.64574	1.52808	13.9641	6.86566	2.6753	14.8795	2.56156	3.97457	10.8189	5.19187	2.8156	11.1246	5.1411	2.11185	17	0.885871	1.2992	2.62304	4.97517	1.07062	17.4169	
3.98583	1.23818	15.6747	3.25474	2.67937	8.90521	7.24407	2.65187	34.1996	5.5045	2.1194	19.4257	7.9887	1.72157	30.9641	4.55037	3.55918	22.2407	8.91044	2.42252	33.0306	6.42391	2.79049	24.5056	7.38885	2.13854	25.1466	7.91383	1.11997	36.653	9.27359	2.94558	41.9934	4.49257	1.31027	10.4295	7.52339	3.72896	27.879	0.958554	1.43124	2.86804	5.87803	2.69557	23.4712	8.04716	2.4888	37.6259	


# This instance was randomly generated with the following parameters: 
# SIGMA_MIN=1
# SIGMA_MAX=4
# CAPACITY_OVER_DEMAND=1.5