10	20
148.731	494.346	24.1928
131.572	1169.22	119.609
96.2897	1234.55	143.691
98.5751	541.648	28.7144
160.286	1062.65	94.1291
114.952	1116.2	117.292
167.959	697.741	46.772
43.8498	1260.38	141.792
152.192	465.967	19.8044
76.5537	1210.13	126.975
53.0243
28.8246
11.3321
59.3318
7.62782
11.6767
61.7522
25.843
46.9543
25.0089
21.5373
45.0127
0.859475
45.2012
4.60236
9.50643
41.8635
26.7367
0.444396
48.1747
8.90044	2.29943	19.1341	9.25477	1.8275	25.2235	4.02884	1.29127	15.3057	8.94396	2.49609	34.2471	7.08836	3.64942	22.3102	4.82624	2.11239	14.9277	4.88632	2.48447	17.2256	9.90835	3.57378	48.9594	5.59161	2.4706	12.2678	6.69994	2.70501	24.7915	9.22309	2.26803	45.7431	1.49199	1.18239	5.22505	8.24811	3.83922	37.4043	7.0245	3.69075	34.5372	5.5733	3.49727	22.4542	9.44699	2.74618	31.2937	5.11145	1.89112	22.5163	7.47956	2.62098	35.9822	2.91759	2.31351	11.3756	4.32158	1.96954	18.8913	
3.22741	3.36164	15.058	4.42545	1.40034	9.77329	6.27141	1.67297	19.2045	0.628676	3.20825	1.51239	6.90971	3.75046	32.221	5.34687	1.87388	22.1864	4.62488	2.09336	16.1704	1.96947	1.09381	4.88387	5.77153	1.78955	25.996	6.09504	3.51687	22.9134	6.75569	2.2775	21.9897	7.91228	3.13723	17.1945	1.18533	3.71416	4.42035	2.7133	3.08555	7.1673	3.87558	3.89151	9.31795	3.10034	1.4621	15.0655	4.87875	2.30427	11.6849	5.96412	3.98696	23.5191	7.40545	1.88547	22.7872	5.82591	2.71286	18.0996	
7.63035	1.06185	36.7227	3.55415	1.02629	11.937	5.82478	2.5859	23.2705	5.86179	3.82257	25.8379	8.83349	2.58261	38.6363	5.59562	1.57203	25.6583	4.36805	1.57705	21.1935	5.28417	2.93037	12.9974	6.83955	1.57802	20.1704	7.98847	2.82422	30.6042	10.0992	2.37006	35.5415	4.92439	1.97231	10.3988	5.26209	1.99044	21.9793	3.35976	1.91751	8.49122	4.19532	1.4521	13.8883	4.26219	1.17738	19.3842	1.96344	2.45791	5.59923	1.53024	2.92218	7.44085	3.04735	2.60385	6.12634	1.94745	1.45463	5.94656	
8.42921	2.88669	28.1108	1.20193	1.61419	2.61517	8.51415	2.35471	22.0208	5.89935	3.57485	12.6516	10.9156	2.05951	43.7155	7.99196	2.08743	24.2776	6.70938	2.46278	18.0747	3.95709	1.00244	19.3125	9.08628	1.12116	37.5867	10.0184	3.57373	22.4875	11.6172	1.83094	57.9437	8.24334	2.51519	31.9035	5.62892	2.37349	19.3102	4.29111	3.4551	19.7472	6.19375	2.97608	22.9913	2.5973	1.96629	7.39279	4.65402	2.07132	9.3842	2.00806	3.10949	9.54193	6.47369	2.79031	22.2356	5.14924	2.09699	17.1066	
7.74769	3.31205	30.4743	4.84067	2.56119	23.0967	5.05341	2.99822	19.901	6.39348	2.59099	27.0371	8.2964	1.82686	39.092	5.02759	1.03906	11.3317	3.94677	1.08945	17.6513	6.26835	3.25659	16.1598	6.28933	1.7252	30.95	7.50735	2.34654	26.2295	9.80153	2.02321	36.599	3.70281	1.45348	13.83	5.72679	1.40407	24.0809	3.88266	2.30078	19.3968	4.01483	1.89203	12.8573	5.39754	2.48339	14.5403	1.84451	1.13323	4.73758	2.8357	1.69304	12.949	1.72855	1.06842	4.1088	1.17953	2.1646	5.82288	
7.31536	2.51462	16.4312	3.23128	3.14506	7.85107	5.75488	1.35143	22.982	5.48653	2.6717	12.0183	8.67139	1.1825	41.1371	5.46305	2.60303	22.2564	4.20884	1.53966	8.77916	4.88595	1.34824	13.3565	6.69143	2.19417	26.5914	7.81386	3.02905	25.0963	9.86803	3.37949	20.0004	5.0532	1.49336	10.6942	4.89785	2.12208	22.1429	2.99967	2.54786	6.07475	3.97413	3.52612	9.27953	3.88001	2.96455	16.1102	1.81344	2.56252	5.43017	1.44258	1.65405	3.04135	3.26619	1.64201	15.845	1.99323	3.87768	5.63821	
3.58663	1.50504	13.451	7.82668	2.66467	34.1856	1.50088	3.00978	4.99949	4.76996	3.13691	12.3244	2.41287	3.18412	12.0438	0.908963	1.43379	3.87362	2.05447	3.02436	7.35872	6.82357	2.2908	23.508	0.46017	3.86964	1.84285	1.5924	2.26824	7.20279	4.00446	1.4642	16.7188	4.25794	3.52926	15.3395	4.27923	2.69016	10.048	4.45149	3.79431	17.5039	2.43487	3.11153	6.58213	7.16284	2.8186	29.5023	4.46019	1.70986	15.8215	7.5799	2.19095	17.7559	5.29717	1.93992	11.5373	4.74133	1.77637	11.7385	
3.41409	1.74719	14.5884	4.2473	2.58357	15.9733	6.35334	1.48833	17.5829	0.780546	3.68098	2.60266	7.06583	1.6682	21.6224	5.4359	2.23817	13.9246	4.67638	1.31064	9.59594	1.77836	3.78559	5.54084	5.89416	1.32881	15.054	6.24464	1.43584	25.525	6.93894	1.05038	29.918	7.9348	2.79876	31.188	1.25744	2.34144	4.59781	2.65711	1.34003	9.78563	3.92108	3.28945	16.9537	2.91501	1.50667	9.05987	4.83364	2.56755	11.2662	5.82519	1.92457	12.8457	7.37751	2.46082	33.226	5.78472	1.52627	16.5524	
8.21818	2.78376	34.1999	8.05293	3.03054	33.3765	3.63694	2.54871	10.7197	7.98445	1.55941	38.462	6.96455	3.14776	18.7841	4.26881	3.83869	13.1927	4.04835	2.64234	14.7932	8.79169	1.33507	30.2057	5.23955	3.15912	25.2375	6.44059	3.10523	32.0198	8.98148	3.57	19.1363	0.8576	1.15078	1.80971	7.27895	3.04859	29.6816	5.93251	2.6907	19.2033	4.6662	1.98495	21.9	8.27729	1.66764	33.08	3.94468	2.54197	14.6621	6.28391	1.29738	30.34	1.72933	3.7159	4.91775	3.12522	2.85683	8.31479	
1.76398	2.55674	8.71609	5.83644	2.08301	17.8423	4.03861	1.55035	16.326	1.82894	3.84988	5.64689	4.51325	2.1044	14.3724	3.08651	3.94181	6.29438	2.76574	2.05388	10.0507	4.12974	3.66309	18.0424	3.33092	2.08148	8.84307	3.6681	2.76027	9.20004	4.75572	2.47047	16.3356	6.16167	1.97148	16.8269	1.48573	3.31854	5.1549	2.70836	1.4283	8.42114	2.199	1.42634	4.9267	4.81765	2.58785	17.8798	4.16842	3.70246	18.2029	6.49319	3.16553	21.8055	6.24677	2.13736	27.6388	4.95117	2.93123	24.2912	


# This instance was randomly generated with the following parameters: 
# SIGMA_MIN=1
# SIGMA_MAX=4
# CAPACITY_OVER_DEMAND=1.5