10	20
107.643	778.741	58.6707
0.877787	797.179	59.6898
117.555	770.726	57.7468
116.946	1142.86	114.246
54.5735	566.055	29.1063
135.117	1030.22	93.8202
43.6189	1268.11	158.963
0.0186594	1021.73	104.191
139.908	938.253	75.4891
3.7575	508.907	25.1788
2.66237
5.07667
4.20759
6.8515
8.61298
1.84158
3.10681
6.32554
4.887
7.40593
2.06133
4.20038
3.19486
1.22164
7.89494
2.77168
1.62844
1.73323
1.40883
0.616887
6.63676	0.912712	27.4356	8.75748	0.785407	25.9428	2.23634	0.827253	10.3607	9.75846	0.704919	48.0402	4.28502	0.966504	16.953	0.65066	0.102104	2.48154	4.95705	0.298971	11.085	2.8517	0.131598	12.5365	10.101	0.145588	44.6737	2.30132	0.367864	5.58757	10.4961	0.148838	46.6328	8.53058	0.539592	27.9538	8.30047	0.843122	19.6161	7.14739	0.594545	33.5313	6.31175	0.17821	23.0631	5.95938	0.547161	24.0346	2.90585	0.759901	11.9092	5.21	0.685006	12.6894	11.6453	0.819408	45.9075	2.41982	0.179148	10.0163	
2.66499	0.870318	13.0038	5.46456	0.354414	21.9999	2.70248	0.76277	9.41863	6.15028	0.859676	30.3953	4.0796	0.669023	10.0466	3.38897	0.298395	12.1819	4.21581	0.476745	19.8739	2.94677	0.327396	13.1002	7.79414	0.259565	22.855	1.85086	0.412808	5.09475	6.52452	0.899614	18.9484	4.55828	0.204441	15.6018	5.53385	0.465174	22.5179	6.10463	0.207768	13.3275	2.41862	0.96582	8.37866	2.0584	0.902458	8.72569	1.45559	0.517412	5.8673	1.47288	0.47865	4.91984	7.6912	0.572584	20.6221	1.62278	0.399974	3.67548	
4.58044	0.956672	15.8028	1.50185	0.655421	3.36401	7.85644	0.169014	25.8543	8.28774	0.213866	21.1877	4.53737	0.764567	15.2696	7.4654	0.771697	23.2599	3.83709	0.360006	9.48999	5.35819	0.514398	19.8092	11.77	0.333069	29.9901	5.9914	0.800801	26.1104	5.92031	0.471495	25.3493	4.98591	0.371387	19.7805	9.41085	0.140779	31.3895	3.24673	0.680966	16.0785	3.89947	0.406905	15.6208	5.35919	0.125684	18.4596	5.4215	0.579127	14.9558	4.03415	0.657164	16.4821	6.22934	0.902374	23.6862	6.57337	0.442226	24.9858	
3.66138	0.726115	8.02796	6.22526	0.956404	29.2072	7.85304	0.747439	20.3968	1.07784	0.307154	4.74794	9.37334	0.666503	39.0767	9.2528	0.140034	23.5973	9.14261	0.83091	25.1871	8.73052	0.867845	19.2947	5.44043	0.860159	18.2302	7.80855	0.555628	18.8176	2.55059	0.372617	5.98671	2.43941	0.485374	9.47383	3.73387	0.762057	13.5484	10.1096	0.180522	38.6947	4.39705	0.647382	16.3624	3.90483	0.27868	9.69752	7.38178	0.258813	23.869	5.37001	0.401462	18.2905	3.73786	0.176925	9.23142	7.35255	0.643816	19.1077	
3.38258	0.216509	9.51628	7.28888	0.988852	20.4539	4.91721	0.41092	11.5238	2.95165	0.754674	11.6117	8.0592	0.259344	30.6103	6.68838	0.589245	26.2322	8.10497	0.70391	17.9062	6.92917	0.314283	34.2992	3.92491	0.919615	14.2232	5.60591	0.500163	19.4295	5.46491	0.247563	15.333	4.03128	0.530821	9.27157	1.56466	0.650385	4.03659	9.72327	0.786612	35.7982	4.06005	0.188065	8.8616	2.65164	0.50402	9.04725	5.396	0.18559	21.9745	4.348	0.639469	17.9432	6.79851	0.731028	21.3469	4.84685	0.695842	13.0797	
5.69056	0.269103	21.0426	9.62174	0.222673	39.8634	4.4332	0.565026	11.1432	5.30911	0.689132	20.5054	8.99714	0.700281	38.1376	6.47756	0.314403	21.9342	9.2553	0.951137	38.7057	7.56477	0.681553	24.3541	3.5654	0.204434	12.0336	6.03571	0.474371	27.505	8.16857	0.402635	30.5365	6.68831	0.337807	21.239	2.58451	0.514308	10.7005	11.199	0.273153	33.9591	6.19971	0.430023	27.8485	4.73888	0.326267	22.3286	6.10256	0.471001	18.7998	6.06409	0.703581	14.8147	9.50007	0.85819	33.0369	5.06933	0.482283	13.8324	
3.94655	0.601435	12.9159	6.21193	0.293817	12.6158	8.29907	0.955415	25.3	1.41682	0.703614	5.98658	9.64197	0.655164	31.1343	9.6585	0.368764	24.4718	9.37999	0.790997	31.5921	9.06035	0.247733	32.7266	5.79178	0.302511	12.5349	8.18784	0.877998	17.556	2.25675	0.968174	7.30648	2.52703	0.585133	12.3618	4.18223	0.41867	9.77531	10.2538	0.841936	47.9254	4.6502	0.368536	17.1428	4.2786	0.417305	16.1542	7.74378	0.182862	31.9184	5.66816	0.372764	19.2548	3.36111	0.807208	8.08543	7.76389	0.159283	20.2342	
2.1398	0.181557	7.48915	1.91753	0.356835	5.32211	6.3197	0.403821	30.7428	5.91775	0.658848	20.7726	4.87315	0.44172	19.2492	6.54735	0.776597	27.7059	4.4158	0.496009	21.8203	4.93198	0.128718	18.4916	9.31204	0.180295	35.3467	4.8962	0.846969	11.1519	4.17681	0.731677	19.7766	2.73766	0.897429	10.1002	6.95832	0.325583	28.9634	4.99292	0.987088	16.3512	1.54533	0.411581	3.71705	3.00663	0.815299	10.827	4.28872	0.488516	20.6077	2.15006	0.905367	5.47694	4.93489	0.362753	15.4461	5.14464	0.859045	23.7075	
0.953409	0.555883	2.60199	4.02882	0.725681	19.203	4.45358	0.417603	21.6411	5.01874	0.22071	13.2714	4.81948	0.971742	11.9573	5.1501	0.78662	10.5646	4.66706	0.442007	12.2811	4.18871	0.442306	9.67375	7.64421	0.301414	25.3648	3.52591	0.125436	15.955	4.7586	0.312508	16.1193	2.81163	0.332836	6.11297	5.26758	0.601032	13.2126	6.04132	0.109373	19.544	0.638729	0.34356	1.3109	1.07743	0.881979	4.26537	2.99131	0.110466	10.6199	0.794509	0.628329	2.55442	5.88925	0.431767	19.4179	3.43818	0.222878	15.6891	
1.84482	0.339288	3.98175	2.27471	0.664581	4.79901	6.75459	0.653216	16.8412	4.99032	0.942034	19.2297	5.93723	0.663236	28.1339	7.26572	0.216872	15.5469	5.50998	0.90113	23.4247	5.85583	0.61311	28.0952	8.6692	0.39175	33.526	5.60463	0.483005	11.2614	3.07667	0.749276	9.29791	1.69692	0.166709	6.39919	6.37299	0.747733	26.9624	6.07243	0.172198	23.9509	1.67205	0.680457	4.93037	2.8612	0.822326	13.2784	5.01371	0.542056	21.7199	2.6923	0.676187	12.5873	3.91696	0.754651	10.2475	5.6862	0.267933	26.0739	


# This instance was randomly generated with the following parameters: 
# SIGMA_MIN=0.1
# SIGMA_MAX=1
# CAPACITY_OVER_DEMAND=10