8	16
123.061	1138.24	119.556
115.898	551.222	28.7679
22.8099	530.131	25.6054
48.3316	517.88	25.2955
6.06441	1267.97	138.428
75.0876	422.209	16.2906
107.977	548.386	26.1481
36.2143	807.745	56.3008
1.85144
11.5357
13.6898
25.326
9.62292
15.0116
1.13381
15.4712
25.7278
12.4844
0.54473
25.8668
18.8986
11.0344
17.6186
12.3787
5.47703	1.32353	25.0043	4.3612	0.502728	15.7482	3.99509	0.896205	9.27756	3.98853	1.30718	12.3518	7.50289	1.94621	26.551	5.94105	1.07232	22.7012	1.13408	1.7126	2.4135	6.47546	1.63015	15.9089	1.35243	1.59509	3.1273	5.60548	0.877877	25.4504	5.56877	0.667554	24.8872	1.98071	1.27881	7.7273	3.55788	1.53305	7.50029	1.34177	1.77825	5.15992	4.1957	1.04146	19.0037	6.64809	1.31989	15.6932	
2.31615	0.709408	5.10202	1.34247	1.46123	4.97445	5.50526	1.81639	24.5956	4.56572	1.85285	15.1968	4.43625	0.94558	21.2452	3.47358	1.30639	8.61694	2.03149	1.95389	9.20698	4.70481	1.0936	19.7238	2.86453	1.00901	9.58617	2.4432	1.51504	10.1282	4.47758	0.924819	19.3637	4.93091	0.681595	11.791	3.9391	1.15229	18.1427	1.82325	1.27884	6.5761	2.87481	0.650998	13.8194	3.51607	1.62284	14.7973	
3.84418	1.84474	14.9192	2.4536	1.86307	6.26708	3.68934	1.61151	9.13474	2.8099	1.12677	10.0256	5.43887	0.50178	15.3665	3.62234	1.46483	17.1951	1.51034	1.04524	4.66072	4.17148	0.841357	20.7457	2.89524	1.22274	9.09836	3.87121	1.81205	18.268	3.43289	1.0937	17.118	3.57749	1.13899	11.595	4.77474	1.57224	23.392	1.4183	1.57622	3.91878	1.90822	0.977809	9.17757	4.72806	1.69047	21.4583	
8.27594	0.861733	20.8385	6.82235	1.294	20.5981	1.16366	0.526236	4.60669	2.09796	1.74725	8.19401	9.08047	1.70581	33.8762	6.60896	1.06183	31.5527	5.43245	0.718919	18.8182	5.68951	1.96248	25.8602	6.4754	0.782901	15.6857	8.21213	1.79917	34.5327	4.30016	1.34508	17.6387	4.02125	0.712179	16.8905	8.69504	0.601747	42.4014	5.52205	1.28543	20.3438	4.56584	1.49819	12.4329	8.7386	1.1099	24.5898	
3.85382	1.47708	16.9856	3.62845	1.96954	8.90623	7.26925	1.17752	26.7057	5.78304	1.208	13.3986	2.26921	1.0873	7.16344	1.52603	0.570076	6.9919	6.46343	0.951759	22.5619	2.06963	1.12156	6.99855	7.6613	1.08423	36.1237	3.56014	1.94777	10.7421	3.38989	0.50657	9.1514	8.56585	1.29872	38.9691	8.79969	1.55576	32.1566	6.29333	1.09243	17.6122	3.57808	0.587484	9.31234	2.85839	0.517345	14.1324	
2.16132	1.31031	10.256	1.96873	1.71302	4.39935	6.57028	1.35746	24.8142	5.7049	0.956381	21.3696	4.58758	1.334	17.0459	4.24107	1.97761	21.188	2.6621	1.75489	7.64825	5.66852	1.55493	26.2934	2.96113	1.24571	9.76275	2.40239	0.708971	8.05483	5.58083	1.52221	25.8308	5.62614	0.904188	12.2534	3.30672	0.648264	15.295	2.47273	1.21916	9.9836	4.00264	1.25973	19.0812	3.55968	1.03127	16.4557	
2.9115	1.90921	7.85321	2.96212	0.516715	13.3523	7.4809	0.546378	27.6826	6.02114	0.778353	21.487	1.30248	0.848699	5.57872	1.42985	0.938617	5.82367	6.04632	0.816745	27.0115	2.74592	1.60688	5.73772	7.13694	1.87697	23.9225	2.61384	1.499	11.3976	3.87946	1.13206	13.9764	8.41518	1.61799	26.9321	8.07081	1.69035	20.5639	5.85983	1.86489	27.261	3.61839	1.47398	9.12385	1.82501	0.789153	5.09679	
5.4607	1.69385	25.6322	4.00507	1.02555	8.27604	1.9603	0.698706	6.6291	0.860023	1.0461	2.53597	6.50334	0.648395	16.2681	4.18	0.815444	15.196	3.04494	1.50558	10.7086	3.86753	1.08117	14.6734	4.34997	0.524991	13.7289	5.41307	0.950069	24.5497	2.62139	0.603803	7.70537	3.37248	1.11561	14.9824	6.46906	0.640939	21.99	3.06258	1.36601	11.6401	1.98491	1.61525	4.63457	6.031	1.68534	20.5385	


# This instance was randomly generated with the following parameters: 
# SIGMA_MIN=0.5
# SIGMA_MAX=2
# CAPACITY_OVER_DEMAND=2