9	18
78.7371	1276.67	157.618
4.21623	1226.32	138.891
154.359	1091.05	113.857
130.35	962.014	83.6309
73.0885	751.156	53.1655
173.499	1208.51	136.9
12.8532	778.84	51.4501
65.7443	1169.78	121.086
75.8807	810.742	61.6962
5.00745
23.2005
12.9367
51.0195
26.909
30.3047
25.0368
11.7179
15.3749
11.8714
55.1604
43.1888
34.6719
0.86883
19.2106
32.5658
9.75983
50.3423
5.43003	0.264882	23.3215	3.28057	0.872092	15.828	5.15188	0.744464	24.6895	0.881366	0.798451	2.36584	6.67007	0.661724	25.7384	1.92297	0.498571	4.95689	4.33061	0.755055	21.4631	2.78969	0.282403	12.9044	3.14014	0.53795	15.4452	5.09606	0.735835	24.4222	2.40134	0.768055	10.4705	3.30098	0.364897	11.6512	1.78959	0.32111	4.33645	5.19831	0.579665	12.2643	2.25585	0.172775	9.8019	4.74791	0.650037	19.9843	0.305115	0.748092	1.09785	4.46042	0.47575	20.8123	
8.45452	0.622256	20.1198	2.49589	0.666363	11.2292	7.78527	0.73266	28.7351	4.61457	0.90304	17.0418	10.5839	0.16158	34.7755	2.33604	0.767389	5.39935	4.11749	0.472197	19.8793	5.19585	0.821938	15.4457	3.5921	0.836371	7.76563	8.85524	0.180261	29.642	6.30268	0.395985	30.8965	1.91572	0.854175	7.25038	4.4759	0.121084	15.0976	8.46949	0.27568	18.7572	5.34125	0.699029	15.6873	8.86442	0.543985	42.3407	4.45745	0.351121	20.7823	6.40599	0.10865	17.4124	
6.95495	0.480373	15.0934	8.0053	0.690103	20.8464	3.32178	0.111818	9.86832	4.08164	0.785716	11.2665	5.54062	0.362417	24.4724	6.33656	0.353741	25.8007	8.78064	0.235066	27.3483	4.00146	0.856048	11.1189	7.65888	0.148291	18.0045	0.666567	0.170881	3.05474	2.37584	0.85943	5.62106	8.04354	0.912863	37.007	5.87388	0.711609	24.7363	2.01995	0.68161	5.79896	3.46536	0.984694	9.83689	1.16071	0.450417	4.92901	4.58565	0.477866	11.2675	7.67561	0.88504	28.4241	
8.0686	0.736376	21.3107	5.30457	0.770271	21.7269	3.00134	0.453572	9.03257	2.11712	0.113587	6.69459	8.5435	0.471135	20.7305	2.89165	0.704177	7.57782	6.77929	0.177218	29.7524	0.514264	0.362998	1.43625	5.6171	0.789372	25.8578	4.48281	0.31149	20.1198	2.68546	0.780817	6.00162	5.0333	0.713908	23.5249	4.60813	0.237591	19.4748	3.76956	0.250901	15.9398	1.21968	0.810202	6.08153	5.17309	0.689995	16.6431	3.01749	0.602454	7.94152	7.29239	0.202863	35.348	
8.71566	0.57713	25.8817	6.39551	0.445411	20.3737	1.97083	0.353612	9.68054	2.92672	0.210057	14.6025	8.78782	0.249186	36.1305	3.99019	0.84804	17.0119	7.83996	0.128107	19.6733	0.954068	0.611504	4.20092	6.66666	0.802288	13.3911	3.95874	0.772106	19.1234	2.87952	0.78828	13.386	6.13147	0.189288	12.645	5.53255	0.672218	16.642	2.9714	0.713068	9.65587	1.64226	0.293945	3.6916	5.00203	0.955423	23.786	3.87857	0.392125	10.9159	8.1729	0.225007	28.1746	
0.924549	0.6753	4.61621	6.85651	0.517895	18.3777	9.24932	0.785906	43.4758	6.16819	0.872528	19.9455	2.54207	0.572124	12.5711	7.37589	0.612712	36.379	6.14752	0.140968	29.1706	7.95382	0.106294	31.0293	5.78688	0.253388	18.2848	7.24802	0.207882	14.791	5.98475	0.620286	25.1589	7.33373	0.677387	19.5033	4.63414	0.403951	19.4488	8.38756	0.916494	19.8267	7.15672	0.883321	21.5462	5.55061	0.105304	21.8899	5.46174	0.415414	16.9809	3.37683	0.86955	9.43102	
5.65447	0.816667	22.6216	3.785	0.338237	11.0754	4.63703	0.586286	22.5049	0.376403	0.245331	1.03829	6.61423	0.426803	19.8797	2.18574	0.105953	8.16696	4.85844	0.942212	12.3938	2.3509	0.235173	4.86435	3.66833	0.545316	16.2077	4.60339	0.971141	14.4599	1.91318	0.5729	5.09914	3.77264	0.563503	9.23599	2.25455	0.430525	10.7658	4.67129	0.307385	12.7268	1.75606	0.780772	4.84483	4.36111	0.495553	21.0657	0.581051	0.247215	2.60497	4.875	0.685039	15.9061	
8.61997	0.378346	18.4523	9.00761	0.370027	44.7439	2.33537	0.925116	9.69353	4.94069	0.4546	22.1	7.15806	0.622881	28.384	7.0218	0.365183	15.3237	9.99616	0.872239	30.7389	4.13421	0.307066	19.8997	8.82967	0.887071	42.1976	1.02087	0.302352	3.31887	3.38332	0.64462	10.8914	8.95032	0.679369	22.7501	7.14175	0.171565	16.632	0.927423	0.711981	4.20255	3.90514	0.728643	15.5691	2.79943	0.949529	7.40602	5.65622	0.574148	17.4542	9.18529	0.103364	30.0129	
1.51529	0.248505	3.98874	5.38062	0.662079	26.274	7.877	0.805454	39.0774	4.50952	0.34205	15.0284	3.34765	0.405632	7.03681	5.69402	0.729709	19.7609	4.9659	0.342663	19.1212	6.35436	0.594091	25.6626	4.37992	0.666149	10.3487	6.2176	0.728035	25.7224	4.52624	0.771062	20.0513	5.81209	0.165949	20.7884	3.00566	0.727155	6.40825	7.17954	0.781935	21.6044	5.57503	0.237565	21.3708	4.71076	0.685939	16.4327	3.77193	0.88856	14.7811	2.57446	0.845707	9.77846	


# This instance was randomly generated with the following parameters: 
# SIGMA_MIN=0.1
# SIGMA_MAX=1
# CAPACITY_OVER_DEMAND=2