12	24
130.431	442.555	16.984
138.653	850.957	69.7925
139.517	916.091	73.1526
154.556	1163.93	129.466
133.599	871.144	64.7986
55.8386	1226.6	130.758
74.8012	454.707	20.0643
30.9644	1148.78	125.316
19.5714	496.9	22.661
179.447	637.361	35.147
114.793	900.136	67.8779
13.5008	1182.27	126.336
30.7562
23.8731
9.07715
33.3588
16.3457
23.9753
29.2145
2.3725
19.0948
10.4671
12.4212
26.5446
17.7201
5.55327
30.9664
13.9531
21.0284
22.5962
23.2565
16.7425
13.0967
20.134
10.3546
8.27393
4.05825	0.499978	16.7784	1.48707	0.607897	7.42269	5.78188	0.572122	19.4306	2.62205	0.263824	10.5388	3.74215	0.995438	14.6325	3.14103	0.185687	9.2507	0.839807	0.689334	2.94801	2.59352	0.900268	7.5612	3.31083	0.951429	12.4138	3.65028	0.674187	9.66062	4.0851	0.878621	11.4054	2.91656	0.949276	6.50941	4.55262	0.254337	12.4344	6.95126	0.338816	30.5697	0.692031	0.866987	3.44696	0.766951	0.295975	1.62905	6.49348	0.487406	23.7132	2.64578	0.104992	10.7696	1.59207	0.369938	5.20437	3.32509	0.660625	10.7137	5.07605	0.741625	10.4276	2.83772	0.913314	12.1386	3.71231	0.989928	17.5143	5.72019	0.572672	14.4256	
3.57448	0.688659	17.3917	4.7771	0.875257	14.367	2.37642	0.766065	9.29406	4.1055	0.955908	12.2992	6.9987	0.680282	30.256	5.00167	0.294568	23.3677	3.13677	0.543501	14.8565	5.93493	0.133925	28.6864	2.2417	0.150183	6.40741	1.46579	0.726428	6.36261	5.46072	0.333384	25.3778	3.14646	0.646877	6.88488	6.24941	0.12456	22.2864	5.82564	0.686852	22.6393	3.55811	0.601519	14.048	3.77479	0.456171	18.2418	4.41677	0.455176	20.4565	2.73563	0.2764	12.9604	2.67427	0.73558	10.6295	0.788665	0.713907	2.15549	3.32377	0.975088	7.34076	6.26869	0.32039	26.0505	7.07081	0.63679	27.791	3.94522	0.738364	14.5864	
1.88017	0.538138	6.37668	5.81973	0.733759	12.162	6.62688	0.606877	22.8723	8.14386	0.650084	30.3609	8.96774	0.889989	25.0531	3.60152	0.140677	10.7455	4.93344	0.764594	17.927	7.81676	0.890327	18.9956	7.32513	0.275703	26.6801	3.90178	0.534145	14.8425	2.84848	0.694866	9.83852	7.79327	0.475399	17.5046	3.44831	0.626378	10.8387	1.51908	0.46904	4.93764	6.42776	0.862713	28.7955	5.26314	0.799402	20.7784	9.73015	0.798805	33.6632	3.26595	0.484677	10.2891	6.59278	0.19525	27.6098	4.56237	0.20882	9.41911	2.43818	0.683095	5.78906	7.49549	0.424299	36.0093	8.6748	0.959477	20.971	2.28117	0.759257	6.2209	
3.02569	0.848011	11.8339	5.60589	0.436596	15.2887	8.1832	0.555102	40.8416	8.60264	0.826741	30.4301	8.62444	0.940006	40.5726	3.12284	0.594198	8.52522	5.24609	0.826749	14.571	7.56253	0.981523	34.788	8.26796	0.500303	33.2014	5.22616	0.754724	24.4226	2.11003	0.170379	7.59087	8.51222	0.293259	32.502	2.2666	0.203617	5.606	3.09761	0.956901	6.99286	6.71626	0.510518	32.172	5.35796	0.191608	17.9071	10.9807	0.342921	28.9573	4.01844	0.306997	18.6521	7.1914	0.35952	20.5568	5.79352	0.883947	12.2217	4.13341	0.833996	10.2429	7.05594	0.746159	15.6087	8.2338	0.471731	39.2923	4.08692	0.492079	8.85478	
4.01148	0.788527	18.586	6.66722	0.514268	31.9579	9.0665	0.49337	31.4279	9.71564	0.965671	47.2629	9.63255	0.838732	20.7094	4.18101	0.897231	20.4148	6.35884	0.668786	23.3263	8.59893	0.183545	42.8215	9.34878	0.28401	23.7495	6.19923	0.203914	22.6388	3.15985	0.377865	13.4168	9.61793	0.619711	26.8215	3.14564	0.869121	11.7517	3.31663	0.583204	13.6666	7.82602	0.374842	37.7432	6.46002	0.534028	24.2663	12.0005	0.739574	29.0779	5.10157	0.43524	15.959	8.3019	0.127403	30.8809	6.80044	0.255503	15.1571	4.90802	0.599293	15.1057	8.05182	0.839318	26.8009	9.21851	0.310885	45.0585	4.73419	0.595166	11.3393	
3.68469	0.411769	10.9591	5.33106	0.984345	11.8447	1.85239	0.19236	5.83541	4.64471	0.982373	12.3551	7.59178	0.952487	24.0055	5.3908	0.599678	21.5418	3.67535	0.98958	12.4733	6.52633	0.461089	15.4504	2.63075	0.17286	6.57026	1.48537	0.648558	6.95875	5.76709	0.954512	24.5778	3.62527	0.986945	9.89035	6.57793	0.658615	25.7862	5.68158	0.158633	22.5776	4.15089	0.404111	11.1448	4.32291	0.797621	19.4254	4.3754	0.299344	11.5243	3.05592	0.200865	11.1164	3.25382	0.96867	14.9822	0.996822	0.356069	2.49375	3.16443	0.740793	8.70401	6.84966	0.867727	16.8964	7.66212	0.126883	21.0563	3.73719	0.243815	9.61972	
2.84248	0.52129	7.95718	7.00158	0.648201	14.3622	4.17194	0.498996	18.5635	7.90385	0.997267	26.4265	9.96475	0.207708	32.2537	5.60099	0.880359	23.3776	5.52488	0.27479	15.2776	8.78599	0.895754	31.8794	6.25104	0.606979	15.8046	2.79745	0.704236	9.1252	5.29665	0.451387	26.0055	7.10934	0.859435	32.9707	6.08903	0.477985	29.6234	2.50511	0.649323	5.66239	6.73088	0.99958	16.5487	6.10969	0.694062	13.2959	7.77784	0.400696	33.7554	3.78408	0.215209	18.4471	6.31724	0.976548	28.329	3.43032	0.943209	9.7921	1.27391	0.761417	4.59363	8.76933	0.735629	22.7642	9.84172	0.420595	35.8169	0.892836	0.374261	3.42191	
7.42068	0.635419	35.1609	6.64988	0.114843	24.8971	4.20757	0.246543	9.24595	3.43019	0.648715	12.8836	7.19087	0.994046	32.9943	8.06676	0.121339	40.1656	5.59343	0.675149	14.1745	6.60555	0.833671	29.1539	2.05815	0.646306	4.69232	5.4178	0.383484	18.4994	8.8101	0.846504	18.5104	2.40026	0.179828	8.19329	9.47454	0.459411	40.4754	9.77538	0.343065	23.1245	4.76871	0.657817	22.3372	5.95328	0.758138	21.4766	1.60803	0.315321	4.1452	6.28098	0.424461	23.7539	3.63437	0.401314	10.2377	4.72155	0.506218	14.9309	7.26374	0.292161	20.3721	7.33804	0.681222	26.2436	7.55613	0.227597	33.989	7.86145	0.642443	26.2968	
3.44575	0.363628	10.2795	6.29188	0.184851	20.4529	1.90037	0.918375	6.75675	6.11162	0.457469	28.8089	8.8448	0.934099	31.4696	5.77262	0.933582	21.5826	4.62816	0.607004	22.9528	7.72809	0.289926	15.8039	4.11901	0.183389	11.2601	1.65059	0.219067	8.1458	5.89285	0.191049	17.9803	5.12075	0.207399	14.1079	6.73548	0.163055	22.602	4.69037	0.412876	12.5222	5.41017	0.8463	16.2675	5.28691	0.420081	13.9321	5.39466	0.27331	15.5318	3.4325	0.896019	16.603	4.6526	0.183001	10.4718	1.81984	0.302585	6.28542	2.31507	0.267264	6.26663	7.94098	0.844843	33.1749	8.85416	0.196153	33.7511	2.70625	0.866304	12.2425	
4.31746	0.988592	10.2634	6.78288	0.743099	24.8367	1.01767	0.530271	2.72462	6.09497	0.192936	18.5779	9.12373	0.655947	25.0738	6.5174	0.160226	21.863	5.11241	0.389453	17.6039	8.0529	0.932825	17.4888	3.89954	0.731216	12.4573	2.34661	0.98785	6.42694	6.71195	0.438107	14.1816	4.99185	0.719586	16.1806	7.55119	0.403614	25.7335	5.55415	0.869414	11.3283	5.68153	0.941278	17.2592	5.7702	0.518474	11.7333	4.66693	0.391291	21.9401	4.1484	0.759282	16.7314	4.77106	0.271831	23.2398	2.26989	0.473884	9.74638	3.22067	0.952354	13.1711	8.3524	0.100156	23.6171	9.18825	0.754674	36.0536	3.5824	0.104771	14.773	
5.18355	0.454775	19.0831	4.70561	0.256103	19.2241	3.36163	0.782572	9.44793	2.54866	0.522891	6.55027	6.05855	0.194945	12.4374	5.82951	0.918005	11.7984	3.41875	0.12406	10.7	5.19014	0.352424	14.731	0.297845	0.799417	0.65777	3.32257	0.986552	15.7785	6.53719	0.977452	16.5176	1.35854	0.591068	6.69661	7.22191	0.413879	22.5162	7.68912	0.827349	19.3026	2.94844	0.232868	13.6413	3.8722	0.895791	19.099	3.30335	0.473251	13.2234	3.99841	0.383499	11.0595	1.73585	0.608139	5.33984	2.61612	0.566668	9.17155	5.22364	0.587099	17.2745	5.76136	0.201213	12.9509	6.27945	0.143214	24.3477	5.86389	0.479209	20.19	
6.78556	0.646659	30.6442	7.25718	0.754384	25.1025	2.46166	0.382876	7.81154	4.78001	0.632673	13.9584	8.50332	0.332637	37.8956	8.09731	0.975921	22.0349	5.85795	0.356282	26.7622	7.71623	0.326324	20.0874	2.56591	0.791466	8.80876	4.59979	0.629065	11.9119	8.65607	0.322088	26.6612	3.53933	0.91126	17.3738	9.41718	0.397372	33.2953	8.71356	0.748815	40.6534	5.52118	0.25313	24.2386	6.37773	0.818671	24.058	1.30941	0.599433	4.5322	5.94745	0.918265	13.4624	4.30704	0.961506	15.9853	4.00549	0.850659	14.7936	6.22202	0.447691	19.3438	8.3232	0.108227	16.7478	8.77577	0.128378	43.6483	6.73065	0.871762	24.9752	


# This instance was randomly generated with the following parameters: 
# SIGMA_MIN=0.1
# SIGMA_MAX=1
# CAPACITY_OVER_DEMAND=2