11	22
49.1653	726.886	49.1092
98.1924	1013.57	91.7145
91.7132	1061.9	107.862
8.06072	1255.18	143.655
169.54	834.426	67.4707
7.10504	1019.16	100.653
55.4189	1120.13	116.82
56.3549	422.233	15.6117
46.3221	740.004	54.6403
155.562	869.104	64.1864
162.189	1098.77	118.745
42.7471
36.7127
37.8524
14.5592
1.31197
36.8381
33.7865
22.9568
43.1287
18.2901
1.81337
31.1913
2.22771
0.334294
24.948
10.858
9.02814
24.256
33.0616
0.683783
1.9134
36.7346
5.13444	1.89323	24.7895	2.83571	1.2154	7.49078	6.73236	0.556568	25.8725	2.20136	0.507022	5.03768	7.11166	0.719627	17.3707	3.51774	1.92814	10.5309	5.65408	0.652785	23.779	4.79795	0.882564	15.9859	6.38835	1.04774	16.1727	5.37885	1.99687	11.7541	5.20302	1.54122	22.4179	3.75569	1.24946	17.6061	0.887309	1.75411	2.11474	5.71596	1.25141	13.3548	6.05148	1.77263	12.7071	4.9992	1.33122	15.053	3.76338	1.12765	18.3544	5.74135	1.8618	11.8656	3.06174	1.35703	7.92293	4.22925	0.998966	9.71087	4.97623	1.92769	13.0539	4.16359	0.764565	11.0668	
6.44892	1.54386	18.4234	4.70301	1.02327	13.0775	8.80032	0.597386	27.3249	4.29211	1.17973	16.4596	9.18878	0.878048	23.2172	1.61346	0.549509	7.43088	6.82708	0.69455	18.7076	2.84149	1.43037	6.92083	7.33207	0.864555	28.3424	6.22816	1.72817	17.7173	6.92072	0.787773	15.3148	4.89027	0.796249	13.1227	2.07081	1.29908	4.93519	7.69214	0.508883	38.1932	8.14342	0.699582	29.4181	6.0531	1.90649	21.0179	1.84466	1.74022	6.73813	7.74912	1.01088	19.1952	5.14686	1.56383	24.5725	5.66378	0.961773	24.55	5.9091	1.20061	25.0913	2.13262	0.892027	10.5925	
1.77737	1.75867	7.15367	4.49165	1.17343	20.3353	5.09201	1.55502	17.0749	2.96192	1.40736	7.82241	6.45803	0.648623	14.8355	6.44215	1.00183	31.921	2.34998	1.9962	9.38852	7.65002	1.97063	33.1627	3.22792	1.53819	15.4223	2.4396	1.27631	10.2862	6.587	1.51338	31.7046	6.37655	1.60584	21.9687	2.82734	1.38538	6.09723	6.08765	1.58658	29.818	5.06095	0.502467	15.4801	7.51898	0.68577	34.9605	5.72607	1.90084	13.997	3.73312	1.48914	7.66786	2.79242	0.896469	13.3924	6.37186	1.46992	17.2127	7.62454	1.16478	28.7924	6.2899	0.661765	26.0606	
6.17104	1.28629	29.1609	5.77735	0.551954	22.6304	9.32277	0.525301	32.9448	5.07334	1.65019	22.7185	9.98457	1.19418	29.4281	2.31957	1.16023	7.77354	6.42531	1.3458	26.0598	3.19256	1.18921	13.8239	6.75044	0.996495	21.6608	5.63827	1.95378	25.0952	8.09376	0.567759	38.3283	6.21769	0.696201	20.1674	2.51137	0.631616	11.6794	8.67935	1.11558	37.7311	8.8232	1.16406	26.3649	7.4032	0.98644	15.7534	0.949455	0.850601	2.79658	8.14318	0.586319	36.8367	5.80992	0.547436	16.8932	6.93297	0.77948	31.0147	7.27251	0.554711	15.1994	1.50813	1.52369	4.13118	
7.61913	1.99066	16.7986	2.44357	1.50658	6.79161	4.72734	0.685221	15.1863	3.59413	1.42415	15.4777	3.36267	1.06017	8.57181	7.99499	0.861377	28.7955	8.29627	0.817152	18.0607	9.1307	1.49318	40.8204	9.32191	1.08333	43.1123	8.74542	1.50268	21.6548	0.603066	1.05899	1.92716	3.10596	1.48668	7.62318	5.96791	0.72662	14.4147	1.23217	1.16233	5.61262	3.47641	1.56603	14.845	3.12572	1.05965	6.63791	8.9292	0.881537	38.1435	4.96938	1.1776	20.848	3.55347	1.4002	14.1181	2.08145	1.20104	7.30476	3.47766	1.34285	8.86807	9.22977	0.86491	32.028	
5.51053	0.861218	12.1731	1.43278	1.17477	5.8655	5.8913	0.584341	28.8396	1.33756	1.95889	4.79328	5.94366	0.720045	20.1098	4.48565	1.54509	10.6747	6.11875	0.577805	12.2703	5.73739	1.09868	25.0858	6.98898	1.46424	17.3202	6.09418	0.901386	21.1139	3.79757	0.56239	7.84838	2.65745	0.925686	7.60926	2.17637	1.61075	6.86552	4.38068	0.810789	10.278	5.03435	1.93466	23.532	3.86605	1.75575	14.1708	5.09293	0.750036	16.8693	5.12241	1.2114	14.1097	2.28012	1.42307	10.4744	2.92254	0.9989	6.30154	3.91682	1.50612	8.17205	5.44168	1.50995	26.7417	
8.71102	1.88762	33.9129	7.00888	1.82762	32.0517	11.348	1.44955	42.9153	6.80564	0.637848	25.1264	11.6521	1.67935	58.1366	1.30711	1.99587	6.00473	8.9915	0.595738	27.3978	0.813745	1.1635	2.29558	9.32225	1.26057	33.2927	8.21113	1.68084	30.5559	9.01383	1.61377	36.4506	6.6309	1.58864	20.7057	4.58986	1.29276	13.8883	10.0257	1.29773	42.5388	10.6612	1.8345	47.4033	7.60005	0.558494	30.6783	1.81117	1.22946	4.73246	10.2977	1.68618	21.1747	7.6837	1.41159	15.5084	7.57518	1.1042	35.6428	7.35932	0.976115	33.4988	1.29709	0.732197	2.9635	
3.86139	1.65633	14.2984	3.33607	1.32411	10.5607	6.11359	0.911805	18.8667	2.11422	1.21602	9.35453	6.86986	0.720942	32.674	4.45013	1.82686	20.1894	4.37076	1.98286	19.1989	5.70155	1.01541	13.3859	5.11031	1.48502	15.6634	4.11844	1.16959	17.7849	5.71528	0.941296	24.6168	4.76394	0.76007	10.6567	0.791336	1.46449	1.8237	5.82732	1.20195	28.1183	5.6461	1.77791	17.5022	5.98849	0.966063	29.1737	4.13757	1.05483	8.6147	4.9593	1.88409	17.2136	2.6676	0.50024	11.8151	5.0379	1.69654	18.9289	6.01844	1.58941	27.5052	4.64295	0.654237	13.7667	
2.10005	1.20833	10.1277	4.58734	1.76661	11.2532	5.64203	1.70893	27.2166	3.08526	1.29747	13.3397	6.93323	0.940561	30.4002	5.98005	1.95519	28.8974	2.57255	1.00601	11.8342	7.16543	0.682265	20.8775	3.32501	1.43268	12.2394	2.39202	0.94109	7.77932	6.79049	0.70671	22.6656	6.35023	0.950624	18.7649	2.44023	0.500124	9.33714	6.43181	0.599378	26.4662	5.5527	1.20084	18.322	7.5298	1.63623	36.018	5.17631	1.34343	17.6305	4.29543	1.42281	16.1246	3.08706	1.84005	7.45667	6.44061	0.988304	32.0484	7.60797	0.61313	19.3068	5.74486	1.4787	16.8908	
6.30907	1.78638	31.2093	4.275	1.75885	15.0166	1.7292	1.69118	6.25144	4.28086	1.90706	11.8723	0.716274	1.74593	2.90523	9.84594	0.554446	34.885	6.92505	1.09851	25.8166	11.0991	0.516692	44.4582	7.94268	1.23064	27.825	7.73402	0.714522	28.834	3.80847	0.54302	10.3584	5.95002	0.757582	21.3932	6.81454	1.07998	15.392	1.99446	1.97602	8.30228	0.733244	1.33851	3.13595	6.27062	0.636671	27.9866	10.1989	0.973971	42.671	2.63737	1.51948	12.8339	3.52241	0.734683	15.9068	5.06615	1.72666	22.1756	6.60271	1.44163	20.3805	10.6341	0.908591	42.094	
8.80608	1.45644	35.0733	3.33525	1.6773	9.03594	5.74849	1.11946	18.6049	4.66142	1.33363	14.5699	4.10441	1.13165	17.0103	8.49138	1.69043	29.1031	9.48339	1.98308	32.8485	9.54373	1.05156	36.9135	10.5063	1.41875	30.3841	9.90821	0.771475	33.3085	0.940568	0.890063	3.83548	3.2504	0.947635	7.29656	6.88072	1.59051	20.2488	2.15163	1.72169	9.03967	4.50506	1.28366	16.1098	2.79483	1.36998	8.65193	9.63037	0.874855	28.0471	6.11417	1.44431	23.9861	4.71591	1.81754	10.4505	2.235	1.30938	6.81933	3.16297	1.01038	12.2221	9.87693	0.571705	19.9882	


# This instance was randomly generated with the following parameters: 
# SIGMA_MIN=0.5
# SIGMA_MAX=2
# CAPACITY_OVER_DEMAND=2