4	8
13.4394	1042.99	105.532
174.275	614.307	33.6472
75.588	1228.06	135.426
133.998	1110.98	102.308
11.2262
18.2016
23.9222
25.7242
28.3668
11.8327
36.9739
32.2088
1.82254	0.882191	7.09604	4.77317	0.337463	23.6959	5.95947	0.685315	23.0699	7.97924	0.946779	16.9019	5.83655	0.475016	26.5577	3.99059	0.495325	15.8883	5.80907	0.646198	21.6571	3.18695	0.982939	10.1406	
5.0282	0.376665	17.4781	1.46985	0.881901	5.79627	5.12008	0.756557	12.6682	5.57166	0.486246	24.2256	5.40466	0.599261	20.4784	1.51573	0.557617	4.9964	1.9271	0.913252	6.54243	0.70452	0.310768	1.53308	
7.06256	0.101169	34.791	1.67446	0.881397	6.77275	7.55913	0.402245	16.7243	3.23336	0.194972	8.32013	4.94279	0.240764	15.4342	2.49898	0.962902	8.30618	1.8951	0.985652	7.40397	3.46215	0.486707	17.2769	
5.44199	0.199381	16.967	3.14446	0.902689	7.40424	3.42777	0.32788	16.2317	7.25395	0.646985	17.4899	6.95737	0.790165	29.3488	3.16678	0.626409	7.60753	2.85667	0.432781	11.7796	1.78397	0.794843	8.3144	


# This instance was randomly generated with the following parameters: 
# SIGMA_MIN=0.1
# SIGMA_MAX=1
# CAPACITY_OVER_DEMAND=2