6	12
155.846	1361.7	156.745
73.0907	1155.66	111.662
8.27249	1248.75	138.057
114.177	446.474	17.4314
130.329	486.89	22.9609
98.7117	1160.28	131.486
7.30557
31.9108
34.6922
6.66623
18.0926
23.4398
52.2346
10.8855
49.5282
32.3361
21.8607
0.218284
6.57497	1.80297	27.0703	3.24359	1.61991	8.13905	2.79536	1.25325	8.88085	3.20567	1.50708	11.6933	7.09624	1.15585	14.8136	6.77196	1.09014	33.6437	6.12479	0.871285	27.8654	4.60781	1.73716	11.4634	2.09578	0.636721	8.8506	6.1803	1.6348	25.6846	5.88104	0.516311	28.197	3.44226	1.95059	13.2727	
4.62808	1.17844	21.4052	2.89547	1.7539	7.51561	2.60109	1.05231	5.73102	5.97192	1.08163	26.9147	2.9376	1.35592	9.70948	5.16773	0.924434	16.5902	4.3017	0.544296	13.6954	3.08639	1.50854	12.1637	5.63632	0.612762	14.0514	4.65848	1.0184	15.2068	8.08386	1.0388	24.6905	3.53469	1.21968	10.8216	
5.35557	1.21178	24.1868	2.02397	0.622922	8.00687	1.5846	0.582205	4.02642	4.30941	1.53037	18.2002	6.29982	0.686915	16.6355	5.56216	1.23147	18.3734	4.90552	0.526632	16.5784	4.63801	1.70213	15.6871	2.27222	1.76149	9.06516	4.96846	0.809402	22.6598	6.95403	0.724535	17.0649	3.79679	1.79147	12.1249	
5.13235	1.49206	11.8594	4.48313	1.51474	14.7182	4.30753	0.762065	16.2914	7.44157	0.524797	22.7195	1.11497	1.04245	5.36319	5.76237	0.910557	12.8405	4.94168	1.34434	15.5077	3.62695	1.00419	7.69738	7.47749	0.581201	36.0255	5.38317	1.45119	24.309	9.24421	1.41507	30.673	4.65294	0.730662	9.52371	
9.76436	1.69985	37.073	7.30233	1.68096	20.6017	6.78584	0.539218	26.9418	4.45143	0.849761	15.3433	6.23293	1.20581	14.8132	10.2758	0.510644	27.0645	9.4154	1.90971	19.8783	2.0638	1.18014	4.61276	7.9595	1.62801	38.0298	9.73547	1.70821	28.5784	4.68189	1.7483	18.7762	2.45096	1.45279	9.91602	
5.12999	1.2335	17.8441	3.68702	1.27452	8.47339	3.40054	1.0077	12.0832	6.25833	1.27248	13.8966	2.33877	1.11885	5.54769	5.70842	1.33874	28.4035	4.84603	0.913326	14.7768	2.78737	1.77201	6.60467	6.37493	1.14298	20.2956	5.23679	1.93387	18.8755	8.17639	0.630548	32.5365	3.56832	0.693899	13.1118	


# This instance was randomly generated with the following parameters: 
# SIGMA_MIN=0.5
# SIGMA_MAX=2
# CAPACITY_OVER_DEMAND=2