6	12
165.927	732.347	44.6212
40.2576	861.609	61.468
57.0362	1109.65	112.263
121.91	980.147	90.3299
63.2434	415.712	15.1016
149.292	1305.58	151.649
12.8717
27.8196
0.082839
6.22789
24.308
24.4329
3.89826
3.85158
24.8738
15.2274
9.3633
5.5202
1.97905	1.62294	5.46149	3.28367	1.10865	12.1151	2.45396	1.36816	7.34445	2.95686	0.969799	9.85148	6.05407	1.44707	28.3153	6.6151	1.71135	16.6132	3.76135	1.83227	9.80454	2.04952	1.53757	7.92244	8.08958	1.9095	25.3926	5.85726	1.79408	12.0037	6.76556	1.00467	23.3114	5.6107	1.80014	27.7439	
3.3193	1.48114	9.37606	2.78998	1.57328	7.22303	3.58385	1.21398	10.9317	3.75421	0.561991	7.94939	7.22954	0.83322	19.5016	7.94895	0.847373	26.0047	5.01865	0.958005	23.2261	3.3051	1.81957	7.18332	9.41718	1.74862	46.2344	6.82485	1.82238	30.3615	7.88092	1.63457	26.4192	6.79881	1.24879	13.708	
5.44175	0.84457	19.8206	0.653406	0.775841	2.39812	6.21938	1.14674	20.7101	6.69426	1.31647	26.1284	9.72812	0.83573	25.6785	9.09757	0.951477	19.4193	7.36385	1.08699	32.2679	5.73308	1.208	16.0514	11.298	0.912005	49.9452	9.64058	1.97233	40.799	7.88087	1.27107	18.6969	7.19849	1.66285	23.1951	
2.97424	1.94478	12.4218	7.19681	1.90155	28.8438	3.48874	1.93043	15.4398	4.51555	1.58046	11.9009	3.34954	0.661464	16.2447	1.9486	1.44638	4.66806	2.23997	0.965625	4.84185	3.25597	1.8231	7.92657	3.48059	1.97203	9.69165	4.60128	1.87004	17.1505	4.06505	1.05418	10.5723	2.86204	1.98353	7.55668	
4.82698	1.89037	17.1195	9.3639	0.957512	27.0104	4.86661	1.28503	13.7551	5.58381	0.532878	17.4917	2.60031	1.14336	10.2345	2.39076	1.87602	9.99638	3.31192	0.624419	8.6686	4.89274	1.38788	19.4301	1.29738	1.24961	3.54736	4.26887	1.16873	15.2998	5.49269	1.31727	12.5281	4.5733	1.32291	16.5997	
6.31309	1.7109	27.9517	8.6539	0.921353	21.8495	7.26839	1.80942	30.5449	8.40449	1.69317	36.4395	7.15917	1.79456	15.8035	2.53341	1.15234	11.0779	6.28615	0.811058	17.9653	6.83166	1.18071	20.1395	5.44047	1.37403	22.8112	8.61321	0.634466	37.9006	1.51417	1.29688	5.57479	2.17288	1.28419	4.8348	


# This instance was randomly generated with the following parameters: 
# SIGMA_MIN=0.5
# SIGMA_MAX=2
# CAPACITY_OVER_DEMAND=3