11	22
106.68	469.946	21.7621
128.303	1172.77	129.217
162.328	1047.03	93.3042
95.8045	892.243	70.9714
118.079	863.289	63.0471
151.75	1199.94	132.03
161.245	1092.98	112.185
155.575	776.205	52.3324
43.359	353.525	11.4228
149.708	844.144	65.4208
157.998	1324.3	158.761
14.9386
12.4254
6.40833
4.97081
0.973648
6.32036
11.0657
5.9703
6.8335
6.3651
12.4525
5.2665
5.72943
8.2057
10.5345
2.68087
7.09693
2.25744
14.6264
14.238
8.29221
14.4388
4.96769	3.9529	24.4235	2.00049	1.78821	4.33371	10.2321	3.0455	23.2091	6.61161	2.46396	31.1418	6.84746	1.24196	29.2769	3.79431	3.43745	14.4687	6.09219	1.98778	29.4245	4.56493	2.26178	11.6519	3.89017	3.01494	12.9917	6.4567	1.44261	28.3171	8.87229	1.84062	32.1389	8.57784	1.3622	35.1924	4.99565	2.69643	21.2108	6.27553	1.79674	26.9415	1.77207	3.90822	7.10726	5.12526	2.77195	24.2584	5.19344	2.986	18.4308	5.30626	3.69049	10.6883	9.32833	2.95304	46.3041	8.17639	2.08349	35.9559	3.68011	2.2418	18.2147	5.72616	2.90856	19.0001	
3.43159	2.40077	10.8594	3.94447	2.15107	13.0341	5.40275	1.6055	13.5641	1.5963	3.88312	3.61666	2.30209	2.51591	7.27736	1.98159	2.69638	6.64873	4.74828	3.06433	15.9783	1.51073	1.96063	3.98206	3.63472	2.15739	10.4167	6.34962	1.47643	13.8145	3.38831	1.57036	10.4148	3.21921	2.69666	9.68604	2.61387	2.41102	5.76169	6.68168	3.96493	21.6027	5.23129	3.16993	13.7077	7.45172	3.8744	17.0834	6.26886	3.64438	25.255	4.30029	1.33997	15.9712	5.00322	2.19322	13.3321	4.47543	3.95113	18.5658	2.11994	1.61283	10.3924	7.08286	2.26056	15.0736	
8.53046	3.40622	18.8369	7.25626	2.7567	20.1616	4.4935	1.85531	19.2998	6.86054	1.06023	22.694	7.62901	2.01515	15.6363	5.05862	3.00924	23.7912	1.54732	3.98641	5.19876	6.44153	2.97101	26.1545	3.76059	3.3494	11.3889	2.44308	1.9411	5.98114	7.46552	2.55466	31.6654	4.91941	2.20347	24.075	7.79255	1.84499	25.2524	3.03673	1.44947	11.0434	8.47895	3.85978	18.2891	5.15095	3.07825	12.5411	3.67358	2.17372	11.357	2.31144	2.41952	6.37477	3.20173	3.5465	11.4231	9.81728	2.10213	43.9747	5.04521	2.76555	20.295	4.08989	2.13029	19.2615	
5.40128	1.14056	14.221	2.5815	2.29443	7.75484	8.6822	2.86678	25.4154	6.11432	2.58194	16.0484	6.55216	2.27604	15.5965	2.80391	1.01251	8.93481	4.17564	1.1134	8.84919	4.21213	2.32556	20.0983	2.07925	1.40201	4.55145	4.54296	3.24371	9.92895	8.17235	1.87384	22.193	7.31928	3.29045	17.8729	5.12458	3.55903	24.9507	4.40704	2.75143	17.6808	3.26626	3.68294	10.0911	3.64406	3.10008	15.3935	3.36635	1.79172	14.6312	3.40183	1.49341	10.4195	7.67264	3.49251	28.3636	8.28676	3.52275	28.4049	2.66516	1.09998	10.2075	3.99722	1.02185	17.5345	
8.48547	3.61688	39.6615	8.78563	2.67096	19.115	0.255129	1.8329	0.758876	5.68563	3.43215	17.3781	6.34549	2.03077	21.3133	6.33477	1.00754	27.7931	5.34346	1.978	26.4167	6.65808	3.88328	18.2381	6.46592	2.82407	26.4776	6.79916	1.38301	31.343	4.78896	2.86312	11.3976	2.17418	3.92265	10.4204	7.66684	1.72129	30.4409	7.38051	2.12937	28.2689	10.1329	1.76476	46.5264	9.28788	2.14215	41.6661	7.7675	2.30331	33.5102	5.7002	2.48118	12.7081	1.24061	2.7009	5.6922	8.16592	1.5165	18.2955	6.42078	3.97959	25.6462	8.35019	3.05506	29.762	
2.42168	1.20012	9.64573	3.33444	3.35357	9.94039	6.37918	1.65275	28.8279	1.4342	2.80906	4.78422	1.86971	2.21617	9.00919	2.03203	2.21508	7.19032	5.46821	3.3987	17.9223	0.663769	2.09351	1.43688	3.99086	3.05392	8.97883	6.97688	2.27633	22.6943	3.68483	1.05234	9.45705	4.12066	1.71026	9.84904	1.60552	1.1375	6.09023	7.24774	3.29843	23.1351	4.52647	3.32133	17.7155	7.74802	3.69471	37.457	6.70375	2.97414	22.0447	4.92321	1.10059	21.0083	6.0125	1.9648	22.7331	3.86659	2.9532	14.7286	2.16134	3.44534	4.86593	7.51987	2.67029	17.4417	
5.0067	3.5637	13.801	2.23387	2.3591	9.43188	10.8487	3.39647	50.5591	6.94004	1.74666	25.7658	7.10414	1.67871	29.6977	4.33936	1.57938	19.509	6.81089	1.58351	33.2838	4.90241	1.9824	15.6257	4.59467	1.53852	20.1489	7.1712	2.88925	15.7607	9.23608	2.91193	23.5208	9.1171	2.58675	22.8381	5.15108	2.60745	23.5487	6.97846	3.38127	20.4628	1.51746	2.23206	6.57799	5.74033	3.42168	25.1237	5.88897	3.64044	17.0704	6.02314	3.93004	13.2866	9.97728	1.8179	24.835	8.26617	1.42401	23.4972	4.23526	2.89831	13.1028	6.39624	3.76125	27.137	
6.52649	1.37435	16.4931	3.58345	2.97118	17.6369	9.55533	1.91197	30.5236	7.33385	2.23925	20.5786	7.77375	3.45165	16.5527	4.00547	3.11892	19.8675	4.60745	2.94659	15.4573	5.43127	2.75299	16.0613	2.90853	2.645	5.94837	4.51255	3.18004	14.156	9.36814	3.50256	22.6501	8.37356	1.45174	33.7383	6.30371	1.55626	19.8431	4.22411	3.86251	20.9333	3.93899	1.11535	14.4851	2.87161	1.65236	13.9103	3.11152	1.19682	12.3333	3.91851	1.22068	8.70772	8.46741	2.53884	38.3567	9.4849	2.9204	21.432	3.86625	2.35758	9.68796	3.53563	1.82432	12.4982	
5.76531	2.9425	24.6909	4.65776	1.39669	17.3463	4.91241	1.09563	21.8578	4.42942	2.03138	20.5389	5.16059	3.47457	10.4191	2.31097	3.60989	6.16199	1.88649	2.12881	3.92183	3.68776	2.25707	9.44529	1.74998	2.56998	4.54569	3.52243	1.06321	13.6282	5.65566	1.3138	19.906	3.88217	3.06891	18.4511	5.04479	3.58211	23.9524	3.91006	2.5976	10.6728	5.95772	1.11903	21.2857	5.10983	1.18282	21.9151	3.71459	3.97218	11.2439	1.53112	3.34467	4.28634	3.90195	3.61434	14.4438	7.33705	3.17392	26.3838	2.31544	3.46592	9.45863	4.48856	1.81738	13.6804	
4.30041	2.49962	11.3531	5.92194	1.81204	15.1778	4.97523	3.36814	24.6546	1.31931	1.34423	6.19285	1.72013	1.72485	7.49148	4.24254	2.58072	13.2561	6.48205	3.82612	16.6137	3.24614	3.84245	15.9179	5.81312	3.254	27.3851	8.17958	2.62033	18.2663	1.12846	3.86103	4.05925	2.57277	3.59524	6.82021	3.58154	1.63377	17.5211	8.59141	3.44426	38.7142	7.0882	2.48571	32.0676	9.60882	1.01652	33.0548	8.33314	1.19186	18.4848	6.21186	1.34559	30.7993	5.14242	3.2545	17.7262	3.45439	2.57346	7.26394	4.38144	2.37468	10.3145	9.13215	3.43316	23.2601	
4.95136	3.33253	21.6032	5.48341	1.83077	17.2349	3.79945	2.44314	15.7987	2.35035	3.60736	8.36318	3.10492	2.31841	14.3721	3.22056	3.34656	10.3112	4.54664	3.07641	18.1385	3.13561	3.37194	8.12417	4.25522	1.85385	14.6373	6.25858	2.89683	24.6316	2.83971	2.56793	11.8811	1.61228	3.03926	3.6271	4.13011	2.69053	18.2271	6.70252	3.4861	18.6251	6.80151	1.82259	33.3003	7.92298	1.25254	16.0618	6.55602	2.57132	32.1995	4.36328	1.76633	15.1978	3.54355	2.24681	11.0572	5.21552	1.5225	15.1954	3.341	2.0737	11.2188	7.3309	1.76757	36.2316	


# This instance was randomly generated with the following parameters: 
# SIGMA_MIN=1
# SIGMA_MAX=4
# CAPACITY_OVER_DEMAND=5