11	22
154.396	1057.54	108.945
178.453	1204.45	120.866
5.37591	1122.02	117.815
23.8576	1291.72	141.556
83.0563	1045.22	105.749
68.2247	1294.62	159.099
120.38	812.133	60.3312
18.9655	896.062	79.9474
25.2212	438.163	16.649
76.8321	1203.5	138.612
29.7454	1090.9	117.906
15.4788
14.0688
17.3056
12.8244
7.90415
12.8936
7.3714
6.79697
4.51365
0.71172
9.36784
10.0968
1.98725
20.1665
7.36298
18.5139
15.4137
5.63755
13.6241
6.70136
9.87873
14.8752
3.62842	0.34676	15.7122	3.83726	0.392292	18.8594	6.04238	0.246645	13.2448	8.03197	0.719813	30.132	7.09662	0.634543	21.631	5.98915	0.155827	27.5794	2.03207	0.632711	8.58848	9.99826	0.795503	40.8123	4.88673	0.230223	17.0765	2.3744	0.138006	8.45742	2.47565	0.583904	7.651	6.5614	0.173048	31.4036	5.71367	0.804374	24.347	7.00003	0.130145	16.2243	7.3267	0.189274	24.9112	3.99048	0.658838	14.2828	1.4188	0.148721	4.06799	5.78733	0.845669	11.977	1.8468	0.384276	6.62224	3.25925	0.955989	9.15821	6.20373	0.590915	29.8238	0.481241	0.529772	1.10414	
1.30259	0.306514	4.34346	7.40496	0.379655	27.2443	9.01747	0.991713	24.5499	5.31191	0.932484	13.8619	9.45716	0.846956	19.2925	9.04927	0.618441	40.8126	2.62687	0.777137	8.58885	8.65814	0.262728	24.837	4.84428	0.740525	13.6599	4.92109	0.358659	19.0156	1.93613	0.752821	6.12375	4.92814	0.237374	16.6503	1.92653	0.36865	7.73294	6.82399	0.727873	29.5355	6.59767	0.493708	17.7823	5.71645	0.444584	27.6779	2.88336	0.518254	9.91026	1.603	0.599991	6.02427	3.46285	0.190383	14.7352	1.40124	0.641274	5.09061	2.93356	0.580532	7.68716	4.73019	0.735362	15.0276	
6.87748	0.454102	21.5544	6.96776	0.50882	18.8476	6.87797	0.618212	24.2043	2.83086	0.383805	13.343	6.2295	0.305526	14.4452	7.03571	0.424231	22.7358	7.03079	0.628767	21.3428	3.08953	0.677532	14.3853	2.12815	0.845435	5.72178	9.03493	0.807774	25.8801	5.43821	0.55143	17.6777	1.09175	0.446438	2.32736	4.73262	0.152035	23.6123	1.50011	0.843211	5.42375	0.80306	0.990939	2.7739	4.00973	0.100808	15.7106	6.0407	0.428801	14.6892	5.62975	0.361278	13.5307	7.74834	0.423305	18.3445	6.70623	0.801913	29.1404	3.76212	0.522201	11.5641	7.07805	0.632821	23.3641	
3.59191	0.926417	12.7453	4.2953	0.595332	13.7826	5.70017	0.885155	14.5055	5.50753	0.46637	15.3559	6.16528	0.547166	23.2812	5.73997	0.269313	20.2267	2.98888	0.304467	13.4	7.39779	0.89074	24.3263	2.37569	0.451401	10.542	4.74492	0.913151	21.5117	1.67928	0.820118	3.889	3.9274	0.5842	13.8593	3.91819	0.475516	12.6003	4.57678	0.770122	15.9015	4.77478	0.141642	13.3832	2.43437	0.857683	10.8211	1.81162	0.338585	6.47028	4.36111	0.327051	20.6804	3.5591	0.922866	14.7167	3.26476	0.760765	13.0019	4.0191	0.204913	8.42612	2.86067	0.691089	11.4886	
3.80144	0.148377	7.80452	9.45514	0.847574	19.6688	10.6773	0.542334	44.5223	3.90203	0.719614	16.735	10.7678	0.688973	46.1293	10.7504	0.754804	23.8482	5.25038	0.868569	25.4075	7.81435	0.429601	20.2095	5.6503	0.126016	14.1433	7.53247	0.915042	35.7047	4.30818	0.163223	13.6128	4.6028	0.751751	9.47328	1.26832	0.659925	5.43993	7.04046	0.437414	33.422	6.49641	0.802817	14.8528	7.18954	0.325746	32.3876	5.35332	0.613741	12.809	1.02099	0.227888	3.75795	6.08454	0.193047	20.1744	3.99311	0.795555	13.9459	1.93305	0.916187	9.56469	7.21243	0.12102	21.9207	
9.32964	0.336756	19.2022	7.89856	0.975819	17.4775	7.0089	0.60963	33.1197	4.70043	0.533823	14.4606	5.83944	0.750002	24.6262	7.20437	0.295308	20.8014	9.31395	0.604905	28.3499	1.93213	0.283996	5.88382	4.03494	0.306175	19.6011	11.1328	0.679111	28.9678	7.76434	0.447448	25.8785	3.55813	0.939295	11.2561	7.22676	0.22744	19.9552	1.87167	0.375736	7.12072	1.76475	0.830331	7.52496	5.23866	0.403938	14.7105	8.21563	0.580645	24.6915	8.12806	0.875232	18.2933	9.96029	0.949182	34.1539	9.13252	0.177582	42.2737	6.20794	0.409171	22.664	8.92484	0.715588	39.3505	
7.0211	0.783438	18.7108	2.97993	0.80009	9.02298	2.7833	0.506929	11.831	6.74323	0.635496	23.6664	2.77005	0.312156	6.34349	2.9116	0.12836	6.29411	6.16565	0.325034	17.7757	6.6048	0.427153	27.2343	2.58047	0.201477	11.1058	7.22627	0.638043	21.1879	5.10225	0.207199	20.2759	4.68888	0.252	18.4764	6.78618	0.937381	32.1458	3.26555	0.259002	15.2117	4.04566	0.473494	8.65328	1.0062	0.923197	3.2782	4.90462	0.951123	15.8122	7.45143	0.290102	18.4054	6.4807	0.509932	25.1145	6.68285	0.105564	29.372	6.40025	0.301027	22.3974	4.71576	0.675238	14.5178	
8.20342	0.729195	29.0499	1.10154	0.261093	3.90377	1.39947	0.314036	5.05611	9.61577	0.516788	45.1605	2.97288	0.324052	11.0974	1.25045	0.940412	4.73614	6.84594	0.106938	32.6746	9.5498	0.927497	42.4615	5.38023	0.716625	12.9973	6.89656	0.384369	29.9441	6.4389	0.196762	16.8661	7.58627	0.603076	29.7974	8.99427	0.761671	37.0221	6.24344	0.53428	22.1764	7.04877	0.659304	17.021	3.34129	0.40049	15.155	5.75591	0.867628	21.6136	9.47692	0.212922	22.2658	6.77338	0.276098	23.8368	7.82432	0.828664	32.8152	8.88035	0.491622	41.0758	4.53786	0.216766	19.0849	
5.64302	0.771755	26.3024	6.73602	0.897301	25.9695	7.08314	0.776702	19.0047	2.46449	0.302159	6.53913	6.71548	0.979029	32.9913	7.21433	0.209165	19.7868	5.91254	0.681086	19.0091	4.18795	0.278587	10.2823	1.77112	0.27513	6.52515	8.02073	0.305302	23.3577	4.30787	0.456151	8.63573	0.520227	0.809801	1.65905	3.50762	0.917952	10.3689	2.49862	0.168001	11.3615	2.03842	0.219628	8.21618	3.81799	0.831945	13.3205	5.01684	0.47934	10.6517	4.39552	0.583776	16.2525	6.67198	0.945619	22.8045	5.48967	0.899566	27.0979	2.6171	0.947594	11.3291	6.26383	0.328547	25.8895	
6.88941	0.261588	24.3298	1.19784	0.276443	2.50504	2.17674	0.54817	4.39909	8.116	0.538841	28.8955	3.17859	0.269953	11.2363	2.17375	0.87214	7.774	5.67564	0.253381	14.9885	8.37106	0.975145	33.2332	3.88777	0.197902	14.73	6.17043	0.103527	27.1839	5.04972	0.487244	11.5962	6.10773	0.314109	25.6547	7.46264	0.834809	15.4877	5.02354	0.538949	14.1121	5.75686	0.670419	19.927	1.83905	0.502531	7.92475	4.49366	0.231262	11.9967	7.9727	0.929122	36.1154	5.75514	0.724656	21.6072	6.51711	0.588995	18.1705	7.33047	0.641161	27.3449	3.64979	0.456446	7.30468	
7.30605	0.140336	29.2498	3.24148	0.470535	10.5164	2.78669	0.316162	9.15729	6.72831	0.443426	29.7942	2.57237	0.728405	6.25382	2.93421	0.572397	11.6823	6.48825	0.382953	17.3466	6.39114	0.965754	27.2716	2.64557	0.959093	12.1542	7.5764	0.817629	21.5226	5.38911	0.776953	18.478	4.67308	0.879541	21.0471	6.94895	0.727511	21.8438	3.07407	0.570994	10.5632	3.89098	0.597036	16.4163	1.30991	0.681994	3.12854	5.22675	0.660486	18.0357	7.63951	0.900615	35.9819	6.81827	0.684655	29.7699	6.97304	0.171188	30.4056	6.51119	0.993939	16.771	5.06756	0.581911	13.4981	


# This instance was randomly generated with the following parameters: 
# SIGMA_MIN=0.1
# SIGMA_MAX=1
# CAPACITY_OVER_DEMAND=5