6	12
176.637	1265.26	141.815
153.331	1166.56	128.828
25.7095	901.896	67.4022
167.691	831.947	58.6511
153.194	849.743	62.6596
44.2358	477.812	19.2434
48.9847
53.5921
57.9839
44.8727
7.85147
1.27114
0.13097
9.71448
26.5754
17.9736
34.2044
15.9115
6.25054	3.54513	23.5045	3.04081	3.69368	10.8375	5.28254	2.99321	22.2418	3.57001	2.89773	10.9265	7.16796	1.56152	21.1537	7.88922	1.26595	30.7886	4.50358	3.53941	22.4136	10.7146	3.27107	51.8062	7.97793	2.0533	30.7638	9.73348	2.38373	41.9531	4.97765	3.68916	24.1757	1.78412	3.24555	5.65047	
1.39949	2.03077	5.01625	5.31286	3.77749	20.2215	1.08986	3.93944	4.21708	3.4021	3.19697	11.9856	7.45007	1.08006	18.8495	2.69812	3.58176	8.26156	4.71273	2.61953	20.5128	7.4067	3.11451	15.0392	2.79945	3.43006	5.86927	5.19048	2.27866	20.6147	1.46196	3.73559	3.44545	3.81223	3.03892	17.7304	
7.66633	3.69816	19.4007	7.34432	2.72065	24.022	5.7765	3.62793	23.327	6.18743	2.31113	24.8954	5.06045	2.32799	16.3754	5.42052	1.17486	18.6173	5.53464	2.95152	14.0581	1.02441	3.30913	3.88198	5.35741	1.61622	14.9767	3.26755	2.3968	11.8857	5.67827	2.47958	12.6549	8.04374	3.02677	18.6639	
3.19388	1.14175	8.73787	4.12632	3.70773	8.38136	2.77504	3.99641	10.8388	2.89294	2.18936	7.223	7.46933	2.12954	21.6932	5.11247	2.39225	20.4476	4.42443	2.21601	19.903	9.12438	2.18393	23.425	5.21141	3.1687	16.8109	7.40029	2.01567	29.6544	2.68671	1.91487	9.74344	1.99252	3.76702	9.52829	
6.4619	2.83195	28.8009	3.24983	3.98422	7.66574	4.04144	3.3914	19.5738	2.64595	3.53532	10.3218	2.38258	2.80124	11.0337	5.6796	1.14948	23.869	1.47166	2.65321	4.31598	5.15328	3.789	25.0799	5.69369	3.52452	18.0234	5.59614	2.13121	18.0942	3.63917	3.61512	16.67	4.43782	1.29977	10.7711	
10.1586	3.68811	38.4857	3.94414	3.35831	11.4557	7.86425	3.83911	30.5254	5.4153	2.82422	24.4906	2.66841	2.82217	11.8493	9.9365	3.66119	32.3687	4.07071	1.13022	10.1429	8.67464	1.18198	24.5132	9.96268	2.3225	48.5906	9.87588	3.55353	44.0487	7.39642	3.68059	34.5056	6.18289	2.02372	28.7104	


# This instance was randomly generated with the following parameters: 
# SIGMA_MIN=1
# SIGMA_MAX=4
# CAPACITY_OVER_DEMAND=1.5