12	24
75.9826	1088.04	97.9023
80.1286	600.418	31.5687
12.9501	1014.29	85.4554
131.541	621.624	33.2954
131.244	356.925	11.192
53.4086	1004.51	95.8226
136.16	838.645	66.7153
49.5233	867.987	64.617
142.698	1088.37	103.999
141.037	839.636	70.4546
149.082	1145.04	127.451
108.745	1004.96	84.9481
5.19296
18.4998
19.9564
16.5173
15.5124
11.7187
8.66321
17.9203
5.19352
12.4936
15.5995
20.9264
14.3585
1.28004
7.20852
13.8811
10.7812
17.3577
4.03558
7.49347
16.2021
9.30187
15.6461
5.40062
6.38211	0.7086	21.63	1.00516	0.644189	2.30365	2.45572	1.91148	11.5855	7.79723	1.84441	26.0543	1.1451	0.615271	2.93588	2.2038	0.704345	10.1784	2.5959	1.65983	8.62953	3.99681	0.80957	11.7876	8.89996	1.27002	40.1241	2.46949	1.3078	5.45059	7.79317	1.3531	21.0019	4.40227	1.554	19.1731	6.56174	1.54836	30.1497	5.60744	1.92677	12.6315	5.69192	1.0948	27.7949	5.05107	0.898247	24.2419	1.2387	1.67787	2.7642	2.43292	1.6331	12.0689	5.30915	1.06736	19.9241	2.32823	1.85275	9.45576	1.45874	0.581687	5.195	1.766	0.928948	7.50231	6.76466	0.942827	22.5094	1.72698	1.77895	5.26638	
7.59224	0.577799	24.9605	2.86345	1.71507	6.77425	5.60532	0.808758	14.4863	7.70279	1.0467	33.4587	2.4221	1.19791	5.6421	4.17475	1.90564	9.75094	0.662942	1.17744	2.8351	3.41409	1.84722	16.2036	10.5099	1.23472	49.8095	5.63619	1.20307	16.763	8.65846	1.87988	30.6322	2.20224	1.2912	9.94155	4.80136	1.23772	21.862	8.04628	1.84796	30.8052	3.36532	0.544716	14.7195	5.57159	1.2979	11.6858	3.83669	1.97704	17.8134	5.65381	0.697081	22.2528	3.40438	1.48408	7.58428	5.00597	1.15111	14.6362	4.27085	1.43346	19.1822	4.83315	1.96629	18.389	6.98042	1.86425	14.8366	3.7606	1.46398	18.107	
6.80051	1.36892	24.4516	1.20319	1.32413	4.67503	3.80619	0.632573	15.0586	7.65425	0.852993	26.4247	0.904186	0.875919	2.10398	2.72762	0.991228	5.67498	1.23395	0.815721	5.14336	3.46379	1.45175	8.53757	9.54619	1.81913	30.7137	3.82921	1.35132	18.9014	8.08	1.50362	25.0523	3.2973	0.83833	11.5639	5.70173	1.96814	20.7431	6.61394	0.61165	18.4544	4.60282	0.737606	10.4689	5.09699	0.701773	25.2262	2.1914	1.03871	5.36763	3.81608	0.658532	12.0506	4.35182	1.53906	19.7976	3.32876	1.70259	11.1724	2.579	0.604866	10.1523	3.06252	0.996341	7.20475	6.7333	1.64069	26.5639	2.33492	1.57507	6.55715	
4.24641	1.36183	15.0636	3.29083	1.20156	13.9106	3.43259	0.827434	8.13209	5.29416	1.03337	23.4536	1.72012	1.90966	4.5924	4.70102	0.609485	19.745	2.91716	1.00026	8.75286	1.81734	1.86672	5.95878	7.06982	0.981693	20.9842	3.51588	1.50448	15.683	5.51202	0.703433	12.6349	3.19422	1.08607	9.8518	4.56828	1.54786	20.3846	4.66049	0.855192	21.6443	4.22701	0.644219	20.2293	2.58548	1.45627	11.7756	1.68086	0.922759	4.8589	3.93073	1.05936	12.7448	3.60331	1.74419	9.21325	4.74344	1.5867	17.0351	2.01544	0.526559	9.40421	2.695	1.16818	6.36839	4.28125	1.32905	18.5622	1.06108	1.93455	4.08253	
2.58381	0.793414	5.31982	5.53078	1.22639	15.595	5.07516	1.66089	24.8404	3.06945	1.69852	7.63767	3.93263	0.843991	11.7255	6.93653	1.41676	30.6486	4.72662	0.863734	11.4818	1.89063	0.618854	5.85301	5.56771	1.42485	25.908	5.17464	1.35383	13.6217	3.50115	0.594509	13.8214	3.8524	1.77812	8.20859	3.75526	0.719141	18.0595	4.53	1.78131	11.822	4.27678	1.07546	13.8491	0.415252	0.802755	1.84107	3.74706	1.6047	11.7477	5.73083	1.37113	25.8206	3.50524	1.07487	11.0483	6.89762	0.56307	26.105	3.9427	1.46803	19.1695	4.50852	1.87641	21.9461	2.03901	0.90601	7.27403	3.10808	1.22787	15.3162	
6.89726	0.859597	32.5756	3.91852	1.59396	15.0041	6.1012	1.01163	24.2559	6.55111	1.61102	27.8455	2.90742	0.740899	13.4295	5.37366	1.97243	13.5853	1.60608	1.3184	6.2674	2.4566	0.576117	7.69302	9.8751	0.532278	35.2915	6.15326	1.6596	26.9573	7.78531	1.80874	24.665	0.803783	0.547421	3.5601	3.3933	1.27396	10.8454	7.90605	0.552316	24.1803	1.97495	0.686033	6.87734	4.74754	0.883746	14.8288	4.18584	1.31347	12.6236	6.31324	1.40812	25.1413	2.00268	1.89151	7.56398	6.06243	1.133	22.0845	4.64	0.854367	12.7151	5.29586	1.75757	23.8878	5.9517	0.564514	25.8654	3.89044	1.97453	16.2993	
3.88937	1.42853	16.2554	4.08425	1.00871	17.1979	4.29132	1.04308	18.7121	4.47765	1.5519	22.3507	2.45947	1.77115	12.2915	5.54887	1.24023	20.2714	3.23082	0.527568	11.1041	1.04106	1.69087	5.15219	6.8329	1.37629	31.6486	4.37944	1.00087	9.15703	4.98687	1.48545	10.4864	2.81291	1.29414	7.06461	3.74712	1.09456	16.0442	4.95466	1.9114	22.9261	3.63811	1.07079	8.26035	1.9216	1.32096	6.92948	2.60023	1.95071	8.32391	4.82686	1.27918	11.6308	2.93991	1.78093	14.155	5.64995	0.766475	15.9479	2.91816	0.723607	6.42604	3.58342	1.62791	9.01938	3.52889	0.982723	16.4931	1.97141	1.14373	6.93423	
4.77856	1.78942	17.8206	5.16773	1.991	17.6986	6.03574	1.31405	20.1321	4.076	1.74524	10.1994	3.60779	1.45776	17.9231	6.71189	1.99863	28.4468	3.4843	1.90717	9.05812	0.785833	1.26488	3.11939	7.74403	0.946497	25.7647	6.11892	0.65361	14.8687	5.44167	1.20155	16.0941	1.79615	1.21091	8.71059	1.96548	1.15191	9.15295	6.56214	1.7895	16.6994	2.04898	1.13816	5.51835	2.58674	1.9558	7.31814	4.22594	0.580496	9.70487	6.51567	1.7946	26.6583	1.28115	1.89629	3.16	7.04212	0.508891	19.2539	4.60209	0.569799	10.0875	5.29119	1.12911	15.4041	3.51214	1.99637	15.3902	3.6487	0.868297	13.5232	
5.87322	1.88027	21.0042	6.91492	1.45715	28.8717	3.64442	1.65087	15.0959	8.92113	1.63806	27.928	6.68043	1.566	15.9774	7.00258	1.78355	23.4547	8.43948	1.98429	41.0745	7.83788	1.77981	23.5429	6.1899	1.27322	20.596	3.65321	1.3851	8.5377	7.18577	1.36134	25.552	9.39716	1.12741	36.326	10.436	1.30744	44.2613	2.66222	1.10979	9.75053	10.4104	0.708021	27.0292	6.73857	1.55703	18.5565	5.2676	1.59961	14.5529	3.98383	1.74788	11.9919	9.73564	0.513163	34.4692	5.97744	1.21284	22.2098	4.83169	1.73436	17.4263	4.31953	0.650387	12.5359	7.84712	1.69733	20.015	5.46013	0.762706	14.4027	
6.03776	1.12097	24.1722	7.56754	1.312	31.0185	8.53411	0.763311	24.2134	3.86883	1.22356	12.1999	6.07802	1.86678	20.953	9.11271	1.08568	31.0593	5.57337	1.816	26.615	3.3045	1.22987	9.41386	8.7174	1.36253	31.2543	8.62037	0.921021	36.091	6.07617	1.13174	23.1087	3.32478	1.50946	13.5103	0.725167	1.06463	2.90412	8.5404	0.809346	28.2336	2.32851	1.11963	6.86081	4.18775	1.48414	16.0576	6.75223	1.3095	21.3191	9.03667	1.24753	22.8133	2.12532	0.718137	8.29548	9.5282	1.30488	23.1711	7.12107	1.2285	32.4874	7.80529	1.572	23.7459	4.03643	1.65392	16.3909	6.16579	1.93432	21.3831	
3.43999	1.54063	12.2978	6.18552	0.607119	25.7167	3.30679	1.67182	7.10237	6.45963	1.34833	31.7123	5.39764	1.26319	26.3728	6.81416	1.42002	15.6552	7.08137	0.835081	26.0492	5.77191	1.12022	27.6682	4.41316	0.561589	18.211	3.38082	1.18088	13.1619	4.82751	1.00134	21.3567	7.53806	1.59284	16.0821	8.20392	1.70534	29.3944	0.46281	0.720894	1.58476	8.39595	1.63902	24.9342	4.3567	0.94555	13.3164	4.06827	1.89897	14.8342	3.99728	1.96668	10.2591	7.67166	0.766683	30.3775	6.05944	1.07835	28.2628	3.74596	1.90494	10.2615	3.56805	0.533992	12.8341	5.38584	1.53473	13.7412	3.97516	0.846165	8.39205	
7.09875	1.3277	19.7786	4.58149	0.80603	21.1127	6.71625	0.870498	32.703	6.44914	0.917576	14.1324	3.55017	1.11513	9.28202	6.02644	1.95532	16.0134	2.25493	0.938956	4.5864	2.63286	0.808486	9.71803	10.0831	1.59583	45.3508	6.77173	1.93001	28.1549	7.87457	0.84008	16.0819	0.665059	1.55746	3.2823	2.9582	1.78417	9.40366	8.33978	0.833722	33.8724	1.40947	1.14282	4.81431	4.91213	0.980552	16.2722	4.7902	1.30558	13.1748	6.95279	0.799096	25.0379	1.64103	1.57604	3.82323	6.7272	1.84677	18.4861	5.24284	1.66344	17.5751	5.91004	1.8996	22.6204	5.95664	1.35409	24.4208	4.45348	1.9896	17.7957	


# This instance was randomly generated with the following parameters: 
# SIGMA_MIN=0.5
# SIGMA_MAX=2
# CAPACITY_OVER_DEMAND=3