8	16
132.389	562.727	26.5513
153.505	804.61	64.689
86.9908	1109.88	122.592
65.447	1029.57	102.026
79.9131	780.833	60.0462
91.521	740.459	52.2232
37.6299	1077.05	111.937
169.581	1103.82	106.056
6.20261
6.38086
3.19562
3.30473
4.69972
4.09777
3.41465
6.17209
5.41936
1.04034
2.80215
0.431292
6.28653
0.170901
4.69208
6.30124
9.03563	2.39048	24.3172	7.58765	2.14189	35.7023	7.33952	2.87129	29.3873	7.79446	2.94219	24.606	7.53502	1.8836	27.5394	3.92336	2.97362	12.0127	5.50741	1.66497	11.9951	3.33549	2.6047	15.8789	5.60574	1.65152	25.5898	5.85444	1.37737	15.709	6.3458	3.77726	27.5974	8.23556	2.83811	35.5059	3.14948	2.76301	7.2075	3.54216	2.67007	17.0202	7.75986	1.00517	19.5339	2.56247	2.82313	6.4915	
6.59152	1.82228	28.9056	2.92202	1.19173	12.9499	2.53345	3.9993	12.4089	3.6634	3.12896	16.3019	4.52971	2.2408	12.2505	5.42265	3.03981	11.4261	4.50892	1.17435	11.5012	1.71258	2.89722	7.02055	4.17877	2.1828	16.3181	1.23596	1.21122	5.62074	1.47427	2.94554	5.70692	5.74648	3.47879	13.3893	3.24426	1.05535	11.2477	4.25682	1.07567	14.5809	2.9523	2.64272	10.6994	5.98512	2.52844	23.3776	
5.39861	1.46358	25.4798	6.65917	1.06958	15.0773	5.30201	2.64675	22.6988	7.47577	2.66361	16.4417	4.10828	2.61875	13.2648	1.62914	3.65813	6.07402	1.84925	2.35911	6.59812	3.48734	1.10408	11.2151	1.97263	2.92314	8.68493	5.04917	3.13599	20.8197	5.12908	3.41855	10.9402	4.62538	1.35083	20.4076	0.771028	1.13442	3.29087	5.82545	3.46338	22.2394	6.57041	2.55075	26.8325	2.87381	2.11337	9.89485	
6.72898	2.74714	17.8622	8.14003	3.46691	29.7114	6.99187	1.38512	26.2636	8.80499	2.39032	21.3639	5.73007	2.33091	12.1861	0.955436	1.24904	4.64753	3.17488	3.77298	13.2742	4.39995	3.00616	12.2984	3.46582	1.45308	10.1471	6.44099	3.60169	14.751	6.63949	2.15363	19.9845	6.04307	3.13788	14.2877	2.0092	1.34174	9.63852	6.07043	2.67887	18.6323	8.11451	3.15953	22.8412	1.19216	3.51415	4.87144	
8.12913	1.81233	36.4642	8.10974	1.24147	22.4047	7.41608	3.34373	18.8935	8.53866	2.31286	24.6187	6.88148	1.3522	19.4316	2.56398	1.73006	8.03123	4.53763	1.95799	17.4648	3.95996	1.3185	13.5162	4.737	2.48505	13.4249	6.35308	1.4043	25.8641	6.71411	2.51024	13.4926	7.38557	3.12491	35.1208	2.56524	2.25459	9.06998	4.90957	1.09679	22.9305	8.18936	2.66625	18.9064	1.09986	2.12945	3.83412	
9.40998	1.23488	36.1219	7.58222	1.17143	33.2559	7.47654	2.20586	25.1769	7.70932	2.73007	31.3047	7.85988	1.25545	20.8713	4.378	3.19123	16.1826	5.90632	3.81984	18.1707	3.36155	1.5896	16.1472	5.98581	1.82282	13.4956	5.87316	2.8967	27.2625	6.40215	1.1566	21.7952	8.60036	1.31987	20.0117	3.50827	3.16407	17.5402	3.21089	1.67122	10.0064	7.78413	2.02096	18.278	2.99543	1.85058	11.157	
7.01901	2.51237	31.7704	10.7488	1.2617	33.3941	9.22147	3.35083	24.9118	11.5594	1.51011	29.5147	6.8943	1.8825	19.4663	2.48472	3.4902	6.7948	4.32424	2.05023	16.9807	7.31377	2.37813	30.5536	4.77812	3.97445	11.4961	9.13968	1.46822	43.3376	9.21618	2.60946	18.9893	6.62784	3.16991	23.4411	4.69355	2.0481	21.3141	8.98762	3.42969	31.5517	10.6397	2.96033	31.9719	3.12402	1.56766	11.9358	
11.0468	1.64711	28.2392	6.06128	1.70899	17.1491	7.12304	2.18672	25.7181	5.5498	3.28072	14.6521	9.10001	2.70002	24.1292	7.45	1.99362	30.1543	8.0786	1.37213	30.1513	3.43334	3.44754	10.8463	7.95544	2.73	35.867	4.85936	3.66066	14.6863	5.57362	3.66908	25.7125	10.1834	3.83575	24.5414	5.70385	1.11186	14.5613	0.640729	1.73203	1.87398	6.47275	3.01984	17.921	6.55403	3.07261	24.4736	


# This instance was randomly generated with the following parameters: 
# SIGMA_MIN=1
# SIGMA_MAX=4
# CAPACITY_OVER_DEMAND=10