8	16
176.154	1093.14	111.407
63.5942	680.244	42.9476
29.5106	1147.6	122.565
13.7318	1001.88	83.0018
112.036	1295.29	157.246
123.005	1146.68	118.952
158.822	1160.75	118.14
148.144	591.982	30.3568
0.992751
2.24378
5.77086
10.8369
6.59712
1.28308
9.6436
7.55991
1.58154
1.52693
6.84434
2.90858
11.4768
0.444623
7.37464
1.3761
2.95393	0.776481	7.42484	5.72589	0.861098	27.4861	1.1037	1.00922	5.25927	3.23548	1.55499	9.41689	1.73195	1.65309	8.09045	3.58305	1.39313	11.0567	4.82816	1.38882	14.0722	2.00069	1.84908	6.4381	4.00674	1.19692	16.6454	3.05538	1.53586	6.14878	5.23315	1.36085	24.3944	7.27755	1.47338	21.5612	4.63938	1.33224	15.0677	4.49287	1.75591	10.5064	1.03245	0.552191	2.18533	3.78467	0.908035	8.56558	
6.6157	1.5126	18.8059	4.80077	0.963178	22.578	4.26252	0.986045	19.6411	1.64907	0.580106	7.04949	3.00999	1.36828	14.9314	3.51722	1.26568	16.3709	5.26192	1.4653	22.7404	5.66114	0.862738	19.0412	0.363331	1.19693	0.89094	6.69794	0.713546	13.8838	7.10874	1.70259	18.8022	8.39934	1.27296	32.1455	1.27564	1.92848	5.02721	5.19079	0.726917	20.7728	4.03684	1.80626	9.66444	0.339465	0.634816	1.34879	
8.55269	1.7265	26.2034	0.169229	1.96023	0.751918	5.24026	1.25657	19.6557	3.46454	1.11073	10.3127	6.53489	1.90415	16.7046	2.28665	1.5387	10.4119	2.01125	0.629723	5.71519	6.3991	1.20094	26.231	4.54947	1.11697	18.8737	6.99476	0.964003	22.0297	4.46768	1.94332	16.5279	4.46019	1.54927	9.94717	6.01022	0.81815	19.4719	2.35749	1.87393	9.81262	6.77937	0.683302	32.0585	4.50779	1.39257	11.3822	
1.1437	0.642615	4.12621	8.12235	0.849535	38.8679	3.18569	1.41074	15.2025	6.34851	1.04701	17.289	4.45983	1.51794	16.9307	6.11219	1.85549	13.5111	6.67711	1.75257	17.5803	1.88771	0.926869	5.80322	7.22663	0.535488	26.2017	1.67744	1.05273	7.89406	5.7558	1.06389	16.0575	8.02808	1.12516	32.4493	7.7678	0.678097	37.6002	6.27108	1.59374	18.1261	3.22507	1.57693	9.88832	7.00445	1.00956	21.7589	
0.98402	1.21795	2.63304	7.47819	1.13739	34.8766	2.42091	0.575091	7.76381	5.47514	1.76758	25.7391	3.51623	0.867361	11.834	5.40379	1.1084	22.1925	6.16444	1.94865	15.6133	1.4133	1.45806	5.34584	6.29545	0.935687	28.6784	1.7864	1.93768	5.23647	5.59456	1.55084	19.7523	7.85715	1.28062	17.1536	6.81515	0.855252	18.027	5.76818	0.738792	16.4489	2.28274	1.58642	8.39132	6.0744	1.71419	16.1171	
7.94887	0.600365	32.9157	2.78817	1.36901	7.52461	4.99041	1.11613	16.1574	5.09892	1.5194	24.9111	7.29145	1.77412	26.3336	3.23854	1.162	6.53179	1.47779	1.27518	4.46961	5.55561	0.645257	19.5209	6.5437	1.15266	29.9291	5.71781	1.12305	18.8778	1.97252	0.606436	6.11784	1.68425	1.04775	4.5014	8.01121	1.90363	35.9909	1.62173	1.87616	4.57453	7.02426	0.74779	20.2884	6.41946	1.81514	30.3182	
6.80948	1.94689	27.2745	8.26969	0.827672	35.4482	6.10372	1.38353	24.0659	4.94585	1.40172	13.6808	3.41827	0.65635	9.72553	6.72479	0.54683	24.668	8.48324	1.34228	20.5393	7.08714	1.56412	34.9765	3.81883	0.505473	18.6017	8.10801	1.89391	17.4363	9.89017	1.47892	40.1281	11.531	1.05927	46.3125	2.53394	1.04953	12.2935	8.32665	1.70176	33.3401	4.56274	1.2901	15.7325	3.82674	1.45758	18.8079	
6.62134	1.4109	15.3346	6.14651	0.934429	17.6004	4.8852	1.76181	12.157	2.90998	1.85925	9.5265	2.82992	1.69068	12.0544	4.76138	1.0893	12.2125	6.52417	1.55678	13.3652	6.15067	1.48931	29.7068	1.6616	1.95816	5.78726	7.20929	1.35388	16.7134	8.20364	1.80214	25.6673	9.63889	1.03027	41.3821	0.626062	1.557	2.01909	6.41788	1.33676	28.7399	4.04134	1.63135	10.6679	1.68551	1.03534	5.84557	


# This instance was randomly generated with the following parameters: 
# SIGMA_MIN=0.5
# SIGMA_MAX=2
# CAPACITY_OVER_DEMAND=10