9	18
139.919	1193	120.177
138.555	824.377	62.1597
79.7364	829.356	65.0308
91.1302	1175.62	135.432
150.543	460.66	19.4446
157.54	1083.76	109.451
110.03	924.578	84.4916
65.613	1070.54	96.5312
103.477	658.09	39.8577
13.8945
1.15435
25.0268
7.89686
1.82298
1.73813
23.4467
7.28391
26.4203
17.0398
8.00078
12.2317
24.9981
1.54605
17.8036
17.4188
26.0216
10.4473
5.79974	0.439974	16.1286	7.70329	0.22533	25.1753	8.07934	0.661449	33.8221	7.04132	0.243206	25.3261	7.04009	0.534122	18.1874	5.3909	0.421127	22.5507	3.56504	0.867481	16.8836	9.87996	0.563955	49.1395	2.54688	0.427117	8.2668	9.66222	0.25318	26.6068	6.50919	0.436581	15.0663	7.36996	0.997446	33.5896	12.0988	0.495719	46.924	7.85918	0.374098	20.9538	7.2866	0.186375	17.8682	7.42829	0.930026	26.8755	9.65229	0.891296	23.7643	11.5317	0.809759	29.1218	
7.53287	0.676019	27.215	8.56035	0.431416	21.9628	2.77338	0.385931	9.2399	5.23398	0.923688	16.7039	4.56235	0.956818	22.6262	4.98782	0.513792	19.9965	7.4147	0.837589	26.4026	3.87538	0.561717	14.8471	7.81265	0.161331	22.5395	4.93127	0.967015	17.5475	4.06031	0.743652	20.1836	3.22869	0.181761	9.37111	3.01975	0.980003	7.55427	8.83367	0.829138	23.6487	3.7787	0.386658	8.02118	2.94529	0.68923	6.84069	0.705467	0.225247	2.20644	4.04343	0.182306	9.31672	
5.23534	0.224095	19.2642	7.39006	0.931058	29.2815	5.37252	0.548987	25.2229	3.81063	0.850031	16.7188	3.73355	0.919281	7.84705	2.60048	0.796842	9.15439	2.70901	0.48458	6.25637	7.63243	0.26988	32.3821	1.25905	0.94971	5.40566	7.74155	0.856289	25.2341	3.85594	0.775976	10.8797	4.61965	0.586754	14.973	9.39412	0.932758	45.2456	7.63512	0.249685	16.4416	4.82687	0.892387	23.3942	4.33426	0.883623	15.2285	6.57575	0.100481	22.692	9.1608	0.903498	31.8619	
2.47353	0.788194	12.2189	1.43516	0.198843	3.36896	4.89486	0.9875	20.3985	9.07228	0.478196	35.9179	8.38784	0.727897	41.631	5.514	0.299961	25.7646	4.95515	0.693889	21.5029	3.92106	0.236384	12.0399	6.63486	0.60159	14.4232	2.91623	0.109007	13.6365	4.83013	0.51679	16.5115	4.99783	0.934009	14.0068	6.72334	0.314083	24.4053	1.6375	0.578232	7.05	4.1594	0.664249	12.3878	6.27338	0.766613	15.2616	6.93431	0.477493	20.4432	5.2519	0.82427	22.916	
2.9213	0.665462	7.99205	4.25286	0.201867	16.058	1.84528	0.894296	8.19512	5.71942	0.710831	19.3346	5.01131	0.675743	22.4343	2.40031	0.199646	10.8792	3.41496	0.196089	10.4765	2.96381	0.920546	10.4519	4.58845	0.789084	12.0255	2.93432	0.847928	9.30112	1.44975	0.525724	6.03527	1.66644	0.505654	3.4461	5.34499	0.937848	25.1582	4.54295	0.337274	15.213	0.870591	0.36378	3.35345	2.89451	0.459622	11.4698	4.03208	0.247821	15.2692	4.61287	0.283434	20.917	
5.33896	0.683709	19.218	7.35968	0.499535	19.2086	3.70763	0.392495	18.2738	2.40761	0.262206	10.1125	2.00274	0.929213	6.88811	1.42126	0.66757	4.22243	3.45001	0.798409	15.9766	6.20476	0.382024	15.1529	2.89264	0.275548	10.1277	6.55378	0.730769	23.7926	2.43763	0.395977	7.84691	2.97874	0.258546	13.1556	7.59025	0.507793	15.9418	7.63793	0.187619	28.0362	3.45367	0.135528	10.111	2.37589	0.527443	5.52838	4.58802	0.776732	19.6706	7.58355	0.758747	36.4402	
7.72763	0.209186	37.7372	9.301	0.87006	42.0389	3.53592	0.42743	9.17979	2.67742	0.621272	9.91139	2.1428	0.240683	7.11585	4.06494	0.684934	17.9131	6.68226	0.444885	22.548	5.78444	0.997904	18.4221	6.48268	0.147383	27.9212	6.64888	0.598414	16.9741	3.81673	0.192172	11.7924	3.38956	0.996261	10.3688	5.67663	0.933892	14.7886	9.59138	0.20978	24.5225	4.22346	0.204753	10.6718	2.19628	0.10993	10.7994	2.30492	0.544199	5.04884	6.46106	0.360925	14.7268	
4.15775	0.787265	20.5872	5.39229	0.480397	22.3055	0.60874	0.124147	2.82145	5.12094	0.167322	21.2072	4.36329	0.208149	12.8326	2.50498	0.987329	5.21457	4.317	0.517622	18.3682	2.59702	0.575037	8.13165	5.17979	0.333423	20.6928	3.02923	0.915016	13.7642	1.24898	0.495896	3.4557	0.721324	0.593873	3.22233	4.44524	0.491158	17.0213	5.67871	0.470137	13.92	0.414351	0.567418	1.71315	1.99222	0.46223	4.92028	2.79548	0.139216	12.7993	4.05789	0.127929	13.0642	
6.29571	0.49533	24.3455	8.23485	0.767585	20.1598	3.77826	0.20224	16.7409	1.41552	0.23057	5.31918	0.884653	0.288279	3.85711	2.2673	0.195959	5.89845	4.55952	0.269635	18.6413	6.37007	0.438821	26.249	3.9692	0.126612	9.36449	6.88933	0.232029	25.7766	2.90027	0.528907	6.91543	3.15103	0.569928	9.44724	7.33303	0.56328	16.4611	8.51953	0.415757	42.0842	3.82328	0.699982	15.8893	2.12488	0.938294	9.28197	4.08337	0.680689	16.1384	7.57661	0.334627	33.5771	


# This instance was randomly generated with the following parameters: 
# SIGMA_MIN=0.1
# SIGMA_MAX=1
# CAPACITY_OVER_DEMAND=3