10	20
0.0299931	872.439	74.3618
30.8833	737.671	46.5605
16.9579	772.772	55.8244
141.623	874.43	65.5884
47.1261	1316.54	155.894
54.9983	347.353	11.5194
33.6003	421.806	17.6528
111.597	1020.3	90.945
103.769	1176.88	129.45
94.3953	1197.55	139.565
23.462
20.3454
18.4926
9.27175
9.7815
19.6426
19.0986
17.5392
22.403
0.59869
11.6687
6.13861
5.79742
1.90985
22.1592
11.137
1.87153
20.572
14.7512
5.8131
7.87045	2.89782	28.3407	1.02888	2.50022	4.22983	7.21136	2.48544	26.7555	8.68249	3.43624	42.673	6.36338	2.2032	21.0359	7.22191	1.57877	23.5696	3.866	3.83098	15.7154	6.74989	3.89668	32.3955	5.13736	1.04358	21.7895	4.95448	1.83592	18.5313	8.91527	2.28725	18.9319	6.99793	2.71504	23.0236	8.15815	1.50002	24.5172	2.3235	1.57148	5.8801	8.81112	3.90519	24.1114	4.74044	1.81271	13.2731	4.58727	3.66799	9.85697	2.26482	1.80241	5.61495	4.3361	2.37587	20.593	5.58085	3.71654	23.6745	
4.93459	3.08501	10.1079	4.06687	3.20971	19.0914	6.0805	3.59511	15.1079	7.57134	2.11083	30.8611	6.582	1.68023	20.0987	4.09153	1.26643	16.7653	5.62547	1.02171	16.1849	3.72383	3.54618	14.6665	4.61498	2.51542	12.3477	5.98322	3.97338	22.0848	6.97431	2.07192	24.04	4.12545	1.40032	13.5213	6.10853	2.74392	21.4157	4.80055	3.03779	12.1232	6.75775	3.84037	26.9819	5.25077	2.23948	14.3795	6.27671	3.01466	13.9616	1.05827	2.90135	2.93051	1.44683	2.88806	4.55397	2.44656	3.51164	8.60522	
4.1803	3.453	15.8474	10.8785	3.55963	25.5427	4.34807	2.30479	16.7027	4.02939	1.74593	10.3238	7.18896	3.00755	15.3765	6.66294	2.53949	23.6373	9.74947	3.08654	37.5286	7.7776	3.38632	18.0243	6.17421	1.2932	26.4591	8.63691	2.63961	33.3674	1.82642	1.73684	5.97866	4.46568	1.515	12.4209	2.31254	2.36533	5.54924	10.4876	3.4097	24.094	1.72136	2.99858	7.43385	7.72043	2.90581	16.2764	9.85175	1.52551	29.1883	9.13275	1.13872	35.2678	6.72137	3.10394	31.6354	6.90631	2.94117	19.4086	
8.88429	1.9962	24.1283	0.472612	1.0813	1.28555	7.32863	1.40743	27.8213	8.70918	3.44796	43.2326	5.90234	1.1035	25.7387	8.51164	1.27712	38.7758	2.86552	3.23576	12.999	8.13186	1.66252	34.7361	5.1685	1.00072	12.4485	4.22318	3.32091	18.4846	9.3373	3.99021	41.1759	7.98921	2.06853	36.5666	8.66444	2.69724	40.8748	1.11616	1.8636	4.7644	9.29392	3.51885	33.9067	4.31392	2.63315	17.9106	3.5393	3.64137	14.4352	3.68466	1.47417	16.8011	5.45353	2.92448	12.9816	6.86021	1.24429	23.5879	
6.33461	1.00288	23.0505	8.13802	3.70722	21.9918	1.20559	2.34508	4.06646	0.782896	2.24707	3.65262	2.75607	3.67404	8.75922	8.26666	2.01798	36.9115	5.94064	1.29597	22.6631	8.99093	1.00491	31.9444	2.96288	1.66443	11.2135	4.53426	1.7828	21.8895	2.98324	2.3578	7.94163	5.86449	2.86596	26.2938	3.18072	3.5824	9.77958	7.21288	1.24168	16.4292	3.29047	2.47672	9.5811	3.88365	3.95097	12.7599	5.80015	3.7221	16.2221	7.85524	3.4533	36.8723	6.28094	1.50868	28.17	7.49579	1.48358	23.7707	
7.67529	1.16954	30.967	3.27266	2.25325	14.8864	4.60592	2.71483	12.8556	5.84448	2.23715	28.3708	2.84798	1.90896	9.88778	8.18596	1.78343	27.3026	1.12699	1.88682	3.01943	8.2377	1.00633	35.433	2.52542	1.04894	11.4079	1.3411	3.0082	4.58835	6.91952	2.88461	24.3011	6.80237	2.45978	13.8022	6.41465	3.80919	16.6584	2.10337	1.03355	6.16228	6.97136	3.14632	27.1871	1.27434	2.2998	4.57796	1.57714	1.54013	6.14108	4.67989	3.53122	13.1849	4.99141	2.92919	11.6813	6.66645	1.79547	26.468	
2.38509	1.46933	5.33533	6.26553	2.39334	25.029	4.23461	3.29077	18.7926	5.53684	2.74455	26.1169	5.9186	3.07442	26.5681	3.03185	1.5516	8.69559	6.51996	1.56046	13.3883	3.57399	1.50563	13.1153	3.81547	1.29535	19.0049	6.18087	2.44817	25.4179	4.34537	3.67225	21.3175	1.48564	1.87107	7.07759	3.45736	2.52818	14.2336	6.43506	2.24866	18.7803	4.07022	2.21463	15.3748	5.19664	2.21484	10.8062	6.97789	1.27525	17.6114	3.8765	1.3471	16.2221	1.40244	1.77208	6.47466	2.06373	1.67153	5.76982	
8.56404	3.46084	35.6995	0.0714735	1.03154	0.175546	7.2972	3.07884	25.7823	8.71307	3.91532	40.0544	6.05707	2.0883	20.2276	8.09876	2.12501	38.2391	3.18492	3.23135	13.3665	7.68653	3.20353	36.5001	5.1515	2.79506	20.4588	4.4591	2.59352	15.6168	9.21257	2.42201	21.759	7.67448	3.16357	16.648	8.51009	3.16183	35.1972	1.48433	2.75682	4.31358	9.14908	2.472	24.9972	4.44369	2.77281	17.4823	3.88321	3.97295	9.82566	3.22111	2.26176	12.3816	5.09015	3.02505	18.4908	6.44872	1.64537	31.8372	
2.54218	1.63567	12.3488	6.49137	3.44662	23.4731	5.68566	3.2406	11.4924	6.97569	2.29843	32.9401	7.23767	3.66192	20.9775	1.84001	3.35592	4.74809	7.38284	1.06863	20.0941	2.14434	2.41334	8.55217	5.11103	1.04994	20.9797	7.27778	2.76162	25.693	5.61345	3.23958	17.3924	1.89583	1.62875	6.14359	4.73437	1.38417	12.4663	6.97531	2.94392	32.6397	5.29735	3.82841	24.0256	6.34268	2.37208	19.7453	7.92326	1.76614	33.525	3.55146	1.31933	15.3416	1.40541	1.15044	6.8977	0.631483	1.68383	2.09023	
5.66741	2.7901	20.159	3.62139	1.398	17.7807	6.68446	2.35494	23.6188	8.18844	1.26106	31.0876	6.93512	1.91782	30.6381	4.64635	2.56516	21.7716	5.59571	3.73054	16.0094	4.12319	1.19796	14.45	5.07159	2.17206	16.3759	6.14129	2.95456	25.8278	7.69835	3.08268	19.2313	4.87261	2.74461	21.9114	6.83932	2.10478	30.8039	4.55447	1.36201	16.282	7.49177	3.82764	28.8148	5.50518	1.85773	21.0858	6.28188	3.30718	27.9697	0.368919	3.49677	1.75471	2.20651	1.66116	9.29782	3.03957	1.07094	7.05393	


# This instance was randomly generated with the following parameters: 
# SIGMA_MIN=1
# SIGMA_MAX=4
# CAPACITY_OVER_DEMAND=3