9	18
29.8409	1016.3	97.5369
114.387	1138.28	111.065
19.384	844.074	67.2692
126.779	945.623	75.9015
157.371	931.356	84.0682
79.5845	366.946	13.0164
101.904	1021.08	101.996
127.287	507.418	21.3497
150.595	978.76	82.788
1.36527
5.85304
1.53053
5.36159
0.807339
4.8434
5.55792
4.71866
0.288501
2.60397
0.431599
5.85653
5.09433
5.68086
7.01627
1.44157
3.49078
3.55693
8.56976	0.694039	17.9267	3.89532	0.592944	9.86968	3.1039	1.69844	11.385	3.72537	0.701612	12.9332	4.1519	0.599513	11.9623	6.28207	1.33456	22.724	8.32069	1.89549	23.1903	2.16737	1.85394	7.95716	3.90614	1.25673	8.17884	8.75643	1.14404	34.5903	9.03882	0.843334	39.1478	6.72559	1.35942	15.5673	8.19331	0.576873	32.8702	10.2213	1.42547	25.7589	7.04846	0.545096	28.4084	3.62616	1.75618	14.9332	8.71574	1.5666	21.4598	3.95957	0.505063	15.0223	
4.33451	0.691457	11.7617	6.38242	1.06944	22.9945	4.97494	0.617958	21.2243	2.67204	0.937481	8.15861	5.34169	1.9508	11.8976	3.83599	0.803417	11.3256	3.85679	0.686736	7.87413	6.71065	0.978662	13.5495	6.36988	0.818056	16.6382	2.36543	1.86086	6.75853	4.2292	0.58736	9.47093	1.52099	1.18125	7.20521	2.00374	1.36275	7.85418	4.65362	1.46306	17.1687	6.79805	0.73803	30.1345	4.54842	1.10814	18.1605	3.15551	1.39527	9.21821	5.54663	0.779033	23.9664	
1.25733	1.63883	6.06123	8.94943	1.02623	39.6272	4.52003	0.998053	18.8764	4.4725	1.64034	19.3922	4.04924	1.89015	9.56853	1.22904	1.2214	3.53119	7.39692	1.31606	15.7819	6.47759	1.94374	21.7766	5.14308	1.78084	22.7888	4.15915	1.88465	12.2891	1.83825	0.567548	5.52924	5.12228	0.525156	22.6618	3.14671	1.72258	13.0245	7.66415	1.8197	31.9696	10.1614	1.66241	47.8152	7.18191	1.57737	26.4183	6.39775	0.837334	20.5104	8.24732	1.01591	26.6039	
10.9029	0.610797	38.9355	3.04839	0.784888	12.4605	8.34967	0.648476	36.3096	5.89309	1.77008	16.0804	9.38779	1.28675	37.8906	9.6778	1.91828	46.3593	4.65633	0.852978	10.985	8.69758	1.74748	28.1334	9.82685	0.85624	36.5274	8.15507	0.645168	19.7935	10.8646	0.956284	49.3751	5.43291	1.00666	21.3492	8.39827	0.865949	29.7036	6.84573	1.40823	30.2676	0.284865	1.98749	0.686805	3.44521	0.745217	8.2167	6.0768	1.63925	18.2485	2.80601	1.51924	12.5357	
3.49254	1.50498	15.8648	7.59628	0.72607	30.5833	2.28482	1.40948	11.0313	3.34661	1.75839	7.77718	1.77892	0.726305	7.1881	1.08556	1.27312	2.43137	7.79112	1.41051	28.7905	4.20521	1.57865	19.8424	2.89687	1.27193	10.4349	5.60913	1.32557	12.3174	4.12784	0.778323	11.9677	5.42407	0.566221	19.3036	4.65783	1.4183	9.47935	8.66389	1.84266	35.0093	9.47534	1.79752	27.4451	6.02246	0.966598	26.4485	7.19464	0.868715	29.8622	7.03707	1.04082	33.5588	
6.72431	1.44311	20.3437	3.51815	1.10863	17.4412	2.94063	1.9771	12.4354	1.16922	1.33266	3.10011	3.97025	1.18025	11.8455	4.80922	1.39793	14.9487	5.75211	0.868008	22.7124	3.74667	1.96163	15.2075	4.46119	1.83253	18.9642	6.12638	1.15337	26.7166	7.01996	1.79581	22.3131	4.01181	1.68246	10.4662	5.66788	1.69705	14.957	7.54083	0.802209	25.9073	5.68347	1.81568	14.4922	2.01026	1.4717	7.84959	6.01802	0.5348	12.0551	2.96925	1.8616	13.3507	
10.068	1.34568	45.1839	0.649523	0.632034	1.75529	6.44035	1.9569	22.722	4.52903	1.65113	9.20747	7.5436	1.50278	26.4123	8.41356	1.16194	26.9088	5.72383	0.60994	15.0603	6.46648	0.556335	21.2246	7.80295	0.671162	29.8726	8.22028	1.32413	28.0701	10.2052	0.846253	38.1995	5.45712	1.72557	16.9389	8.16776	1.3496	34.9931	7.97358	0.994066	33.056	2.69319	0.580317	12.1808	1.78604	0.863114	3.73741	6.81369	1.16171	17.5966	0.727355	1.24401	2.17634	
8.9969	0.672011	30.0852	3.85428	1.16174	8.75605	3.50186	1.35712	17.2013	4.11184	1.50445	9.36781	4.52899	0.599535	21.7135	6.70517	0.69091	26.5749	8.58429	1.54124	39.3912	2.39698	1.27882	6.53481	4.21839	0.972082	19.4671	9.14493	0.912187	36.153	9.46629	0.756745	42.1575	7.06032	1.39802	20.2558	8.59742	0.760449	24.615	10.5255	1.37517	29.5163	7.08287	1.95454	20.8785	3.78985	1.81618	14.5566	9.03276	1.42886	35.8939	4.0126	0.915315	16.0737	
6.44788	1.73145	32.2152	7.22694	1.05867	15.1015	7.73655	1.00785	26.2406	5.04452	0.954323	13.504	8.20366	1.90647	17.1786	6.61125	0.622985	29.3675	1.72138	1.05054	6.84073	9.30969	0.798051	27.1197	9.19826	1.1879	34.4005	2.45037	1.43822	6.91886	6.0314	1.6369	14.4947	1.84764	1.31951	4.51221	3.20527	1.72575	12.9358	1.78769	1.4949	6.93714	6.20731	1.49611	29.3872	5.66848	1.49649	13.9461	0.288235	0.537559	0.739961	6.36493	1.81294	26.543	


# This instance was randomly generated with the following parameters: 
# SIGMA_MIN=0.5
# SIGMA_MAX=2
# CAPACITY_OVER_DEMAND=10