12	24
58.7459	1060.76	103.724
18.1563	875.455	64.2102
139.3	1292.78	156.589
114.003	873.052	74.6956
82.0459	1240.42	131.062
30.1143	1086.39	110.329
1.01039	874.52	73.2224
55.3144	614.995	37.0623
116.212	951.518	78.0146
140.148	840.334	69.4202
0.620416	743.367	48.0492
95.0518	433.324	15.5496
21.4375
18.0983
14.9499
5.39296
7.61193
2.78091
22.6933
24.7394
15.8991
8.95948
0.998597
21.1867
14.9006
12.1301
13.7823
24.3656
0.90755
5.12432
12.4583
15.5324
22.5623
9.94221
1.19454
22.9941
6.5749	2.59781	23.4806	5.10524	3.61752	10.7257	4.05907	1.89668	18.1574	4.65258	3.52515	12.6247	2.09896	2.41979	6.95194	1.42389	2.93731	5.85762	8.1387	3.53015	30.0281	6.52989	3.87783	13.2514	7.4222	3.6207	34.4834	7.58348	2.19235	36.7986	5.91188	2.29106	22.8738	7.00527	1.78686	32.7613	2.05438	1.75508	7.25654	6.4718	3.52095	20.9645	5.70415	2.11528	22.6288	6.1233	3.47647	23.5135	5.75887	1.3828	16.4271	3.98383	1.88271	14.1921	9.36717	3.71403	42.4734	6.76816	2.59266	18.7981	2.83645	3.08856	10.7202	3.4997	3.22452	13.2907	5.28511	2.99448	20.9574	6.11877	1.73827	21.4049	
4.7661	2.1367	9.89978	7.94619	2.38685	18.443	3.41012	3.4013	7.2963	2.86814	3.59258	12.6926	7.8463	2.60141	35.8199	7.0173	3.51396	16.4627	10.0685	2.84742	29.6236	10.0353	3.75043	49.9366	3.67019	2.11126	7.83573	5.32624	1.57184	24.3614	3.4204	2.88834	9.3958	4.61148	1.6565	16.6795	7.82173	3.38855	23.7239	1.27258	3.98114	5.5685	1.12885	2.3953	2.47872	6.48748	3.64438	22.3184	6.39664	3.63751	31.4238	2.13272	1.57432	10.1736	11.5397	1.1198	50.2238	1.87722	2.21276	4.93971	3.2482	3.32079	16.1844	7.52665	2.54086	27.488	2.36329	2.77885	9.95163	9.20339	1.39065	31.174	
6.93677	3.31852	16.0055	4.5013	3.21915	17.7573	5.2654	2.74894	23.3025	5.85802	2.88163	11.8155	1.56639	1.65266	4.4883	1.47207	3.6525	6.21565	7.53688	2.49781	20.4548	5.63446	3.18611	26.9824	8.06297	1.77763	25.0042	7.93837	1.40014	16.1299	6.48495	2.25232	31.1182	7.4364	1.15132	17.6497	1.46521	3.19439	4.59727	7.40223	3.98308	31.4295	6.62614	3.10068	19.2396	6.06119	2.77477	16.0232	5.67619	3.85071	15.8894	4.89859	3.62923	11.9549	8.65888	1.82234	38.651	7.63579	2.38692	34.7349	3.70864	1.52184	16.898	2.72275	1.74337	12.541	6.03135	3.25898	20.5385	5.35429	3.58709	19.6268	
1.64893	2.78857	7.93047	5.12849	2.68511	14.8963	5.44947	2.42428	24.2263	5.29331	3.62148	21.2303	7.32946	2.70405	15.1391	6.74076	1.65082	33.0069	6.83588	1.23865	22.4141	7.22729	1.97519	17.817	2.18569	3.77365	4.9167	2.52472	2.64008	11.7499	0.596802	1.24318	1.57018	1.82281	3.41749	7.88602	7.25702	2.02937	33.368	2.72586	3.11351	10.611	2.24794	3.04011	5.65662	3.19569	1.70142	6.59147	3.15416	1.44153	13.8919	2.14618	3.06619	10.0953	8.30388	3.00521	40.786	2.51123	1.38907	8.16089	2.69363	2.47873	9.63202	5.32691	2.6907	13.8293	0.958839	3.86975	2.3097	6.31819	2.54251	16.2905	
4.73342	2.26854	16.2456	0.691535	2.78315	3.25716	8.66751	3.50469	27.5869	8.91758	2.40245	34.4256	6.57278	1.50267	17.0618	6.61712	3.57254	31.6454	2.45291	3.66349	10.6278	2.21641	2.84368	7.58392	6.76222	3.67245	24.6767	5.36991	3.18934	20.0476	5.40608	3.96977	21.6938	5.35738	3.7259	19.7772	6.45368	2.97648	14.3223	7.78653	2.16601	21.9133	7.18866	1.68581	30.0046	2.45057	3.90111	5.17652	2.20938	3.2575	9.8905	6.11223	2.2817	29.6582	3.77542	3.85397	11.6113	7.607	2.21302	28.5332	5.44978	3.40991	17.9758	2.51745	3.75437	5.24552	5.93968	2.76199	12.4303	1.26948	1.78341	2.68215	
1.17763	2.12058	4.20691	6.12932	1.34384	27.8515	7.60351	1.47422	23.4206	7.33368	1.35238	36.357	9.52144	3.97545	47.4607	8.99383	1.10805	44.2092	6.8089	2.73425	17.7459	8.04613	3.46069	24.7066	1.39955	1.41396	4.83641	0.629477	2.05388	2.54832	1.79354	2.54649	6.36521	0.588201	2.29476	2.79026	9.43991	3.77977	21.1812	3.74158	2.24308	15.3403	3.73608	1.56843	12.2769	3.40666	1.42289	9.58954	3.6263	1.98914	16.2105	4.37737	1.93328	16.9797	8.17528	1.56182	23.0673	3.19772	3.32469	14.2768	5.02572	1.6138	20.3658	6.91226	3.05472	21.1481	2.86589	2.48978	10.2202	7.09833	2.72425	32.0552	
2.9171	1.08562	11.5982	2.3924	3.82344	9.78146	8.23738	3.3432	22.4122	8.32927	1.84439	40.9136	7.50198	3.98522	35.0473	7.32102	3.97265	31.6267	3.16322	2.62203	14.5066	4.1172	3.81906	12.2241	4.9988	3.04848	19.1153	3.45294	3.00465	9.15015	3.8316	3.82806	19.1373	3.51836	2.66666	12.8869	7.39172	1.95326	29.1622	6.39028	2.90762	25.456	5.90714	2.72971	18.2996	0.550454	2.28906	1.74353	0.538618	1.1651	1.76023	5.22248	1.70477	22.1438	4.63067	2.36418	19.3708	6.10579	3.57347	23.6746	4.92279	1.12977	10.0263	3.79118	1.20717	17.9233	4.61155	2.73595	16.8283	3.1744	3.76461	8.69518	
6.36824	3.73261	25.3944	6.17758	2.73907	12.9252	2.42633	1.0483	7.33573	3.01283	1.40307	12.4483	3.44944	1.99134	14.06	2.57941	1.88548	7.99288	9.10934	2.4765	20.7633	7.85241	3.51358	38.4613	6.75014	2.16622	27.1656	7.34073	2.61684	26.7575	5.41995	3.7926	25.8898	6.67458	1.26307	20.5003	3.44479	1.0931	15.344	5.34208	2.94064	16.1637	4.61865	3.9415	12.3481	6.52146	1.57825	20.9859	6.20463	3.09625	24.4566	3.03154	2.46489	7.12306	10.4383	2.45247	45.1119	5.74075	1.42602	23.9833	2.1722	1.98489	9.1152	4.81969	3.51677	22.5894	4.54394	1.68301	11.2497	7.31709	2.92393	15.7507	
3.21112	1.50648	14.6004	2.61904	3.01079	12.2454	8.82863	2.0956	34.513	8.91127	2.22479	40.7712	8.00678	2.14702	17.6562	7.85911	3.78469	18.504	2.74142	1.87191	6.46746	4.09306	2.79197	12.9797	5.2965	2.95701	16.9416	3.59534	3.08677	15.4096	4.25138	1.42985	12.0972	3.77481	2.32579	16.9744	7.89453	3.24664	22.8744	6.84427	1.41397	23.5327	6.39671	1.15393	20.8902	0.955883	2.35783	4.56812	1.1081	3.444	2.86031	5.78675	1.36189	24.248	4.18704	3.80146	15.2011	6.52638	1.31315	25.7298	5.51574	2.96112	17.8203	4.18937	3.19588	10.2491	5.10173	1.32734	18.1038	3.17948	2.8287	7.80414	
6.89838	1.2906	16.2925	4.83526	3.16581	19.7864	4.77987	2.11077	21.8628	5.38459	1.00445	21.8561	1.57437	3.23142	4.19968	1.19183	3.89455	5.01749	7.88033	3.52893	28.6906	6.07314	3.30138	20.271	7.90573	2.34013	23.6033	7.90606	3.49557	35.4383	6.35349	3.31306	30.3067	7.36998	3.52521	23.4052	1.50022	2.27462	7.18338	7.10653	2.98081	29.6991	6.33329	1.21356	29.6922	6.19399	3.09999	21.8841	5.81528	3.97191	27.9932	4.60438	3.25615	21.5926	9.04122	3.44776	32.3587	7.37157	1.54028	31.8666	3.42749	2.83543	14.8046	3.10724	3.17228	10.4401	5.82045	3.22753	27.2587	5.74918	1.37263	26.9486	
5.73127	3.54606	23.0887	3.48715	3.0406	11.1343	5.29087	2.81814	24.6097	5.7679	3.56247	14.1632	2.82201	1.54945	12.1546	2.60758	2.98465	12.9496	6.52737	2.63922	31.2559	4.95053	2.38996	23.1624	6.98195	3.15122	25.8993	6.72545	1.04165	17.095	5.38004	2.52316	14.4922	6.25261	1.70201	21.6431	2.7202	1.98979	10.9144	6.59135	2.25436	28.1326	5.81985	3.03944	25.0125	4.81113	3.80453	20.0375	4.42773	3.87132	13.3657	4.13718	3.90425	10.5384	7.74396	1.17641	22.4957	6.74933	1.87059	26.6514	2.96914	3.78034	9.65358	1.90682	2.46188	9.13209	5.05885	2.04804	10.2682	4.50034	2.02658	14.0059	
2.17623	3.09329	5.38363	7.16294	2.54714	16.0425	7.65512	1.93157	30.7004	7.28852	1.35452	21.2477	10.1791	2.01908	46.3523	9.58689	1.81577	30.611	7.87853	1.99983	22.6115	9.10825	2.37411	37.4498	0.923118	2.66347	2.31028	1.66141	3.78389	7.49278	2.25386	1.981	6.11437	1.54573	2.75624	3.45113	10.1057	1.72734	46.3631	3.35479	1.57258	13.1687	3.57232	1.75468	7.24527	4.47849	1.25248	14.0058	4.68405	1.81018	21.498	4.61469	1.57953	22.3688	9.23196	1.80567	38.4833	2.752	1.55877	8.66291	5.45886	3.66221	24.8959	7.84136	3.32332	24.3321	3.05982	2.45621	7.1038	8.16026	1.93037	28.7547	


# This instance was randomly generated with the following parameters: 
# SIGMA_MIN=1
# SIGMA_MAX=4
# CAPACITY_OVER_DEMAND=3