4	8
73.3821	1286.27	137.799
51.9892	1227.91	136.226
78.1059	524.119	23.7404
22.226	464.642	19.6861
20.5547
14.88
8.50267
12.881
27.6078
28.6737
4.18677
41.4391
2.56712	0.66646	6.10424	1.70989	0.228409	8.50994	6.32117	0.836938	25.6211	2.8722	0.11144	9.86163	4.45358	0.325164	18.0329	5.10079	0.883484	23.8573	3.03923	0.738062	9.85119	1.73923	0.485047	3.67809	
5.611	0.350118	20.5067	4.21095	0.516187	13.773	8.95218	0.402569	18.3213	1.98044	0.339081	8.73816	7.71912	0.771467	28.4518	4.32613	0.958222	12.3759	6.18221	0.628166	24.1226	4.40577	0.849814	20.2685	
1.94113	0.12079	8.65441	2.55952	0.952663	10.4582	5.53062	0.263133	25.7102	2.64706	0.579635	12.1349	4.06868	0.277942	8.70908	5.99199	0.729673	29.0848	3.42337	0.237658	16.2802	2.53663	0.922293	6.93181	
4.40003	0.974462	11.3983	7.82204	0.298568	20.0714	0.748348	0.410579	1.94559	7.99085	0.701263	25.1446	3.55237	0.10984	11.5339	11.9592	0.559193	59.394	6.68954	0.975758	30.1298	7.63436	0.262787	37.6908	


# This instance was randomly generated with the following parameters: 
# SIGMA_MIN=0.1
# SIGMA_MAX=1
# CAPACITY_OVER_DEMAND=2