12	24
94.141	971.234	78.2963
94.5729	908.961	70.137
46.3137	1244.77	149.804
142.263	626.905	33.9511
75.7787	613.252	35.1033
149.544	1293.07	155.032
148.655	766.689	57.6181
97.4126	1155.94	123.198
54.4319	1119.91	121.06
110.093	554.724	25.9906
28.2947	657.735	37.4385
78.4517	1015.48	102.6
11.1216
0.16827
9.79054
0.12348
9.70986
2.5879
12.4527
13.962
8.95812
13.0448
8.99064
8.97266
11.3649
9.39769
3.78412
14.2185
5.99033
12.6681
10.1559
5.92504
6.54562
5.70789
6.4065
5.99868
1.01487	3.3255	4.87018	5.66412	2.58148	18.2454	8.33302	1.24973	28.5178	5.82322	2.25352	11.6878	8.96159	1.28884	42.9156	5.16254	1.73016	19.6309	7.06712	3.4789	16.5898	6.93749	3.51032	14.7724	4.32757	1.11605	15.2092	5.22512	1.69466	14.9877	10.0778	3.64877	46.4607	2.55874	1.98517	8.37937	4.16044	2.87899	17.8062	9.85792	3.79263	31.4257	5.18844	2.9346	13.916	9.39376	3.26325	31.4145	1.06968	3.23677	3.9302	7.16579	1.92015	15.2251	9.58085	2.9217	44.2509	7.18017	2.56549	21.3444	8.71916	1.41768	30.6837	3.66856	2.50623	13.8654	5.36028	3.5538	21.4146	3.46123	1.65359	12.5452	
6.40544	1.36789	30.2076	4.54005	3.38647	19.2316	1.83636	2.04801	6.05732	1.22308	2.3516	4.86865	5.05108	3.40851	19.9848	4.94215	3.33926	21.2848	1.03219	3.15114	4.93502	1.77658	2.18758	7.08784	3.60715	1.10766	12.018	1.63377	1.10292	3.64298	3.44043	1.24591	14.6374	4.1223	1.031	17.9294	5.01023	2.72369	24.5244	3.49201	2.41742	7.28714	2.89028	2.90402	6.94818	2.85629	2.74908	9.51915	5.60376	2.32204	27.6688	0.82896	2.31829	3.16065	2.93342	2.13837	8.79038	0.566375	2.11005	1.54137	2.36367	2.99256	11.6531	3.53164	3.71581	10.9915	3.3064	3.35783	8.66996	4.93532	3.13826	15.9231	
7.24984	1.10283	15.3399	7.1972	3.96057	26.777	2.92896	2.95464	9.14671	3.92973	1.61609	15.2983	8.11225	1.18481	35.7503	2.96401	1.50504	13.0386	4.07454	1.02115	18.5649	1.31946	1.59197	4.74525	5.81229	2.6874	14.1399	3.92604	1.15937	16.4634	5.11058	2.8248	13.7023	4.72816	1.03823	20.5889	3.62137	2.06174	10.0243	3.60908	2.78793	9.17651	1.87373	1.07204	9.30702	5.00922	1.6874	22.6874	6.20335	3.36902	29.1756	3.80852	1.17024	17.706	4.64885	3.39453	18.2926	3.37943	1.21496	10.9471	2.84006	3.21166	12.4524	3.40537	1.95962	15.854	1.74811	2.40115	4.75974	6.81612	2.18583	29.5808	
6.10794	1.69341	25.9436	1.31807	3.41251	4.89954	6.42204	1.71944	18.746	3.96227	1.89777	8.90175	2.33481	2.28338	9.0593	8.69437	1.99884	25.6773	4.21041	2.84585	20.1031	6.70866	2.53245	30.0141	2.9343	1.10172	13.2986	4.05119	1.80506	19.4887	6.53308	3.68352	14.269	5.63126	3.42665	15.1487	8.22141	2.96928	25.71	7.90771	1.37535	28.9131	6.90116	3.85213	23.1633	5.65612	3.04408	15.54	6.12514	3.04018	27.4402	4.53384	2.53263	17.6321	6.28281	1.47819	14.2563	4.95849	3.41644	14.2234	7.00049	3.45779	19.8195	6.34923	2.15033	20.9023	7.39541	3.4526	21.9285	3.53109	1.7303	15.8949	
3.94136	1.39246	16.6212	7.26868	3.28494	22.0919	7.2757	1.58896	32.1499	5.79259	1.32192	21.0076	9.96742	1.63559	37.2865	2.39006	1.99681	7.99549	6.86909	2.82415	21.9357	5.51444	1.27714	12.4848	5.57492	1.91976	12.4552	5.25925	2.6633	17.2294	9.37908	2.15661	24.6366	2.87802	1.59669	11.0761	1.46994	3.5176	6.03926	8.49129	3.42394	41.2414	3.49757	1.75443	15.4566	8.91139	3.92867	19.2101	3.02888	3.79465	8.65568	6.82324	2.03026	17.0725	8.86281	1.81162	22.505	6.63934	3.02585	21.0765	7.47872	2.15349	33.4924	2.57793	3.31065	12.2543	3.37407	1.21227	8.35892	5.46423	1.15908	13.6259	
3.29181	2.19244	12.1537	3.05815	1.84937	13.8926	4.95874	1.89111	24.3906	2.14927	1.41446	6.98791	5.67102	3.44993	26.7244	4.60672	2.9454	10.4938	3.38954	1.52656	9.51728	4.02911	1.77342	13.213	1.34537	1.31112	3.86532	1.56906	2.93351	5.36925	6.46114	2.64272	19.7724	1.51337	2.00322	7.34678	4.02921	3.63463	18.11	6.59087	2.23218	29.7844	3.15525	3.95819	8.84623	5.73107	1.39304	20.2956	2.63713	1.33427	11.0089	3.52157	1.35442	9.21027	5.98215	3.3738	17.3099	3.60871	2.39311	8.50619	5.43827	1.26277	24.86	2.18652	1.1353	10.1796	3.60246	1.81888	7.39219	2.07826	2.21797	7.34181	
4.82178	1.77779	11.6771	6.57517	2.89052	13.281	5.20253	1.32753	19.6091	4.24718	1.72923	15.7765	8.68941	2.50455	36.5948	1.0781	1.34168	4.85046	5.13227	3.26974	18.8795	3.40179	1.13148	13.8302	4.8768	3.89366	12.4067	3.83181	2.80646	9.34113	7.35775	3.74916	34.4447	2.61497	1.66754	5.65056	0.804024	3.89956	2.08968	6.35517	1.45552	31.7438	1.4077	3.24175	4.38349	6.9672	2.96263	33.3115	3.73875	3.33512	14.5922	5.02198	1.99001	16.805	6.84569	3.43106	23.2279	4.76273	3.90987	20.5769	5.36551	1.37868	11.198	1.3528	1.94499	3.45652	1.23026	2.0179	3.46116	5.3178	2.55874	13.8734	
8.46994	1.61811	31.1727	3.67121	3.83462	11.8433	6.7542	1.8929	15.1167	5.21635	3.17352	12.642	0.862361	1.02337	3.94975	10.337	1.97382	35.635	4.86367	3.49678	12.0797	7.62702	3.97817	30.2016	5.08129	1.54245	14.1864	5.54277	3.71954	25.3998	6.05087	3.47473	28.2782	7.70334	2.20002	31.2676	10.0301	3.74287	39.4699	7.91874	1.03463	19.8154	8.3701	1.99955	41.675	5.28342	3.32153	11.1705	8.40062	3.54107	26.9574	5.15302	2.56132	14.7895	5.98765	1.8491	13.6222	5.60176	3.04221	23.2577	7.28186	3.28734	33.0043	8.16614	2.15572	28.5012	8.85664	1.45562	43.3971	5.89196	3.61854	28.931	
7.45445	3.52104	23.2085	8.95559	2.95855	23.7928	5.64945	2.86668	24.0774	6.07714	3.20991	28.3192	10.5121	1.97831	28.3442	1.74386	3.5543	5.01827	6.55771	3.81561	30.8213	3.95613	1.04597	19.0476	7.3301	2.177	34.3545	5.85429	2.6735	27.2297	7.82017	1.93598	18.8175	5.29314	3.32598	14.5133	2.74528	1.67357	8.7796	6.14569	2.56233	29.6784	2.99027	2.15623	10.6979	7.72665	1.56782	33.6728	6.38064	2.50844	31.2669	6.3361	2.38917	19.9113	7.36603	1.08936	20.7422	5.94456	3.06922	25.4224	5.52766	1.85211	15.3872	3.95631	3.21699	9.29641	2.49716	2.92212	7.12919	7.94429	3.1077	24.0019	
4.03511	2.16016	8.46516	2.32932	3.93193	4.74282	4.59666	1.36922	22.5342	1.57753	1.71041	7.80391	4.69017	3.1232	11.6582	5.34805	2.80668	18.1882	2.72107	3.81155	10.7197	4.03687	2.50234	11.2163	0.870629	2.25177	1.79264	1.16399	2.11466	4.49083	5.82833	1.21084	13.5565	2.49686	2.43756	5.08446	4.87615	1.20289	19.445	6.25405	3.26279	14.191	3.65339	1.6599	11.8677	5.04144	2.28086	20.5323	3.52744	3.41472	7.91642	2.91984	3.69179	10.8327	5.3785	2.16707	18.9753	3.11371	1.12314	6.86409	5.128	2.1198	21.6609	2.99999	1.71074	13.6465	4.1374	1.50536	14.3842	2.17493	3.9071	5.82572	
5.40353	1.37604	11.5438	6.35175	3.76097	26.7737	4.20124	1.07671	15.8581	3.61779	1.50807	7.35086	8.10131	1.9599	19.1718	1.57861	3.74022	5.83668	4.34151	3.68645	13.3491	2.38552	1.66653	5.87968	4.731	2.29417	10.259	3.31073	1.84007	14.7036	6.37623	1.42236	13.8838	2.96199	2.51361	7.90387	1.80057	3.06829	7.6272	5.33191	1.14645	21.1867	0.478771	3.47238	1.53675	6.02761	3.70793	20.8037	4.33023	1.44464	10.0516	4.19149	3.54258	14.7509	5.86783	3.55394	22.5851	3.88741	1.23093	12.7381	4.34623	1.90163	16.9201	1.56428	3.66543	5.19483	0.24334	3.31802	0.850952	5.42991	2.40018	26.0713	
9.36642	1.49105	23.8454	6.03226	3.76169	26.4712	2.57535	2.92678	6.29252	3.95246	3.22362	14.0467	4.29893	3.92953	21.2103	8.03181	1.95571	39.2642	2.70819	3.79376	7.30593	4.29756	1.76344	9.42706	5.98373	1.76837	26.4803	4.55015	3.40179	9.18364	0.930149	3.70493	2.03495	7.31427	3.17236	24.4726	8.24429	1.91278	26.5933	3.01883	3.22605	10.0513	6.05376	3.44886	14.4867	0.485521	3.76319	2.07267	8.70569	1.66698	20.0555	2.63146	3.06473	11.8044	1.01598	2.51171	4.34885	2.73609	3.22111	10.1737	2.85064	2.16005	9.29017	6.83393	2.51919	16.1004	6.39329	3.65592	20.7328	7.37915	2.29347	18.4923	


# This instance was randomly generated with the following parameters: 
# SIGMA_MIN=1
# SIGMA_MAX=4
# CAPACITY_OVER_DEMAND=5