12	24
138.824	745.553	49.5719
77.6889	747.634	53.4429
108.406	1113.58	110.424
100.592	1266.8	140.851
98.8868	1182.75	128.181
19.8878	1026.96	104.234
2.52317	1025.65	90.6576
60.7838	574.731	27.3148
159.77	883.804	65.9818
149.532	999.58	98.2984
161.459	1062.08	103.58
103.17	1062.67	93.6092
4.97037
6.22149
7.47095
1.53241
4.08214
1.92211
0.563255
7.90397
3.80839
0.649579
5.69931
7.78177
2.98509
3.66422
2.80388
1.04908
7.80633
8.13997
3.66807
4.4197
4.01372
3.43893
3.83066
8.18937
2.3922	0.951082	10.0863	5.72351	0.261192	17.7127	5.14855	0.821838	20.6111	0.647686	0.961098	1.33119	1.18488	0.125074	5.02535	5.842	0.395426	20.4408	7.69713	0.991836	23.2899	3.15588	0.101679	11.3969	4.48068	0.255031	17.7167	3.25024	0.531362	13.3955	0.248296	0.144028	0.741204	6.70656	0.919011	33.4543	0.589826	0.938868	1.95787	5.92991	0.845611	19.7466	2.52832	0.633758	8.35956	2.6663	0.675095	7.43885	2.3067	0.418947	9.8334	5.67387	0.804793	22.2896	6.30252	0.171668	27.5453	5.72762	0.381722	24.1167	6.66856	0.702717	14.2226	3.46935	0.170824	11.2279	2.22093	0.418476	8.68285	4.06994	0.385346	13.6683	
6.23731	0.507359	27.2241	8.41335	0.502635	32.2689	6.20144	0.125761	23.6397	5.76765	0.47642	21.8279	4.87675	0.303264	11.8661	10.1064	0.988251	38.8681	10.9389	0.697947	39.8981	2.9269	0.900575	10.3778	7.63903	0.474828	28.4439	9.18856	0.219809	28.5485	6.24779	0.742213	26.3948	7.77507	0.330205	19.2266	6.14263	0.700402	19.9054	0.111422	0.970843	0.474484	3.47132	0.849996	9.85498	3.37008	0.918188	12.1638	4.81303	0.420608	12.2492	4.7389	0.662515	18.4405	3.33364	0.6199	10.9122	0.583698	0.774797	2.0899	9.83455	0.150316	43.5032	8.98762	0.587633	36.9841	6.43741	0.924969	24.6318	3.24156	0.620906	14.2793	
5.3751	0.332411	20.1001	2.74962	0.141674	6.90081	2.5236	0.630378	7.47282	2.40328	0.639537	11.4674	3.46815	0.306252	10.8057	3.60389	0.633749	15.7566	4.9539	0.605767	18.052	4.5621	0.709231	16.2409	1.529	0.994436	6.16169	4.00961	0.473323	18.7724	3.02235	0.404508	6.55928	3.8097	0.57566	9.826	3.58508	0.733344	17.1179	6.51908	0.152237	21.3393	3.78749	0.650241	11.4584	4.13705	0.125493	11.1339	4.91853	0.867097	13.6249	3.82333	0.785814	9.77163	5.20761	0.379414	14.8326	6.53635	0.367314	31.7362	3.85567	0.140541	18.4489	5.90483	0.896301	16.9622	0.806227	0.112643	2.90776	3.44684	0.576536	14.1425	
6.01825	0.828647	24.9258	7.98385	0.291455	34.9859	5.78282	0.449172	21.0717	5.39502	0.752861	26.4521	4.55062	0.988525	15.8016	9.6745	0.837088	25.8359	10.5093	0.929768	35.6207	2.64026	0.46293	10.3831	7.20576	0.996514	29.9145	8.81843	0.637504	33.288	5.9001	0.77663	14.7439	7.37236	0.935128	18.5045	5.82185	0.543679	25.4617	0.440523	0.224552	1.69024	3.12696	0.546332	8.50513	3.05682	0.845043	14.8547	4.58927	0.937461	12.1651	4.35742	0.163818	15.895	3.03634	0.720821	8.29276	0.757825	0.308722	2.27525	9.40386	0.379344	22.2942	8.71096	0.217499	19.942	6.02052	0.822411	16.0008	2.80962	0.456925	10.481	
10.3969	0.311776	26.3684	5.6605	0.315496	21.6652	3.90166	0.82408	18.797	7.94081	0.141086	16.3319	8.18346	0.280896	18.5231	8.21194	0.402818	27.7698	7.49442	0.338839	16.0779	7.49547	0.424596	30.6797	6.00775	0.832528	29.3668	10.3827	0.982638	48.3459	8.72052	0.679129	35.1949	3.7101	0.778779	11.8604	9.08893	0.514906	43.7825	6.73822	0.538292	19.4071	7.21647	0.992949	21.1922	7.49437	0.459809	18.8116	9.23942	0.835345	41.2737	2.91196	0.22009	10.3815	3.35609	0.72949	14.9446	7.14223	0.518948	30.6562	6.77276	0.314214	31.5766	11.973	0.979311	32.0121	7.01972	0.315393	22.1872	4.9475	0.418802	13.921	
8.10437	0.472002	17.5756	4.12157	0.467208	13.7677	1.86291	0.598359	6.83728	5.58829	0.908446	17.917	5.87857	0.630274	17.0987	6.53921	0.592463	14.9644	6.42828	0.761508	22.7406	5.41902	0.263489	13.8839	4.07166	0.359395	12.7075	8.12357	0.523938	24.6354	6.36796	0.130821	26.6073	2.69316	0.952934	5.87168	6.7432	0.137693	22.1296	5.36657	0.61489	11.9685	5.02717	0.823231	18.7439	5.33752	0.725747	14.1434	7.01315	0.946668	29.7402	0.664826	0.742488	2.31266	2.20051	0.855275	10.8672	5.67772	0.587436	21.0094	5.47599	0.843226	20.5311	9.62111	0.572821	24.6928	4.71717	0.593527	13.7813	2.81954	0.150388	11.4169	
8.70281	0.869489	33.6886	1.43888	0.754221	5.1635	1.74768	0.77517	6.32697	5.75106	0.157218	14.6834	6.614	0.531905	19.1764	3.97603	0.548674	12.9384	3.39555	0.996437	12.1452	7.0508	0.288202	30.7719	2.24689	0.58314	10.8817	6.9885	0.954235	30.8287	6.42602	0.603328	14.96	0.590051	0.416416	2.89927	6.96885	0.250395	25.4995	7.9493	0.97583	30.1088	6.40152	0.686117	21.0108	6.76876	0.575876	33.0668	8.02211	0.505793	24.9788	3.36358	0.553619	13.3353	5.1793	0.762618	21.5359	8.16043	0.165156	21.5902	2.52724	0.789898	9.21621	9.2699	0.269416	33.2172	4.2269	0.607341	17.0476	4.81323	0.284148	11.9885	
8.56639	0.697819	20.7437	2.3632	0.747939	11.2333	1.23176	0.118905	4.61525	5.702	0.685275	25.403	6.38896	0.361119	27.7357	4.90968	0.549772	14.5596	4.46298	0.614496	14.196	6.52979	0.555594	16.4689	2.79838	0.340988	10.9167	7.44176	0.817144	30.3584	6.43497	0.241442	25.6441	0.704393	0.350876	1.7504	6.93161	0.770968	28.4596	7.11498	0.770902	26.5398	5.95224	0.909968	13.22	6.30933	0.811897	18.8909	7.73198	0.750403	28.5322	2.39715	0.150022	8.64494	4.17916	0.902828	12.1915	7.36354	0.421858	15.4935	3.58157	0.625354	14.3886	9.47532	0.584674	33.107	4.35231	0.487461	18.4928	4.11069	0.981	15.8747	
5.54325	0.666647	22.2826	2.64708	0.723188	11.098	3.04958	0.349298	8.65753	2.64573	0.708467	5.62809	3.84318	0.786157	10.3216	2.96483	0.712462	5.97201	4.56137	0.820739	11.7494	5.15466	0.836183	17.6162	1.42355	0.450673	4.26138	3.48098	0.223032	14.756	3.11771	0.829641	11.1152	4.07679	0.307997	10.1029	3.71018	0.27057	13.6087	7.23864	0.974421	29.2909	4.37085	0.68838	17.2954	4.70406	0.660916	21.8436	5.27356	0.938458	12.8823	4.5152	0.144598	19.2557	5.95472	0.444183	23.2513	7.23729	0.849603	35.5854	3.51449	0.688126	17.2616	5.67377	0.760746	16.3221	1.02805	0.678922	4.12998	4.20214	0.336724	9.55495	
8.09155	0.152754	18.1863	6.34079	0.475419	14.959	3.96633	0.123637	15.7494	6.24049	0.232634	14.1344	6.03439	0.711881	29.9192	8.60961	0.665526	36.5527	8.73369	0.840188	33.6908	4.81768	0.762478	15.5211	6.04288	0.5806	24.5262	9.34256	0.585613	25.6052	6.97336	0.113496	31.229	5.03423	0.903241	19.6709	7.17433	0.100144	18.1931	3.60554	0.220442	16.5248	4.77185	0.191454	21.4235	4.95906	0.683959	10.96	6.76849	0.333105	24.1137	2.08136	0.966074	7.10218	0.459033	0.168802	0.92693	4.02056	0.238219	16.9824	7.74103	0.249175	16.9963	10.2148	0.972885	24.6293	5.96085	0.601422	26.8558	2.69253	0.37635	7.50371	
9.2279	0.459768	21.5288	1.3094	0.949799	4.00645	3.58478	0.265296	17.3389	6.29668	0.106803	26.4208	7.41161	0.533319	21.8689	2.32828	0.589432	6.91921	1.26446	0.335326	4.79381	8.33229	0.95798	20.507	2.41717	0.160301	5.12299	6.38683	0.252053	14.6872	6.80422	0.61895	23.4963	2.67763	0.438017	10.7073	7.39639	0.992614	33.8228	9.71464	0.704404	45.1749	7.59559	0.604923	16.8298	7.9608	0.138317	32.1785	8.8618	0.417591	31.5494	5.41108	0.413485	25.7278	7.23582	0.36108	26.2041	9.86132	0.147783	46.5744	0.469161	0.696675	2.15418	9.08804	0.52269	32.3887	4.64008	0.395655	12.1991	6.47787	0.180237	19.9883	
2.60886	0.70128	9.55524	7.22626	0.441192	20.6906	5.77206	0.564078	20.2529	2.7169	0.504142	13.3868	1.4811	0.675233	7.14846	8.04984	0.248345	37.0785	9.55578	0.263615	30.3053	0.834923	0.596544	2.88578	6.09278	0.162486	26.6307	5.88943	0.25727	19.6325	2.88769	0.587059	13.2592	7.53356	0.942015	25.0935	2.60738	0.270875	10.9874	3.59511	0.99991	14.1053	1.03369	0.351479	3.46616	0.707127	0.509834	2.97794	1.19212	0.479724	4.43019	5.38849	0.832651	24.1605	5.1928	0.99135	12.9148	3.28952	0.28074	11.1411	8.44906	0.376707	36.1219	5.30617	0.864959	24.4958	4.0851	0.203057	11.4063	3.255	0.964232	12.8401	


# This instance was randomly generated with the following parameters: 
# SIGMA_MIN=0.1
# SIGMA_MAX=1
# CAPACITY_OVER_DEMAND=10