12	24
121.956	384.02	13.82
138.521	1192.14	128.732
135.097	788.861	56.1167
138.261	688.555	45.9952
52.7934	1346.64	151.825
81.1716	753.093	51.3869
154.11	956.749	89.3794
148.874	1141.24	115.732
59.8998	881.973	67.6704
136.554	785.665	55.15
101.397	848.963	68.9333
63.624	592.71	30.9766
18.384
14.4225
23.1314
41.5674
34.9051
32.0953
32.7424
40.6281
41.6895
36.9758
44.6979
39.4262
8.8964
40.8199
21.6133
21.6648
12.934
24.9121
13.8698
3.70148
19.2563
7.79948
2.29313
5.38528
5.03254	1.88423	15.9497	4.04836	3.28705	12.527	0.559059	3.87683	2.65579	0.695106	2.89142	2.07321	3.73403	2.60781	7.93214	4.8307	1.49213	11.5906	3.14552	3.72238	11.8892	4.24001	3.02477	10.3297	2.73144	1.34753	11.2268	3.10593	1.63269	10.1305	2.8398	3.45861	7.06319	3.17847	2.23329	9.11738	5.21784	1.76127	14.7215	1.89485	2.03478	6.92492	0.0877746	2.78455	0.248236	1.67983	2.16496	4.14091	2.40738	2.14183	6.50463	4.12587	3.54088	19.5369	5.42875	2.77439	20.1438	3.63387	1.44053	17.4773	4.06425	2.33717	15.4441	6.44559	2.13732	22.4663	1.69628	3.27304	6.13379	3.5776	1.5721	7.29855	
4.94997	2.18732	13.2412	3.97855	1.44119	16.076	7.09173	2.78538	27.2954	7.149	1.35875	24.4298	9.14444	1.95619	30.2846	3.81579	1.42105	13.604	10.532	3.82378	24.041	9.15377	1.67699	24.9924	10.3581	3.99749	44.4114	10.5002	2.45819	30.0671	9.2399	1.64395	40.2446	8.0965	2.18145	22.8153	5.39548	2.12339	12.9844	9.40544	3.17203	32.3201	7.71718	1.94861	27.7136	5.98801	1.09447	22.2288	10.0289	2.13918	34.2339	10.0132	1.50963	49.6614	10.2104	1.28102	46.0054	8.42271	3.76017	34.8959	8.44239	2.79726	17.7076	5.64016	1.58036	21.173	7.3807	3.40844	16.4735	9.20157	2.89236	24.4891	
6.97557	3.1589	26.9633	3.76915	3.96895	17.2614	2.71271	2.81403	8.0309	3.34481	2.21756	12.6464	1.43817	3.95791	6.93128	4.03467	1.85427	16.824	5.37382	3.63038	22.2103	1.64821	1.14537	4.37649	4.36834	2.45764	16.0057	5.33068	3.13458	12.9638	5.66712	2.06243	12.5976	6.03751	2.87712	24.949	7.30747	3.01323	35.4682	3.05289	1.88811	8.23815	2.90395	2.81277	11.364	2.81375	3.50311	6.24714	3.87429	1.15316	11.9049	6.96348	3.4712	20.2084	8.31937	2.6424	35.5469	0.87851	3.77991	3.26908	1.21911	3.89284	5.28024	8.52068	2.48865	23.7803	1.21848	3.26329	4.34312	6.46252	2.03958	20.1189	
2.86749	3.45569	6.23099	2.24338	2.22153	4.84862	4.61489	2.63469	17.0526	4.59433	1.79777	12.7949	7.242	3.71232	29.6196	2.73107	3.51027	9.69962	7.93568	1.5909	25.7623	7.38875	1.84826	15.5009	7.83146	3.80964	19.4489	7.90493	1.56801	38.0724	6.62696	2.47665	14.9244	5.53114	2.24595	24.4408	3.36804	3.57156	8.10524	6.96996	2.3305	33.8032	5.21485	3.24961	23.6904	3.56558	1.98872	8.20925	7.53406	2.0164	19.6958	7.43552	1.25312	29.6597	7.75752	3.36769	20.3406	6.61163	2.32956	15.8958	6.75036	1.78807	24.5855	4.08649	2.85042	13.5715	5.17717	2.14818	23.6047	6.62421	3.72794	26.8849	
5.17697	3.97871	23.5924	8.03009	2.46903	35.7554	5.56112	1.87116	14.3493	4.94005	3.59937	17.0719	8.88198	1.50564	26.3498	8.96859	3.66169	27.011	4.25124	2.95795	20.7572	9.4424	3.71084	25.4269	5.39502	1.40404	22.0884	4.26876	3.95299	11.8967	2.69657	3.44896	7.67309	2.31926	3.9927	10.0959	4.84519	2.64131	14.8197	6.01534	3.82575	23.3333	5.29007	1.63955	17.3583	6.09972	2.97452	27.3811	5.64806	1.20116	14.1646	1.61484	2.13764	6.35167	0.205397	2.54053	0.768428	8.90605	3.52765	41.6284	9.34963	2.90647	40.5803	5.38654	3.60521	17.2953	6.99221	1.81297	26.927	1.75931	2.04194	6.01436	
2.95286	2.54235	13.9445	3.67683	1.49655	16.7782	5.97597	3.09258	17.6121	5.87335	2.06109	21.8401	8.72827	3.56645	38.6026	4.00399	1.98536	12.5093	9.08648	1.64599	36.8943	8.87193	3.08341	19.6746	9.11064	3.6127	45.2823	9.05927	3.81057	21.6142	7.60244	3.21142	24.5107	6.32074	2.32592	20.2096	3.38052	1.85271	15.9186	8.33557	3.94961	17.6642	6.54572	1.88185	21.4991	4.97841	2.13782	24.2411	8.849	2.53947	20.8271	8.23963	2.43037	35.6318	8.29063	2.91015	37.2871	8.09593	3.17851	34.7576	8.22725	3.10646	36.0256	3.63865	2.42518	13.0531	6.64282	1.04224	27.9163	7.43528	2.23717	17.2844	
0.786417	2.92951	3.50037	5.25158	1.74491	23.6733	5.3025	2.07963	23.7473	4.85172	1.59764	12.1659	8.93126	2.27771	36.3879	6.04583	1.86101	26.0895	7.12851	1.05759	25.2532	9.2891	3.56728	22.3438	7.61535	3.63031	36.4914	7.11493	1.11439	32.0316	5.29354	1.40554	18.361	3.75013	2.02509	16.2836	0.348674	2.64492	1.71697	7.32355	2.65828	32.7249	5.61	1.17211	11.909	4.84287	3.64463	9.9244	7.53332	2.15495	20.516	5.48246	2.53544	21.5831	5.09614	2.12762	16.0839	8.53417	2.39811	39.783	8.83419	3.78458	37.8771	0.899237	2.02416	3.11248	6.59157	1.1604	24.1445	4.76369	1.72672	20.6916	
1.29777	2.11681	5.1813	5.6829	2.72645	24.6513	5.96132	3.09003	24.822	5.52185	1.88342	21.7939	9.56271	3.38369	35.752	6.42718	1.42182	14.7068	7.78436	2.83502	22.699	9.90657	3.97232	21.0708	8.29011	2.24192	38.8933	7.77173	2.82016	22.9345	5.93261	1.79239	22.9554	4.37873	2.12822	10.4771	0.999275	3.34894	2.96376	8.001	1.83189	28.7623	6.2815	1.51771	29.59	5.45937	3.31616	27.1428	8.21125	3.24427	33.8424	6.05377	1.42467	25.8	5.54184	2.23609	12.8533	9.14551	1.67791	38.8857	9.43313	3.39614	20.7785	0.259523	3.66061	0.739139	7.22486	3.33707	17.3966	5.36056	2.27172	21.1209	
9.25485	2.87304	45.1033	5.57244	2.50442	24.4989	5.01396	1.71095	16.3471	5.63666	3.82131	23.9919	1.56893	2.93092	3.8559	5.50563	1.13272	22.5124	7.04738	2.98481	17.8547	0.961701	1.23133	2.11815	5.84952	3.73772	13.4658	7.00626	1.95002	16.4391	7.7379	3.27093	19.4828	8.29239	2.79738	33.7832	9.60691	1.79769	24.7937	4.65682	2.44153	9.56697	5.1089	3.67206	24.1869	5.12699	3.16771	21.8908	5.37401	2.90852	24.3226	9.01949	1.12994	28.1502	10.4717	2.08088	27.7268	1.49086	1.76061	6.81946	1.12358	2.62616	3.77794	10.8075	2.93191	38.4473	3.52276	3.21059	17.0175	8.60691	1.73612	34.4251	
6.60497	2.95052	25.0082	2.18052	2.87255	5.36942	4.25855	2.05008	19.4227	4.78006	2.11551	12.4943	4.09184	3.06272	15.6446	1.71507	1.11889	6.69733	7.78134	3.08992	36.9177	3.92051	3.14491	17.4482	7.00064	3.98395	14.8758	7.73916	2.16464	27.5588	7.48053	1.62254	31.4774	7.25652	1.00521	31.4458	7.06158	3.59997	21.7457	5.71848	1.85141	17.6886	4.79305	3.33696	12.946	3.48047	1.73151	16.3069	6.53103	3.72874	29.7881	8.70782	3.51124	28.8711	9.74164	1.98738	31.2074	3.30975	3.16799	8.51726	3.17996	2.55375	14.8291	8.10296	3.15832	17.3705	3.37084	3.83731	16.3227	8.02955	1.66901	29.6517	
7.24705	3.52877	23.2543	3.32006	2.5039	10.8492	3.65031	2.14481	16.7003	4.27233	1.31934	18.4507	2.31357	2.17023	9.27466	3.26671	1.16562	15.6295	6.69413	2.67175	18.9091	2.13484	2.40984	4.6778	5.72859	2.75471	22.7818	6.65096	2.47054	26.5385	6.80909	2.88255	30.3407	6.96321	3.11973	15.2414	7.64211	3.79413	24.7923	4.41245	3.73387	13.7519	4.0036	3.9759	18.6944	3.33656	2.15799	15.0212	5.2363	2.04123	15.2238	8.09741	3.08877	26.3383	9.3532	2.21038	25.6696	1.53112	1.2979	7.44277	1.3961	3.64335	5.55404	8.80026	1.29605	41.8191	2.30653	2.90272	7.65611	7.52764	3.48437	25.9337	
1.53067	1.42508	5.38865	3.28413	3.9897	8.36921	4.64175	2.60442	17.1232	4.43521	2.76977	14.9873	7.79884	1.26289	28.5243	3.95542	1.07635	10.584	7.51472	3.51038	32.208	8.0382	2.46333	18.913	7.62999	1.14113	30.7143	7.48949	1.43635	27.3183	5.97561	3.75342	18.6835	4.67941	3.29514	16.7426	2.02453	2.00132	6.94222	6.96678	1.38531	28.215	5.15454	1.81468	12.0045	3.77966	1.88276	14.4032	7.40772	2.17872	30.7642	6.59877	3.09122	27.0869	6.69915	3.54273	28.0223	7.256	3.3732	19.2522	7.46759	1.21351	18.3697	2.74308	1.27399	12.0257	5.55516	3.65163	24.386	5.79394	3.75453	25.9887	


# This instance was randomly generated with the following parameters: 
# SIGMA_MIN=1
# SIGMA_MAX=4
# CAPACITY_OVER_DEMAND=1.5