9	18
110.875	543.111	24.4072
4.52144	558.053	30.1668
98.968	456.825	18.2967
50.2244	967.978	82.7662
121.77	1187.35	122.039
105.848	1264.69	159.262
161.063	1284.15	154.016
56.0394	1234.49	131.416
139.642	799.455	55.7727
28.4344
9.48825
33.3036
49.5388
7.78558
44.6874
41.8034
15.7693
50.5637
47.6411
48.3331
8.13921
35.527
45.0383
4.23659
16.7782
4.95965
26.7343
3.44543	1.13876	7.16162	0.601421	1.24724	1.7111	7.93938	1.5017	24.4803	7.33771	1.84378	35.198	9.0237	1.0351	40.2739	6.46868	0.824995	25.3075	2.13589	1.1125	4.54314	2.72366	1.26196	5.62006	7.6054	0.721623	20.8211	2.05655	1.41892	8.82665	8.07539	1.59594	23.1862	7.46274	1.04424	22.7525	5.14919	0.789987	10.686	9.66009	1.27749	47.2364	5.09695	1.60124	24.8817	5.14368	0.574188	14.6311	4.20388	0.737262	18.3444	0.548719	1.62479	2.47535	
3.78928	1.36517	14.6742	3.00048	0.508399	13.2917	8.79692	1.29938	28.8522	6.27099	0.60375	28.3106	8.2144	1.93617	24.5852	5.20388	1.88875	22.484	0.357189	0.975565	1.77254	4.41782	1.75836	11.8091	9.01066	1.36701	42.0442	4.41021	1.93841	11.0249	8.35052	1.60124	41.3142	8.79371	1.83651	27.9911	6.87229	0.868859	15.6625	9.094	0.913986	39.6725	2.74389	1.17663	8.26675	7.38681	1.80108	25.923	2.07371	1.62103	4.46345	2.95853	0.577662	10.1729	
4.73152	1.11797	12.4922	8.50229	1.09067	26.4435	3.87367	1.83727	14.7551	2.81081	1.80882	9.84317	1.98138	1.5456	7.32213	3.7029	1.89429	16.6425	7.68523	1.37311	28.0186	6.45899	0.72509	18.0221	5.85294	0.849723	12.1143	9.49501	0.761482	47.1731	1.84896	0.834167	8.57153	5.50249	1.42014	21.4646	6.40062	1.44307	26.0493	1.72769	1.46974	7.12175	7.59079	1.43857	31.3451	8.72712	1.84691	21.5541	6.77147	1.83013	18.1411	8.20839	0.878621	24.0152	
3.01762	0.782687	13.0476	1.06773	1.03934	4.78158	7.65619	1.0452	17.9365	6.83483	1.31051	19.4766	8.53476	1.28981	37.3226	5.96208	0.97096	21.5444	1.79774	0.791491	7.11159	2.59411	1.0124	7.46238	7.44804	1.59395	31.2956	2.51384	1.52228	11.6604	7.69273	1.37935	38.4122	7.28487	0.988176	17.4981	5.07075	0.647769	25.0024	9.18922	1.74872	25.1357	4.71045	1.88558	22.5952	5.2977	1.95457	18.1759	3.76967	1.13012	14.6538	0.910194	1.6386	3.03847	
5.14726	1.81242	14.0376	5.7015	1.19568	16.4601	4.55215	0.843439	15.9799	8.83761	1.3066	31.8737	9.39277	1.52364	28.8459	8.70605	1.92737	30.0433	7.57903	0.683111	20.9519	3.52527	1.01521	9.72011	2.76509	1.3978	13.3364	5.35005	1.54827	23.2974	6.17688	1.84731	15.4091	2.90601	1.09971	8.29176	1.34172	0.983251	4.60904	9.27202	0.863581	38.4273	9.94686	1.33785	28.0665	1.74382	1.67308	8.13522	8.79421	1.38063	24.0865	5.51264	1.36926	11.3718	
3.41365	1.32567	9.32238	5.32092	1.74925	15.4964	7.76647	0.89371	16.9421	3.48431	0.939976	15.2631	5.51098	0.943703	19.3502	2.34962	1.15307	5.20269	2.99272	0.706832	14.872	5.29515	0.538887	11.8874	8.67951	0.570115	33.9947	6.76106	1.01688	22.1371	6.67609	1.07269	19.5843	8.38115	0.924942	39.5517	7.25241	1.09998	16.5481	6.5362	1.99	13.5355	1.94467	1.81478	5.45481	8.60313	1.19969	32.4648	1.15728	1.4131	5.5741	5.14142	0.690941	19.0667	
1.67561	1.17939	7.10236	2.14187	0.732473	9.35286	6.04617	1.5484	23.6571	5.96643	0.823308	29.6634	7.44017	1.84691	25.1517	5.29126	1.55981	11.716	2.83708	1.52948	11.949	1.25195	1.68883	5.01599	5.90773	1.30681	26.2576	3.17791	1.77077	11.0298	6.16588	1.27386	14.6938	5.72409	1.19171	21.814	3.67838	0.794523	11.8747	7.95192	1.06653	18.9855	5.259	1.46884	24.4339	4.47982	0.732996	18.5539	4.14126	1.61701	13.7977	1.84335	0.917494	6.29212	
5.73877	1.55669	22.2186	9.47158	0.698947	27.7515	5.38415	0.694913	17.0057	2.39393	1.53019	11.7204	0.568957	1.22789	1.62944	3.52007	0.588435	15.9056	8.25523	0.510373	26.9173	7.68121	0.829841	32.5199	7.39378	1.14118	22.9017	10.5859	1.07831	30.9042	3.33124	0.997702	9.58722	7.04425	1.75267	14.4315	7.87429	0.805908	32.6766	0.741521	1.5969	2.89742	7.58544	1.18031	20.6758	10.1647	0.611602	27.318	6.95997	1.53036	30.35	9.18824	1.72561	38.1721	
5.48867	0.584764	24.8276	5.57257	0.778119	27.0212	5.24612	0.939575	14.7268	9.35327	1.6627	43.5609	9.99323	1.31072	36.0379	9.15933	1.95018	28.5699	7.64877	1.86501	23.6672	3.66129	1.69657	12.3913	3.43532	1.27944	11.5484	5.05175	1.41326	16.7868	6.8479	1.40568	18.7589	3.59123	0.64941	9.92894	1.84847	0.773341	5.54023	9.91139	1.96891	43.8595	10.1491	0.701261	38.8705	1.17182	1.47743	4.22373	9.00978	1.01761	27.8392	5.4138	1.58491	26.3579	


# This instance was randomly generated with the following parameters: 
# SIGMA_MIN=0.5
# SIGMA_MAX=2
# CAPACITY_OVER_DEMAND=1.5