10	20
61.3367	1219.82	130.696
36.3722	370.23	11.3557
102.814	662.021	43.3412
160.505	1041.24	107.413
150.276	682.128	45.4103
132.404	692.066	45.0856
108.463	1261.76	133.891
67.867	517.507	23.842
30.9383	953.757	87.1643
42.4535	1128.1	117.658
24.1143
13.338
21.0473
9.11936
22.5487
9.44286
26.6036
4.49797
31.3116
33.4369
11.1085
19.9178
26.1508
29.7942
14.9996
8.6294
15.3352
18.5439
6.74363
26.2448
7.64854	0.467905	26.3069	1.44127	0.787214	3.20437	7.74188	0.249601	18.5611	3.26745	0.386865	7.80143	3.18235	0.789689	11.5227	5.2474	0.517825	16.0866	5.98325	0.907739	25.2778	7.81612	0.660485	34.4254	6.10566	0.58417	13.1981	4.71511	0.639057	10.4782	6.52322	0.20065	26.832	8.39234	0.520777	18.5507	4.58906	0.36667	22.2683	4.323	0.498773	9.47062	6.35494	0.408389	19.3433	8.19095	0.140333	20.3305	6.84083	0.238954	20.002	1.863	0.323026	7.35698	5.90866	0.474363	27.034	5.07525	0.723738	20.2365	
6.35201	0.25448	15.5613	4.85481	0.523319	22.0198	9.16841	0.340004	36.6388	3.21081	0.510513	13.301	6.11232	0.905196	25.0439	1.93653	0.97398	4.29223	2.60677	0.486719	11.1411	5.09296	0.623754	12.8595	2.99495	0.365203	7.11897	2.50363	0.203704	11.0466	2.53319	0.865606	10.7958	5.53453	0.718604	12.7931	6.86765	0.317102	33.6389	6.24353	0.310903	20.6709	7.55691	0.529305	18.0367	4.90896	0.814504	13.8486	3.79938	0.889077	15.7969	2.15616	0.125648	9.26704	5.61214	0.555203	25.7907	7.30943	0.396759	19.104	
10.6537	0.444354	43.248	2.02813	0.634461	9.14526	9.55485	0.81631	42.7052	4.779	0.582471	20.9335	4.75681	0.682096	21.2946	7.64367	0.773882	27.9509	8.30217	0.700652	27.4892	10.9997	0.306311	43.6486	8.25126	0.783008	33.992	6.70722	0.374674	32.6757	9.33673	0.529891	25.8557	11.5771	0.709145	28.9678	6.30356	0.739676	13.0281	6.38991	0.72177	18.4258	8.49128	0.13078	27.2111	11.3566	0.492998	49.5874	10.0165	0.340184	46.8154	4.75944	0.672039	20.7279	8.75971	0.612568	19.3729	6.70446	0.255623	30.4662	
9.28036	0.671896	42.6036	1.32128	0.754662	6.08024	8.34093	0.111045	24.4124	4.34645	0.813521	20.6809	3.50363	0.858897	10.9938	6.90968	0.326356	19.5497	7.61465	0.64339	22.1753	9.71046	0.635541	44.465	7.64663	0.470092	32.0915	6.14476	0.266497	23.5086	8.39485	0.877117	20.6702	10.2959	0.961053	38.113	5.0679	0.406262	15.9797	5.08564	0.197559	15.7051	7.19778	0.89083	28.3472	10.1372	0.699681	22.1133	8.77951	0.905021	39.5728	3.72377	0.639672	14.5507	7.38159	0.641661	15.3094	5.49703	0.950325	14.4014	
9.39039	0.868447	44.3668	7.10111	0.666882	20.3085	12.7715	0.160919	49.2129	4.19523	0.844391	8.41325	9.52741	0.897938	38.8103	1.71362	0.240953	6.15533	1.00703	0.693768	2.19898	7.32777	0.404406	33.6904	0.738401	0.475273	3.18011	2.25636	0.730594	7.70574	2.76046	0.518106	11.4201	7.53311	0.874149	22.958	10.4303	0.156677	26.7638	9.83211	0.183523	34.5558	11.1589	0.267474	29.9064	6.49162	0.830923	31.4392	6.03413	0.230468	21.6962	5.0936	0.820489	17.1604	9.06364	0.837172	36.425	10.8848	0.193472	32.5821	
5.53314	0.403855	21.9365	4.99441	0.874585	24.8863	3.96372	0.631917	10.8286	6.81868	0.688385	14.7263	1.19696	0.397508	5.05558	7.76675	0.361663	17.1156	8.48929	0.538098	18.3392	7.04734	0.19053	22.5533	8.79941	0.201512	26.5013	7.75039	0.355297	25.8949	8.09131	0.383842	35.6652	7.64505	0.114981	24.3093	0.950412	0.448469	4.2509	0.559496	0.286082	2.01629	2.67084	0.75897	9.12981	7.99102	0.723511	18.5387	6.67874	0.560491	14.2203	4.66656	0.105569	20.3879	3.45396	0.735402	15.6822	1.41861	0.481536	5.43995	
7.47048	0.283442	32.9329	1.88784	0.465511	9.20353	7.0726	0.949843	33.0469	4.07969	0.926525	11.723	2.40198	0.366887	10.4352	5.95829	0.690185	13.841	6.70072	0.435175	21.3243	7.93367	0.102053	22.6251	6.85191	0.664477	32.6941	5.49545	0.394393	19.061	7.08528	0.897118	25.0679	8.52564	0.770304	39.4289	3.86294	0.530076	15.4936	3.66973	0.865779	7.66206	5.75147	0.156051	19.6478	8.43433	0.923075	34.8739	7.06265	0.331049	33.7907	2.52402	0.986878	5.3417	5.60884	0.974768	22.0334	4.34269	0.569761	15.2645	
1.4929	0.33892	7.06564	9.74945	0.927347	33.5403	6.95111	0.751247	18.9948	9.37433	0.547779	32.6551	7.84122	0.974283	32.959	7.76963	0.305633	15.7316	8.09309	0.936607	24.8521	1.71105	0.714101	7.59915	8.62877	0.125126	33.1263	8.74312	0.716407	25.0096	6.20827	0.436177	21.8002	1.8798	0.471501	9.22094	7.20361	0.223764	35.3073	6.52884	0.598485	30.608	5.84229	0.953377	14.1848	3.00551	0.674642	11.1532	2.88838	0.497006	14.0747	7.40392	0.651465	14.9961	3.3805	0.574811	15.1889	7.30704	0.152976	24.0129	
7.53701	0.75994	20.0728	6.55846	0.625325	27.6475	11.0904	0.175429	39.4486	4.11063	0.898675	10.4702	8.23971	0.265838	33.0321	1.09298	0.630006	4.60711	1.03132	0.243918	3.34515	5.53616	0.469577	22.5821	1.57191	0.690471	7.16219	2.37925	0.498571	9.92946	1.1422	0.319787	2.37722	5.78926	0.678819	14.5648	8.96412	0.81677	27.6125	8.31923	0.996542	35.2334	9.48091	0.89614	32.106	4.81937	0.403213	19.7554	4.21971	0.878793	15.4725	4.08544	0.609663	17.7269	7.27242	0.634825	29.233	9.3951	0.877382	40.031	
5.49849	0.559669	18.5157	4.47327	0.979552	18.152	7.93164	0.955944	28.8037	3.68879	0.220405	11.9669	4.97963	0.602134	17.7133	3.17322	0.584743	8.37847	3.85373	0.742429	11.783	4.77389	0.717551	20.6517	4.23155	0.490384	9.48986	3.5512	0.576982	10.3813	3.49479	0.922977	7.09867	5.30032	0.868908	11.4164	5.64374	0.221539	14.1183	5.00666	0.537494	20.3739	6.32181	0.970038	26.3817	4.93115	0.373359	13.5671	3.63276	0.715881	8.07202	1.79348	0.85777	4.65702	4.4996	0.599326	17.5017	6.07808	0.958168	24.2592	


# This instance was randomly generated with the following parameters: 
# SIGMA_MIN=0.1
# SIGMA_MAX=1
# CAPACITY_OVER_DEMAND=2