8	16
119.968	997.071	83.3761
111.477	969.623	78.4611
89.9611	874.492	64.5303
39.5576	706.504	46.7224
123.394	844.72	66.2855
137.905	1157.5	118.735
118.822	1001.71	85.5691
59.7744	975.52	83.1989
19.8027
24.4833
12.1064
2.53844
9.2528
4.82572
17.229
4.54833
10.1801
11.3991
21.8922
24.4398
15.7188
6.3591
11.9543
12.2295
0.809966	0.573424	4.03449	2.04988	0.77547	5.51844	7.40654	1.6841	30.68	5.52114	0.986772	25.1436	6.9553	1.43175	33.645	8.42357	0.628263	27.1899	1.03626	0.641335	4.98367	8.33302	1.11987	26.8001	3.95594	0.554503	9.24927	1.19725	0.542462	5.34283	1.73247	1.47642	5.8904	7.16828	0.716255	18.1741	3.41873	1.39847	8.73701	6.77549	1.63623	21.6061	2.40795	1.34626	8.5154	5.75977	1.9436	25.1781	
5.3929	1.96035	17.1547	4.41525	1.73938	10.9814	3.28585	1.55548	10.1582	2.14961	0.93361	9.94028	1.4205	1.32322	6.24294	4.27535	1.11208	13.3965	5.57513	1.32583	16.6627	4.27361	1.18578	16.9905	2.34922	1.76091	11.1414	5.31856	1.89348	20.974	4.91405	0.874624	22.4021	4.89824	1.07839	17.4726	7.99001	1.26196	36.4243	3.88052	1.9435	16.5477	3.87104	1.044	9.89666	3.04643	1.06041	9.42742	
4.95203	1.1848	19.9794	3.63315	0.847129	16.5918	2.52914	1.43576	11.9091	3.01221	1.30699	7.52899	2.65087	1.07728	10.434	5.47865	1.34099	17.1265	4.8532	1.03814	19.9197	3.57966	0.710254	11.7184	2.44687	1.0332	6.84623	4.98045	1.74045	24.6812	4.67743	1.63329	10.2144	3.79772	1.68287	11.0296	7.01137	1.54132	19.6398	2.81479	1.43279	6.82887	3.64416	0.856545	15.702	1.85995	1.4313	8.27377	
9.69257	1.85003	46.1439	9.25158	1.90951	37.4451	7.2403	1.05349	27.7334	4.96087	1.92207	18.323	3.72255	0.677003	13.0779	2.71198	1.83915	10.7721	10.2765	1.09531	36.0874	7.80375	1.30307	35.4527	6.53838	1.91272	27.5452	9.45115	0.52024	24.1724	8.92462	1.36498	31.7239	9.31751	1.29931	33.3775	12.9385	1.06653	31.2574	8.32326	0.681558	39.732	8.06165	1.99989	20.5294	7.84997	1.28809	24.3801	
4.11515	1.65306	15.5565	3.77077	1.81036	16.8021	8.08695	1.21897	21.9287	8.29508	0.759753	35.268	9.3056	1.29904	41.1847	11.3385	1.81352	52.954	2.94902	0.788455	14.4426	8.73283	1.80738	28.977	6.59703	1.1576	18.6845	4.55762	0.82087	16.2183	5.0441	0.63297	11.0445	6.93113	0.510112	14.8718	0.146168	1.00319	0.729436	7.03416	1.79591	23.3329	5.37466	1.642	21.4645	6.42149	1.20496	29.6021	
4.51267	1.00136	13.1166	3.95437	1.89985	18.3198	4.45886	1.08742	10.9504	0.992405	1.22345	2.87764	1.71512	1.97364	3.4447	3.81126	1.06615	9.39033	4.9724	0.882837	16.5007	5.48493	0.705259	20.6933	1.2974	1.13568	5.42553	4.35395	1.91496	10.7112	3.88666	0.573128	17.9948	5.8091	0.90846	26.0937	7.65732	0.890178	34.0256	4.83826	1.65241	21.8562	2.89508	1.97848	10.9861	3.83268	1.89464	12.4195	
7.71548	0.829581	19.2187	6.83876	0.73322	28.3415	4.22357	0.884776	20.5328	3.48457	1.45296	13.7468	1.61601	1.53615	4.71731	3.57191	1.50628	15.5942	7.98976	1.93322	29.3632	4.86359	1.69079	23.3337	4.52941	1.4688	10.4415	7.58761	0.85216	34.8306	7.13176	1.36938	17.9814	6.28732	1.92058	24.3185	10.3949	1.32075	31.6367	5.29219	1.70268	18.2266	6.12464	1.09413	24.4771	4.86501	1.04022	10.9011	
5.00545	0.807075	10.5484	6.21308	0.639809	26.0001	9.31617	1.2199	32.075	4.11824	1.29286	16.053	5.8719	0.940457	20.954	4.98274	1.44569	24.0577	6.31102	0.634547	24.4793	10.3601	1.84492	23.7928	4.45402	1.90672	20.3298	4.55289	0.500565	10.4456	4.12451	0.74931	19.4981	10.331	1.14415	40.7605	9.10707	1.09679	33.6986	9.47225	1.73552	34.0438	4.2914	0.784841	13.3147	8.35197	1.93311	28.6939	


# This instance was randomly generated with the following parameters: 
# SIGMA_MIN=0.5
# SIGMA_MAX=2
# CAPACITY_OVER_DEMAND=3