11	22
118.978	1093.39	100.425
131.672	862.696	70.8141
30.2215	813.099	66.1125
81.8881	956.319	84.4471
146.037	1068.42	113.359
42.0368	1204.36	141.257
40.2238	1095.07	106.2
80.8108	893.573	77.5697
151.859	1081.3	102.082
162.596	866.18	74.9878
59.5439	530.138	26.235
43.2803
53.0905
41.6556
17.3006
30.4751
44.8806
50.7925
23.7773
43.8664
41.5992
23.7558
0.949652
17.5064
27.751
15.3564
22.4129
21.0242
48.039
18.0795
34.0795
12.3663
10.2875
0.968254	0.877939	3.27865	7.51858	0.158	36.1573	7.3196	0.542392	30.7895	5.01759	0.716846	13.5114	2.5432	0.990969	6.39074	6.22794	0.680219	24.207	5.04426	0.447232	12.4075	1.45519	0.489206	6.68022	3.40519	0.859366	6.92894	4.21561	0.738187	15.645	1.98531	0.649957	8.80241	0.564724	0.755032	2.39314	7.55346	0.97756	23.3735	1.97611	0.368408	8.19174	8.056	0.181907	27.4289	1.50007	0.193135	3.19513	5.21949	0.66563	14.3088	5.59626	0.954798	27.5213	7.42111	0.895889	29.2495	8.30431	0.458917	35.9814	2.87865	0.533537	12.9712	7.4486	0.23166	20.3645	
1.55695	0.270602	7.54462	7.30139	0.814476	20.834	6.33697	0.70355	28.7572	3.86605	0.347381	18.1708	2.59803	0.833204	7.31814	4.99875	0.20181	18.7855	5.43391	0.433491	12.5197	2.33743	0.332051	5.79947	1.96159	0.76684	8.01129	2.72894	0.788766	5.81309	3.26591	0.487232	13.8162	1.61203	0.834862	7.11188	7.08701	0.26486	35.1727	3.30685	0.12716	7.68248	6.68697	0.443865	25.3109	2.84477	0.656606	7.72481	3.72041	0.905611	10.9455	4.17941	0.513448	14.0084	7.43144	0.988302	34.0807	6.83928	0.945418	17.1646	2.98793	0.384735	12.6219	6.03757	0.277196	29.6875	
4.61271	0.920292	21.0736	10.2743	0.759749	49.2065	8.43226	0.995825	32.1874	5.91065	0.271944	14.647	2.16095	0.789566	9.15157	6.65015	0.945331	16.9516	8.63075	0.139633	24.8572	5.35436	0.850088	14.7623	3.68314	0.859259	18.0664	3.68229	0.394897	13.928	4.55417	0.825148	11.0441	3.64908	0.255421	7.45035	9.86123	0.953316	39.7286	4.70065	0.45914	20.6976	7.58067	0.761739	21.329	5.51699	0.864227	15.3502	3.96906	0.162094	18.8356	5.221	0.710378	15.8248	10.5293	0.860766	35.9956	7.05469	0.168736	31.9566	2.22936	0.398732	5.46173	6.77726	0.473321	29.3405	
2.53331	0.925032	11.8486	8.631	0.307789	17.4586	7.50264	0.274234	24.0861	4.97012	0.362389	11.5053	1.35264	0.983899	4.83884	6.00023	0.794279	26.3807	6.64446	0.593759	31.8474	3.25419	0.857567	13.6426	2.80226	0.946256	12.4731	3.31332	0.54192	12.7456	2.88939	0.200571	7.49624	1.60085	0.818822	6.19025	8.40619	0.89219	20.9727	2.99525	0.539346	12.4	7.46067	0.253784	32.017	3.42222	0.897632	16.1201	4.1054	0.662639	13.0869	4.92339	0.235981	12.8991	8.74243	0.490366	29.6247	7.36288	0.524931	21.9559	1.73169	0.500386	4.79135	6.73822	0.801574	32.1456	
2.84552	0.398577	8.52845	8.81677	0.986987	24.6816	7.52911	0.949512	20.963	4.98174	0.199824	13.3398	1.396	0.274168	4.39715	5.96397	0.406465	28.9613	6.92294	0.818429	32.0327	3.5803	0.503649	15.8901	2.76276	0.373586	13.0153	3.18717	0.499209	10.7127	3.19016	0.810363	7.89463	1.95247	0.801494	7.79941	8.54706	0.754903	32.5468	3.30379	0.999746	11.4601	7.3419	0.217389	35.8985	3.77259	0.685884	8.54653	3.91465	0.406721	14.2928	4.81363	0.481265	22.3257	8.96484	0.185596	20.7335	7.1781	0.575798	24.9909	1.74453	0.280731	6.68459	6.60223	0.273395	13.5939	
4.88789	0.19164	10.2861	3.07713	0.782519	14.8126	1.86525	0.763596	5.51245	1.99855	0.45187	5.88782	7.63528	0.696469	34.9837	2.42927	0.58131	6.67711	4.04151	0.897363	18.0443	4.98803	0.415348	14.3132	3.9607	0.357957	12.9224	4.27513	0.962329	9.31376	7.73021	0.875402	22.4317	6.24924	0.928272	15.3686	2.29245	0.200115	6.75747	7.68757	0.720879	35.6358	4.38675	0.64477	21.8165	5.94979	0.645331	17.946	4.82665	0.944185	24.0778	3.63898	0.386166	10.8797	3.84912	0.82062	8.5212	5.61801	0.850946	23.5501	8.02462	0.372091	27.8115	4.3807	0.662753	21.1107	
3.3026	0.661088	7.51148	7.4439	0.255868	19.1895	8.92557	0.580102	37.6866	7.23827	0.517886	27.2278	5.45176	0.887963	13.7226	8.47699	0.715947	26.5086	4.14454	0.965978	8.58218	2.62133	0.360957	9.36535	6.37518	0.61888	31.4213	7.26087	0.797687	23.4497	3.27463	0.266326	7.83777	3.67804	0.526439	14.7452	8.01902	0.943088	36.8729	3.10269	0.691223	15.4995	10.5477	0.715587	37.4226	1.9151	0.553473	6.63466	8.31757	0.571241	24.1014	8.34464	0.29949	23.8437	6.85269	0.690591	24.3014	11.1223	0.807511	28.8869	5.65857	0.466062	22.889	10.0928	0.628691	22.6948	
6.91941	0.327313	15.6694	1.35076	0.854303	4.39607	5.37029	0.594755	20.3224	6.17517	0.411023	23.0872	10.3027	0.109982	45.2384	6.65762	0.970699	21.6376	3.0815	0.909211	13.7513	6.5071	0.571879	23.0792	7.65168	0.187152	21.4092	8.21887	0.265144	26.3135	9.38988	0.889843	30.0229	8.43139	0.214142	31.7477	2.6059	0.926401	5.41801	9.27565	0.29953	25.2811	8.42017	0.467709	31.4639	7.16728	0.795832	19.6425	8.95056	0.229748	40.4215	7.87103	0.809809	27.4688	0.470239	0.945598	2.01821	9.78472	0.826086	42.2354	10.6738	0.60307	41.9341	8.55989	0.545916	24.9757	
5.44257	0.391796	17.6029	5.04006	0.587547	16.9397	1.68554	0.604825	5.53142	1.12398	0.53986	3.54369	7.38012	0.331593	34.995	0.372553	0.135704	0.901283	5.90113	0.594067	12.1978	5.81593	0.615881	26.4499	3.25686	0.501831	10.9336	3.12154	0.253458	14.5277	8.11506	0.66146	18.2234	6.48293	0.916508	26.4787	4.03442	0.747113	10.8848	8.11654	0.554413	18.7576	2.43664	0.477085	9.78697	6.77436	0.587348	21.2638	3.26863	0.441179	7.36035	1.88169	0.962529	7.42559	5.89228	0.979489	19.155	3.56378	0.879037	17.7189	7.74995	0.307134	25.4657	2.32657	0.548722	10.6035	
1.88403	0.69623	8.39257	8.34461	0.991156	27.6224	7.71222	0.961915	26.2096	5.26305	0.475114	22.4683	1.53098	0.408563	6.83726	6.39786	0.831084	12.9666	6.04156	0.18256	12.6129	2.48843	0.18617	10.2902	3.30635	0.549688	7.65719	3.98201	0.431615	19.7321	1.98747	0.82352	5.03541	0.601314	0.330602	2.2277	8.26722	0.352689	39.4458	2.06703	0.788909	10.0352	8.04523	0.529635	21.2053	2.4791	0.442854	10.8857	4.88542	0.585928	22.1394	5.51751	0.208053	24.2262	8.33003	0.15717	18.3068	8.09892	0.738124	22.9232	1.89117	0.783106	9.24512	7.36933	0.810448	29.8231	
3.11837	0.149872	8.19926	5.71941	0.947865	13.1491	3.89854	0.238211	19.0848	1.37929	0.273753	3.50946	4.95631	0.462468	10.6127	2.53039	0.638854	5.68175	5.05446	0.290263	21.0081	3.64382	0.234187	13.3446	1.05915	0.815116	2.69042	1.59877	0.709002	4.94517	5.65819	0.406243	17.6312	4.01279	0.12558	18.6298	5.16733	0.807877	12.9098	5.66975	0.828987	15.374	4.39335	0.960304	12.5826	4.54006	0.13361	9.91543	2.51018	0.994639	11.2719	2.1106	0.68069	6.97194	6.18521	0.333587	16.0125	4.88323	0.863676	15.1416	5.33576	0.251881	14.5196	3.86461	0.38665	17.5648	


# This instance was randomly generated with the following parameters: 
# SIGMA_MIN=0.1
# SIGMA_MAX=1
# CAPACITY_OVER_DEMAND=1.5