4	8
99.997	741.973	48.9714
131.254	885.738	69.3434
83.0794	1111.43	107.354
152.837	1203.62	133.937
32.9336
24.9214
14.8536
29.9966
37.757
29.5847
40.4996
29.1909
2.86044	1.22108	9.7539	5.02562	2.55929	23.6374	0.810163	3.58183	1.85905	1.93026	3.24006	9.51628	5.8887	1.07014	25.3032	5.20624	2.78297	21.453	9.60346	1.70718	30.7539	6.89194	1.46443	16.7329	
2.31138	1.37382	11.23	4.30403	2.57134	15.1258	2.11193	2.49073	7.08055	0.655268	2.3697	1.59239	4.71926	3.10456	15.0027	4.90404	2.70628	9.97041	9.24436	1.50696	35.7827	6.27922	3.46993	13.2516	
3.74884	1.17349	17.1986	1.74185	1.98208	6.68237	6.9031	1.41403	17.285	6.05917	1.99857	27.5325	3.68927	1.27016	9.19903	1.82655	3.37949	7.43696	3.47665	2.31674	15.6335	0.311532	1.4429	0.675393	
4.07474	1.27277	11.683	6.21728	1.1765	21.7963	1.43349	3.67027	3.15363	2.48571	2.24578	10.6689	6.80119	1.00355	33.5802	6.46937	3.25945	22.1067	10.867	1.30995	35.2917	8.12105	3.30318	24.8428	


# This instance was randomly generated with the following parameters: 
# SIGMA_MIN=1
# SIGMA_MAX=4
# CAPACITY_OVER_DEMAND=1.5