11	22
161.243	1094.07	110.745
173.014	1315.89	152.426
79.9287	452.716	17.2307
148.074	1032.54	103.585
35.0968	1323.35	151.367
149.892	730.553	45.1123
78.2744	779.927	59.1162
82.5745	1055.29	98.0041
84.4866	972.409	89.4082
33.7835	712.864	43.8835
128.001	699.955	42.0533
38.6977
1.31736
36.4415
1.0856
0.733647
40.2537
14.5176
21.4125
39.8408
5.5186
11.3163
26.4245
16.2413
1.33384
44.0575
41.0722
9.26963
38.6682
17.8964
10.6747
35.2296
4.46253
4.84209	0.642652	20.3775	8.88484	0.68853	19.3599	6.62222	0.328453	27.0213	10.2867	0.631852	25.3509	5.93961	0.339364	21.3098	5.28649	0.435636	23.634	3.42478	0.372135	10.5691	3.1675	0.117207	15.1596	8.08058	0.102856	32.7564	3.73319	0.719203	18.598	5.6194	0.772086	23.7166	4.22218	0.666515	14.4894	5.97605	0.523103	15.8021	4.13676	0.802525	20.517	7.82645	0.791226	18.9822	7.51442	0.513385	23.6499	5.3501	0.635027	15.9815	5.12627	0.937447	11.7478	3.3886	0.849066	10.4606	0.726467	0.486574	3.40791	7.83924	0.380862	35.3871	5.96572	0.628367	15.692	
9.89749	0.641559	38.0107	3.47225	0.542675	12.0271	6.36374	0.54615	15.3218	0.347358	0.968313	1.24868	8.67439	0.942042	25.7538	9.45865	0.121718	44.2746	12.4115	0.511737	33.523	9.14853	0.621259	22.2331	2.4043	0.667738	10.569	8.38577	0.742098	22.7276	9.11661	0.645007	26.6476	11.0704	0.713974	30.0279	6.5531	0.68768	19.4702	6.81446	0.268688	29.3692	2.54605	0.708459	7.74194	3.5262	0.330792	12.7176	5.02595	0.858001	16.936	8.49204	0.83532	34.4683	7.07417	0.482052	33.4589	9.74764	0.703256	25.4039	5.77199	0.446075	28.2819	9.86644	0.929925	25.8637	
2.62574	0.80227	10.4984	5.18295	0.216281	10.9063	2.52029	0.978665	7.94867	7.37618	0.934412	23.5709	2.4395	0.716715	10.2404	7.39586	0.732567	17.6472	4.9364	0.359793	21.316	1.61564	0.974919	7.64487	5.17013	0.614183	20.4602	5.38501	0.450785	14.5272	7.47448	0.206397	19.1484	3.53447	0.776087	16.9077	6.24531	0.522357	29.294	0.983408	0.817694	3.117	5.28619	0.953163	17.0613	5.90326	0.678564	27.534	3.42995	0.582284	10.0675	6.70684	0.365207	18.487	1.87905	0.76813	6.3198	3.38936	0.290117	12.6532	3.75876	0.41796	9.68389	3.18671	0.357839	15.1402	
4.46659	0.342915	11.3738	3.35732	0.447694	15.3326	1.99056	0.762329	8.64202	5.33502	0.609156	21.521	3.60372	0.23756	14.7883	7.34779	0.360584	25.4568	6.94659	0.94274	28.9084	3.64148	0.267834	11.6355	3.13758	0.835667	10.3822	5.45302	0.550629	17.2583	7.2887	0.37011	16.5332	5.55001	0.748167	21.0047	5.44462	0.574357	20.3173	1.43403	0.433698	5.91417	3.3238	0.986409	14.8512	4.24007	0.928663	12.4103	2.10684	0.345066	10.3898	6.48674	0.456772	15.7761	2.25559	0.945751	5.72948	4.81806	0.149884	20.7464	2.75282	0.293555	12.9561	4.68867	0.553993	14.1649	
2.40848	0.374914	8.29349	5.35542	0.327245	19.1107	2.60525	0.187052	5.82578	7.58826	0.832804	24.0237	2.31294	0.347884	5.86723	7.50749	0.271737	26.5998	4.74639	0.693849	23.3267	1.42604	0.765634	4.94126	5.38697	0.718447	22.4473	5.49651	0.108414	25.1825	7.59865	0.877528	27.4748	3.31218	0.129738	10.0446	6.42341	0.827307	18.3756	1.19687	0.585583	5.22176	5.50932	0.220549	23.4031	6.12512	0.250381	14.5391	3.64746	0.974156	12.5786	6.8373	0.303277	26.1992	2.02979	0.588897	9.44301	3.34445	0.352479	12.7441	3.85767	0.190704	9.91341	3.0034	0.477557	10.6421	
7.52942	0.798584	15.3807	4.10618	0.746973	16.0786	5.00938	0.89028	16.7814	3.72462	0.137353	7.76615	6.83285	0.742651	30.9247	5.99197	0.772401	12.0275	9.29359	0.638704	42.4488	6.27607	0.8369	14.9657	2.01125	0.238765	5.71499	4.70353	0.171683	10.276	5.72597	0.196878	12.031	8.37581	0.658494	38.6295	3.24898	0.972162	16.1854	3.96478	0.128148	12.3327	1.32614	0.597122	2.8744	1.00958	0.800357	2.37001	1.59111	0.524506	5.6519	5.01205	0.46234	20.4466	3.77255	0.19423	9.95687	6.26551	0.379866	13.0424	5.22149	0.750161	22.8294	7.88991	0.368206	27.3035	
3.99686	0.250918	15.6981	6.43474	0.441898	14.7072	4.41234	0.950691	12.0714	7.91953	0.111059	33.2291	4.40518	0.938557	15.7607	5.4524	0.83563	12.0456	4.67014	0.385237	10.298	2.18896	0.490846	9.37438	5.68653	0.508303	17.4912	3.4559	0.577786	13.8304	5.59004	0.189772	22.6264	4.20893	0.976833	19.2683	4.83922	0.110262	16.2911	1.75155	0.442884	6.21905	5.50922	0.583469	25.2715	5.49258	0.518957	13.3107	3.09254	0.747492	11.5359	4.86475	0.131121	11.2188	0.957657	0.92805	2.77251	1.76275	0.932523	4.26499	5.55622	0.107876	21.5862	4.89298	0.577191	24.223	
5.6481	0.220013	26.3021	3.57042	0.472287	16.3059	3.29492	0.68438	15.9871	4.65932	0.193238	15.3717	4.94803	0.893007	23.856	6.40696	0.612263	17.8424	7.67999	0.233339	31.3028	4.51078	0.422508	9.13897	2.42381	0.554551	8.26433	4.66457	0.114612	11.5925	6.27858	0.745383	29.7091	6.56718	0.692064	28.6229	4.21045	0.48744	17.0589	2.14868	0.66437	10.3963	2.31111	0.750823	5.72409	2.90619	0.728337	14.268	0.851034	0.85845	2.91922	5.48509	0.368212	20.1412	2.30532	0.677249	7.1778	5.0086	0.510403	12.0113	3.8059	0.936358	15.3197	5.99223	0.55415	12.6925	
3.3827	0.742811	11.7667	4.00874	0.276039	16.1001	1.07104	0.618309	3.14082	7.01507	0.596591	21.4659	1.70164	0.99038	4.58707	10.083	0.876587	28.3227	6.90744	0.814656	15.2856	3.98235	0.627138	17.4883	5.26416	0.307266	21.4431	8.10064	0.344371	22.2503	10.0894	0.559748	28.2453	4.87149	0.43542	19.5732	8.41651	0.904079	28.33	3.41764	0.750864	14.5562	5.76755	0.861453	18.7732	7.05684	0.736948	21.4649	5.098	0.428928	11.3927	9.29413	0.89187	38.7311	4.55783	0.320028	19.7506	6.27479	0.908942	21.1439	1.68797	0.45225	7.96261	2.82401	0.79625	13.5366	
1.32651	0.423758	6.24091	7.15502	0.672254	27.2178	4.1265	0.711488	10.9497	9.48476	0.929628	38.434	2.60464	0.800898	9.89332	8.1409	0.572935	26.2513	2.95951	0.717673	8.81633	0.679755	0.516616	2.00364	7.28231	0.461556	28.9925	6.20619	0.796499	17.4745	8.33895	0.865163	33.3457	1.46693	0.59191	2.94628	7.67722	0.943907	22.2223	2.96401	0.729827	8.55231	7.38099	0.891825	24.7557	7.86448	0.54682	23.3452	5.35253	0.887542	17.8568	7.65442	0.783282	18.1847	3.34516	0.741351	9.69878	2.99226	0.888464	7.34354	5.37466	0.986874	18.5173	2.44366	0.91224	6.63831	
8.6407	0.120178	18.1029	6.52096	0.635122	15.3371	6.96274	0.722985	29.3067	5.7249	0.316997	19.8048	8.36808	0.187666	26.2849	3.86398	0.383491	17.7708	9.50275	0.109615	21.1082	7.03209	0.587636	19.4967	4.40207	0.215235	16.0249	3.20688	0.104754	8.31983	3.50947	0.676883	14.1405	9.13196	0.759527	22.7004	0.947612	0.57091	4.39462	5.11224	0.517944	11.4567	3.65696	0.271621	9.07462	2.09578	0.78512	6.86378	2.88794	0.84814	6.76013	2.91521	0.483975	9.60597	4.37545	0.592786	18.9299	6.08179	0.157087	15.6746	7.4203	0.492984	28.8584	9.26006	0.373556	23.6738	


# This instance was randomly generated with the following parameters: 
# SIGMA_MIN=0.1
# SIGMA_MAX=1
# CAPACITY_OVER_DEMAND=2