10	20
143.824	922.122	70.3291
79.7632	664.153	37.638
133.919	797.926	60.0139
161.077	455.269	18.2043
175.462	858.673	70.4198
11.5947	1236.03	127.826
130.957	575.247	29.5061
60.4211	834.106	63.9411
64.2448	1237.98	149.501
41.4855	1029.13	95.2302
0.629801
7.46077
13.1431
9.02667
2.89111
7.75778
14.2204
9.35433
1.23019
7.70818
6.56239
0.244178
2.29609
10.4351
12.0318
3.85347
14.5654
10.0496
9.2149
1.84683
7.61695	0.710796	16.2404	6.73324	0.390437	31.0724	5.73524	0.815021	15.5754	1.79876	0.452959	4.92035	4.51004	0.45068	12.7148	4.74846	0.198061	21.2007	5.35134	0.665192	24.5694	7.95907	0.793274	34.8583	3.64236	0.702379	9.32408	6.4566	0.548067	27.8244	1.92517	0.64034	4.57783	7.67306	0.173549	21.472	6.89432	0.301484	24.8678	7.24319	0.920857	33.37	6.93696	0.942092	16.3047	3.57411	0.756204	10.6793	8.79313	0.543572	26.8653	8.68142	0.410335	31.7505	7.80459	0.14695	38.5946	4.7712	0.988458	22.9172	
3.30151	0.304892	12.3933	6.9119	0.93205	28.4958	1.01481	0.608604	2.61697	2.98813	0.966251	9.41358	2.7334	0.940068	11.2054	5.91427	0.573309	11.9914	1.35474	0.431688	6.69144	7.12053	0.491428	16.5454	7.64112	0.225631	23.947	4.47224	0.245009	11.9563	3.04842	0.459155	7.39591	4.91002	0.567805	19.5153	7.4119	0.204682	26.9819	4.6106	0.535597	21.0151	7.19604	0.212324	20.3038	7.1497	0.799445	20.3466	4.95541	0.62711	12.9232	6.89002	0.311303	17.4411	5.44713	0.948057	16.1225	1.03768	0.5922	2.50929	
3.29973	0.18895	12.0018	6.2612	0.204795	12.5519	1.31762	0.371829	3.34541	2.6797	0.54879	8.86406	2.08541	0.483389	6.89698	5.25106	0.824447	12.256	2.00163	0.843258	5.54871	6.52556	0.592734	15.5901	7.10172	0.926197	16.0745	3.92672	0.914323	14.1589	2.60609	0.772281	9.33981	4.49842	0.35645	17.3357	6.75487	0.294327	24.093	4.16574	0.776675	8.51778	6.54486	0.427671	18.5929	6.57818	0.996502	17.8618	4.80395	0.167112	23.8874	6.38183	0.272513	21.1145	4.98334	0.229046	15.5373	1.60005	0.744593	5.12276	
3.38702	0.892699	15.3373	3.31989	0.112543	6.76439	4.05252	0.807521	14.5351	5.26128	0.686673	10.5737	2.06392	0.27711	4.60505	3.66059	0.619228	16.4023	5.63663	0.686876	14.593	2.90164	0.467997	14.16	7.22495	0.9121	29.6141	0.167126	0.232327	0.738624	4.69805	0.29494	11.6931	1.35029	0.49922	2.72623	3.92404	0.149317	18.9586	0.931851	0.421563	3.45861	3.58003	0.974982	9.88146	6.45655	0.682808	21.7845	3.1971	0.55426	9.10336	2.60565	0.449347	12.7358	1.39219	0.515413	6.18772	5.35684	0.192528	22.4909	
7.82172	0.751387	36.3542	1.56879	0.884308	7.0674	7.68773	0.972549	30.6698	6.27053	0.173992	27.8432	4.7773	0.44899	14.1937	1.58132	0.932827	7.27196	8.72399	0.463488	27.8221	3.25446	0.668058	16.1846	4.41048	0.104431	17.6323	4.38824	0.185809	14.3704	5.59697	0.624922	17.004	5.60266	0.912422	14.9804	1.18056	0.108028	3.69102	5.30521	0.647548	15.8181	1.51052	0.441297	6.32706	3.66687	0.647451	7.70584	7.65663	0.476439	30.5024	4.77425	0.137146	13.8656	5.11861	0.566345	25.1101	8.22528	0.299988	30.4857	
7.88298	0.838404	23.2994	2.49579	0.106901	5.44351	7.39046	0.362929	34.4943	5.42	0.589682	16.1492	4.52176	0.25063	20.3165	1.1797	0.649667	3.68163	8.21653	0.843819	16.9141	4.18985	0.814208	14.0735	3.25593	0.86798	13.2811	4.68956	0.621637	15.78	4.77789	0.393386	9.60617	6.02503	0.247875	22.3888	2.28337	0.597866	9.72707	5.67101	0.178795	15.7127	2.53547	0.145715	11.1412	2.49249	0.39532	7.95574	7.99122	0.431606	25.9389	5.59139	0.898776	15.285	5.65511	0.313009	24.7983	7.67986	0.408878	34.793	
4.59333	0.365186	21.26	4.73215	0.744058	22.5909	3.24969	0.606512	15.3767	1.96596	0.75152	8.09048	1.2979	0.16979	3.75731	3.36098	0.141033	12.0656	3.86093	0.708189	11.0981	5.4358	0.630775	14.135	5.18409	0.118107	18.1727	3.37596	0.256932	12.1072	1.39257	0.985697	5.33812	4.48791	0.982518	15.4217	5.13446	0.121132	18.2975	4.06488	0.48825	15.773	5.00183	0.888045	15.629	4.60524	0.937632	16.2921	5.59634	0.329917	13.9898	5.77952	0.81524	22.4168	4.69902	0.575104	20.3531	3.32812	0.541329	15.5359	
0.633603	0.251559	1.93549	6.27237	0.244298	13.71	1.92695	0.12786	7.93526	5.31677	0.524326	13.5769	2.98282	0.717682	7.06305	6.14717	0.12071	20.8186	3.67178	0.769281	16.309	5.79549	0.487292	15.8006	9.03538	0.585693	29.8184	3.14644	0.480968	6.76243	5.07355	0.922333	18.9225	2.76796	0.565608	8.8127	6.86784	0.538874	15.8396	2.67254	0.745163	9.36142	6.54112	0.580214	32.3222	8.37297	0.476978	17.9692	2.16497	0.149877	6.95675	5.00082	0.322954	12.9006	3.46997	0.890756	12.7446	3.69708	0.155303	8.52794	
3.55867	0.557189	7.53199	4.45472	0.889301	19.443	5.25913	0.199231	24.4967	7.34535	0.519085	15.4422	4.14281	0.999414	12.0032	5.51363	0.265021	13.8813	7.01102	0.921118	16.2117	3.15922	0.961279	12.9677	9.27011	0.50843	20.295	2.17473	0.777067	7.99329	6.82333	0.22306	29.6449	0.976338	0.25648	4.2799	5.02645	0.767266	13.5682	1.37314	0.240879	6.55476	4.63142	0.268445	10.2827	8.4816	0.19455	20.0609	2.22301	0.11666	11.0804	1.76388	0.527115	4.35607	0.891605	0.248936	3.35994	6.87857	0.847823	16.6438	
4.38596	0.130449	16.0946	8.06838	0.520549	33.7141	2.04761	0.819172	5.70518	3.05819	0.190194	6.9416	3.92129	0.409169	11.0232	6.87491	0.522313	25.752	0.613649	0.46743	1.60797	8.38976	0.764986	34.0004	8.03277	0.156646	23.6352	5.77665	0.323797	26.4903	3.39472	0.806875	11.4785	6.22701	0.381108	19.8025	8.53657	0.474102	28.2862	5.93206	0.313492	19.535	8.3498	0.895923	34.8511	7.65162	0.224655	22.6298	6.13604	0.217087	14.9493	8.20832	0.557793	29.1248	6.76911	0.274974	33.4627	0.287056	0.344967	0.778811	


# This instance was randomly generated with the following parameters: 
# SIGMA_MIN=0.1
# SIGMA_MAX=1
# CAPACITY_OVER_DEMAND=5