11	22
3.45946	696.309	42.1888
86.2554	1348.74	158.113
118.251	1117.91	124.319
69.9409	1250.84	154.326
87.9019	621.186	37.8812
22.3823	1222.16	135.274
120.262	1163.89	131.92
100.312	977.202	93.6869
112.429	1067.09	111.963
119.594	1295.59	148.036
90.0359	1332.51	157.44
17.2064
34.2273
19.4363
11.2842
8.51561
3.03964
23.5545
24.5957
36.3147
9.30913
0.0440455
24.1408
27.0072
17.2124
16.8442
29.2567
17.4742
27.3719
26.9525
11.0333
25.8316
21.0639
2.36337	0.446995	8.73383	9.92513	0.889062	29.8535	2.7499	0.175763	9.17487	2.32619	0.828003	5.80529	5.87151	0.69298	28.5552	9.8227	0.557168	23.208	8.29111	0.983837	30.93	4.84782	0.290526	12.439	6.46661	0.541965	16.8101	0.594508	0.881539	2.35023	8.08052	0.549503	35.9896	9.31025	0.958564	32.2279	9.48981	0.469546	34.6409	5.99166	0.333041	29.5209	1.66408	0.584834	5.17119	7.16506	0.219727	19.7707	5.67478	0.236805	14.9914	8.62135	0.692375	36.1658	6.02164	0.192307	21.8479	1.41744	0.27459	5.08298	7.67978	0.507197	18.5256	7.02826	0.214817	20.2449	
2.13116	0.388281	6.7165	10.155	0.690623	42.2445	1.78214	0.188069	4.32855	1.31399	0.61073	4.01514	5.66411	0.759091	22.3877	10.1109	0.249419	35.5763	7.37694	0.673385	28.5434	3.70334	0.505631	11.0592	6.98323	0.652216	14.2762	0.675795	0.18741	2.64166	7.13806	0.993777	29.5116	9.1439	0.677274	24.2631	8.96324	0.311958	41.1504	5.2826	0.248996	23.0077	0.675134	0.842772	1.80915	6.11108	0.426397	27.9846	6.01622	0.425361	14.8327	8.90973	0.44294	37.4806	5.19213	0.907245	17.1837	0.403721	0.943588	1.43919	7.78484	0.406009	21.029	6.46403	0.188551	13.3474	
3.6469	0.759988	9.52396	10.3186	0.930728	46.8311	2.14706	0.735242	7.50283	2.52093	0.558299	8.12433	5.14132	0.350666	10.6632	10.4669	0.178263	23.5327	3.91986	0.866335	18.169	1.54194	0.270799	4.91124	8.39366	0.503693	19.3118	4.44322	0.915359	10.2267	3.60552	0.343998	8.99249	8.1077	0.481794	32.9679	6.71236	0.431607	20.4938	2.98637	0.40927	8.13559	3.17828	0.449625	8.26452	2.34979	0.510992	5.6697	7.08315	0.36014	35.0992	9.38297	0.575415	30.589	2.3762	0.902072	9.7238	3.70094	0.106829	11.0043	7.82084	0.373769	26.1381	4.43951	0.122134	12.6245	
5.2256	0.196921	24.338	12.7694	0.984677	40.2908	3.49189	0.317274	16.6571	3.5123	0.464184	10.1127	7.63061	0.776969	27.6308	12.8697	0.819953	29.6779	6.09481	0.894632	30.0629	1.11616	0.938727	3.84298	10.3913	0.556599	27.3599	4.65746	0.424591	22.6715	5.71895	0.826679	24.0694	10.7398	0.875491	36.1801	9.32452	0.191101	40.8363	5.64243	0.330995	12.8716	3.89063	0.164075	19.2477	4.04474	0.490914	8.64992	9.17646	0.534585	26.3563	11.7361	0.460538	50.5323	5.00876	0.670975	15.4517	3.81221	0.395189	11.1483	10.2613	0.967192	33.3911	7.09515	0.900326	33.4762	
2.82286	0.208795	6.45956	7.63524	0.440814	25.5467	2.77072	0.214906	11.6938	3.21307	0.933116	14.2647	2.4677	0.870513	7.89725	7.80782	0.359238	32.0929	3.65181	0.58095	17.7625	4.18478	0.801469	14.1177	6.13786	0.121738	16.4164	4.94035	0.679062	11.0757	3.58596	0.562401	11.9112	5.46171	0.488815	26.3474	4.61375	0.719782	21.2458	0.970738	0.42373	2.00121	3.72268	0.561324	10.6214	3.62169	0.356712	15.7762	4.77903	0.291965	10.0376	6.76318	0.410499	19.2975	1.35159	0.928754	6.01681	4.56976	0.523619	17.1002	5.1537	0.835101	22.448	2.11466	0.198169	7.12059	
2.25302	0.652707	5.2028	10.3158	0.995563	38.0428	1.17838	0.749297	5.14963	0.731939	0.248005	3.22508	5.56089	0.72773	20.9565	10.3152	0.997467	44.5965	6.67035	0.686938	20.1436	2.84847	0.3568	11.9658	7.38573	0.411871	20.7317	1.52207	0.308252	4.69097	6.41	0.604496	30.0689	9.01513	0.244124	29.0449	8.5555	0.13012	34.4431	4.77346	0.659533	23.3009	0.591872	0.438267	2.53854	5.29892	0.806894	23.1508	6.31215	0.719941	27.5628	9.125	0.988742	24.2819	4.57881	0.945825	21.3503	0.755729	0.486277	3.07955	7.87812	0.268746	32.0573	6.05554	0.932365	29.1791	
3.45926	0.871154	11.3556	8.12604	0.790078	33.5117	4.93293	0.718158	20.4928	4.68843	0.884794	15.7408	5.6019	0.683885	27.8612	7.89293	0.125292	34.0026	9.69933	0.626852	24.968	7.47981	0.617573	31.4667	4.22841	0.429938	20.2142	3.56847	0.694501	17.7876	9.59461	0.289304	37.1073	8.53647	0.813685	17.9288	9.67057	0.346815	35.3995	6.99665	0.609509	15.3926	4.18069	0.487465	19.9312	9.13296	0.214254	20.2235	3.99828	0.56032	16.9902	6.75807	0.541887	30.2592	7.35021	0.801778	36.4558	4.32255	0.552796	9.71134	6.34833	0.720893	15.4855	7.52213	0.407146	18.7115	
3.2541	0.415471	12.2363	4.87225	0.586281	18.7733	4.63236	0.715529	10.0859	4.84405	0.639715	20.6126	1.20998	0.850699	5.83191	4.91737	0.366112	12.5264	6.41119	0.993357	24.4501	6.95485	0.165148	30.1316	2.98345	0.776743	10.2235	5.60546	0.882515	20.402	6.47046	0.486641	23.186	4.05506	0.99162	8.12811	5.2135	0.427786	22.2146	3.73261	0.997635	14.4355	4.94824	0.105702	21.3492	6.81594	0.538135	32.4155	1.63562	0.144381	4.60397	3.76474	0.869967	9.99095	4.44296	0.250662	9.49362	5.73486	0.824708	12.536	2.42055	0.542223	7.97484	3.48763	0.508658	7.39174	
6.33982	0.996754	28.3244	4.77267	0.740147	14.8155	6.99498	0.461998	17.4478	7.38676	0.733925	33.7442	2.86972	0.765381	11.2481	5.17948	0.535562	20.8162	5.13133	0.594817	22.1873	8.40231	0.48501	28.8348	5.90003	0.793758	27.6761	8.78261	0.352206	31.6368	5.41093	0.983867	14.767	1.47304	0.479405	4.42582	1.79216	0.676097	8.02011	3.88443	0.209986	8.78214	7.76665	0.489776	27.1257	6.66173	0.725205	22.124	4.93277	0.782204	15.9127	4.6722	0.688483	13.2908	4.59355	0.93068	15.6449	8.63241	0.803947	37.6053	3.19675	0.201658	14.174	2.45702	0.601702	11.215	
7.24938	0.895042	18.3359	0.874626	0.101648	2.73299	8.64318	0.823258	20.0402	8.86618	0.181504	24.3196	4.30298	0.498849	13.8341	1.12707	0.590171	3.15519	8.93011	0.161896	18.3558	10.8369	0.233275	39.0993	3.47749	0.204319	8.46128	9.49397	0.181238	34.5469	9.13906	0.403904	36.5772	2.85291	0.67897	11.8798	5.83093	0.851649	27.633	6.86707	0.513292	28.8294	8.95427	0.338845	28.5429	10.0363	0.513176	34.4983	3.5602	0.236956	9.83029	0.946363	0.757164	3.41998	7.6663	0.401518	35.3739	9.71473	0.720348	40.9344	1.63665	0.84616	4.5306	5.83161	0.220837	26.4198	
6.75848	0.598442	20.0244	6.19188	0.573759	21.4048	7.06079	0.113698	26.0449	7.49844	0.877761	17.7355	3.65988	0.349504	13.1671	6.61269	0.804061	27.5677	4.02213	0.277124	11.0786	8.01756	0.866807	27.8997	7.19734	0.789673	31.3994	9.11712	0.426104	24.8914	4.3528	0.413207	16.9598	2.79767	0.342614	11.2376	0.423062	0.402071	1.25422	3.5705	0.393155	14.5554	7.97415	0.613492	31.8143	5.81509	0.988798	14.553	6.11996	0.850224	13.1814	6.11676	0.414083	26.8756	4.11156	0.205457	16.4078	8.8342	0.284198	42.1002	4.60448	0.228851	15.8671	2.17619	0.758985	8.81983	


# This instance was randomly generated with the following parameters: 
# SIGMA_MIN=0.1
# SIGMA_MAX=1
# CAPACITY_OVER_DEMAND=3