6	12
100.898	1134.3	114.567
161.968	515.663	22.7142
11.6863	1233.3	133.246
127.254	1274.02	159.826
45.4605	374.167	12.8541
139.469	378.933	12.1899
4.37496
4.3649
5.6264
2.06074
2.59181
5.36797
3.54163
1.33407
3.66248
5.28493
4.0176
3.31231
6.5156	1.56575	22.6032	7.34698	3.10706	32.7931	6.22905	1.52932	29.4577	6.81716	2.69897	23.291	6.94196	2.77867	33.4325	5.13862	3.04377	24.3771	3.95391	2.43843	11.6108	7.99068	1.32864	38.4093	7.43918	3.64594	18.2727	9.30854	1.78813	20.4116	3.00352	1.24172	9.49277	8.23488	1.79796	28.8048	
2.29551	2.86286	7.10266	6.24378	1.13384	21.1611	5.08362	3.12548	23.0673	5.09381	2.6561	16.8182	5.26283	3.69914	18.3895	8.68067	3.61237	30.3956	10.153	2.17922	34.8787	2.89031	2.12201	6.2873	1.80463	2.03779	3.86248	3.14674	2.50528	11.5278	6.71542	3.70541	14.3627	3.83021	2.7421	16.5306	
4.22371	1.52748	12.2877	0.316617	1.48519	1.57791	9.15934	3.44735	33.5212	9.54217	2.38927	38.2074	1.0678	3.89992	3.27936	10.9207	1.35224	41.1608	6.15513	3.80779	29.6473	3.72725	3.02527	13.5499	7.31618	3.31935	30.511	9.31687	2.463	23.2887	4.079	3.89066	18.5326	9.40205	2.66391	40.7336	
4.69263	3.27283	10.7695	8.66694	2.16151	27.1886	1.09936	3.60281	3.91065	1.07659	1.13863	2.80752	7.69982	3.9322	32.309	5.01674	1.99732	18.356	9.93588	2.40239	36.254	6.29004	2.95956	20.6855	2.24905	3.668	6.39267	2.99395	3.75799	8.67198	6.82323	1.21711	23.5411	1.62011	1.97855	7.81193	
3.36659	2.05782	13.5303	3.44864	2.19494	13.097	6.55873	3.73735	30.6306	7.03889	2.34695	30.7984	2.93692	2.19235	7.29236	7.76208	2.19118	24.4966	4.60698	3.38805	20.5125	4.32985	3.47728	11.2491	5.74895	1.08408	24.1703	7.89471	1.25213	18.4458	1.28813	2.39948	5.65505	7.47129	2.27111	28.6425	
5.41129	2.85462	17.5285	8.22025	3.04857	30.2123	2.67342	3.73719	10.6393	3.25811	2.72227	8.72148	7.43984	3.21119	34.762	2.94876	2.15217	7.69736	7.3258	2.65642	18.5535	7.1985	2.60197	22.3984	4.7666	3.46767	23.1928	6.21446	1.77822	25.9535	4.87346	1.71205	17.3018	4.90503	2.0034	19.7611	


# This instance was randomly generated with the following parameters: 
# SIGMA_MIN=1
# SIGMA_MAX=4
# CAPACITY_OVER_DEMAND=10