12	24
75.4585	1154	132.201
98.5951	549.538	29.0508
25.6363	1041.02	97.3955
17.8921	1196.08	136.431
106.282	1096.27	116.189
157.537	1052.35	94.0362
127.788	1197.81	129.531
157.737	759.016	55.1922
119.193	639.565	38.493
174.561	776.243	58.0701
92.6094	1081.06	103.355
151.928	988.244	85.385
40.8652
44.8138
10.0217
43.2873
29.3072
33.5821
27.2784
39.3755
24.0917
5.34653
43.4742
48.42
0.463024
34.0558
25.3525
45.9965
11.5647
17.7799
33.5358
26.5874
45.9879
36.7469
17.1673
31.7859
7.25865	0.894066	15.6703	5.42032	0.841474	20.0313	4.90128	0.154967	14.6658	9.33965	0.442897	40.8568	8.70723	0.641896	30.4488	2.75766	0.986403	5.62511	5.48931	0.257815	25.271	10.7989	0.507502	35.3716	10.4062	0.29932	49.3923	9.62607	0.733669	47.2971	9.26516	0.344544	27.2612	8.62793	0.213121	27.6247	3.25828	0.372191	10.9652	8.61234	0.353728	35.4212	8.33333	0.641123	40.8983	9.72215	0.300557	45.9615	8.32585	0.517361	34.5232	6.61752	0.500393	17.7545	5.99986	0.668301	26.1099	8.01165	0.199023	22.7089	4.59165	0.749483	14.726	5.51135	0.974817	21.2988	9.63031	0.229403	26.3796	4.72675	0.252331	20.594	
1.78404	0.519791	4.65441	4.7458	0.317814	21.7836	6.34261	0.712235	31.2501	3.76576	0.105841	8.78587	8.22979	0.979799	28.7377	6.3644	0.632242	29.9905	4.24204	0.286656	18.9687	7.12159	0.976259	26.5614	6.23501	0.106661	25.6024	2.45127	0.617184	11.9433	6.32011	0.120843	21.509	2.10472	0.536396	7.28423	6.7787	0.138163	29.8854	8.6289	0.724775	17.2716	4.86824	0.321455	18.6764	1.09047	0.688571	2.9747	2.56436	0.867967	8.99075	5.74213	0.89539	23.3452	10.05	0.368659	38.8184	8.54944	0.412626	42.3335	4.43723	0.295673	17.146	5.72982	0.491221	25.1049	2.21803	0.614779	7.68456	4.75794	0.10662	16.2453	
6.27373	0.39698	19.6243	5.72615	0.161361	12.5966	2.35557	0.115987	7.12136	7.21115	0.844688	15.6623	5.98156	0.105581	18.7433	3.11848	0.500203	8.50353	5.49941	0.186761	26.344	8.2088	0.273893	28.7657	7.90189	0.668445	30.7629	9.12717	0.709877	31.7605	6.69171	0.221939	15.3988	8.11752	0.312011	37.5216	1.09028	0.127556	5.21973	5.88745	0.353334	16.6759	5.95856	0.419833	24.6978	8.30596	0.317615	21.8292	6.49189	0.542574	14.6305	4.09473	0.49038	12.3766	3.69739	0.834541	18.3216	5.29112	0.241727	22.2515	3.89667	0.633218	18.8014	3.07234	0.953547	12.4398	7.88118	0.646581	16.3716	3.11091	0.22536	8.06557	
8.55643	0.174964	23.5726	8.57449	0.997265	18.3086	3.56732	0.933926	14.9841	8.17306	0.973052	25.5514	4.95392	0.193224	14.6296	6.0429	0.949989	16.2528	8.28539	0.890561	26.0838	7.94229	0.977574	37.4711	7.95656	0.661139	34.8901	11.5551	0.976111	51.7484	6.63969	0.236072	31.731	10.5782	0.157514	32.885	3.6478	0.346324	16.8856	4.63141	0.679676	22.5931	6.58391	0.956788	14.6965	10.0893	0.981841	45.1206	7.96472	0.725207	25.2083	4.6969	0.679643	21.6468	0.999066	0.981632	3.4693	4.01226	0.799238	16.6229	6.5573	0.565332	29.8879	4.23489	0.197523	17.757	9.33042	0.259815	30.8116	5.36778	0.693224	21.6838	
1.78252	0.171896	6.21682	4.36602	0.995507	16.738	6.70233	0.116434	30.0743	4.4927	0.998715	10.0448	8.84799	0.818072	39.2127	6.26869	0.920206	17.4472	3.91909	0.537462	8.64186	7.84773	0.743716	32.0302	6.96327	0.691679	23.5754	1.73289	0.870335	6.29024	7.00642	0.567129	21.7277	1.38909	0.179694	5.03076	6.97102	0.200307	34.2819	9.23207	0.614038	21.355	5.52676	0.40624	25.7437	1.76504	0.604748	5.61605	3.23197	0.816643	6.74498	6.26004	0.814	31.2513	10.4497	0.832228	46.4367	9.12076	0.184084	44.2914	4.41543	0.302559	10.3962	6.13894	0.216194	15.0989	2.95833	0.446776	11.0589	4.97138	0.11012	11.54	
2.13365	0.701217	7.48938	1.55311	0.579286	3.50868	4.41601	0.423597	12.3259	5.64889	0.326377	20.9703	7.96958	0.181374	17.7638	2.52519	0.24084	10.9483	0.989811	0.905405	3.87106	8.41561	0.157403	26.3845	7.6849	0.69073	33.8428	4.41497	0.422586	17.4454	7.06133	0.515166	30.1306	3.4009	0.787916	9.65936	3.87837	0.311363	10.8149	8.1858	0.236656	21.6835	5.57036	0.453902	27.627	4.78075	0.782254	15.3072	4.20588	0.616563	13.786	5.01253	0.246881	15.0026	7.99234	0.334936	17.6521	7.83089	0.373468	31.0976	0.948155	0.726466	3.54872	4.24091	0.768751	17.4109	5.13745	0.425103	15.5572	2.37446	0.115012	9.96416	
8.10111	0.269853	31.3598	8.7902	0.194788	20.1973	3.10594	0.355361	9.39828	6.90354	0.954526	28.451	3.15786	0.222216	7.08073	6.61456	0.376168	25.0823	8.39508	0.539328	31.1715	6.22904	0.391544	20.7484	6.33151	0.639768	15.4748	11.1281	0.202229	40.4899	5.0253	0.179512	23.3396	10.2097	0.224426	50.6767	3.99422	0.552097	14.1972	2.81951	0.545886	7.45812	5.24543	0.455202	21.7832	9.20094	0.172662	23.0334	6.97946	0.253637	18.7799	3.55846	0.821213	7.27378	1.11875	0.876977	3.8451	2.20491	0.770841	9.43475	6.58789	0.142859	20.4797	3.52576	0.588275	9.01489	8.26707	0.254681	19.188	5.15305	0.253067	12.4717	
2.89984	0.149645	8.70111	5.71517	0.772702	14.6048	4.11872	0.883285	19.9641	1.39092	0.422013	4.85901	5.25753	0.623045	13.8116	5.96111	0.675102	19.1497	5.10863	0.261237	17.853	4.43825	0.335326	16.451	3.60595	0.23122	17.7368	5.34615	0.648176	16.2393	3.40607	0.907416	7.68175	4.71692	0.217305	22.9876	5.16571	0.655389	23.5725	5.66729	0.912121	19.2793	1.89996	0.315786	8.79664	2.68153	0.870154	6.42915	0.437217	0.831806	1.02154	2.99822	0.265273	13.538	7.51946	0.869891	25.4019	5.62783	0.164563	24.6362	4.1362	0.846449	11.9629	3.37677	0.735173	11.4396	1.75837	0.1701	6.43643	3.40467	0.31949	10.1696	
1.42952	0.431806	3.77817	2.74598	0.865184	7.50583	6.29555	0.1105	24.983	5.44387	0.485486	13.5556	9.13923	0.889073	35.1445	4.95607	0.504098	11.9958	2.365	0.606589	7.23427	8.70273	0.332838	22.7668	7.85298	0.404663	17.1864	1.95181	0.762511	7.43409	7.63195	0.244727	37.5394	0.935511	0.307439	2.23888	6.16918	0.152658	20.6902	9.45979	0.715969	19.3366	6.07929	0.57784	13.9483	3.27749	0.415106	13.5191	3.98133	0.863368	11.2595	6.30048	0.119523	15.3016	10.0417	0.34749	38.6386	9.23955	0.531742	44.9371	3.32135	0.181406	15.738	5.88423	0.246712	12.2803	4.22118	0.578186	19.111	4.32255	0.885345	18.9469	
1.60584	0.312775	6.1421	4.35605	0.400122	9.31921	4.02535	0.742459	19.7457	2.7335	0.718787	8.27989	6.16737	0.964338	19.2766	4.88889	0.975308	24.318	3.75014	0.980404	17.0794	5.76647	0.717903	12.114	4.95584	0.3505	11.889	4.39252	0.312174	16.6989	4.61447	0.240162	16.6712	3.61573	0.7437	13.5357	4.64167	0.806575	20.2209	6.51941	0.984472	18.1396	3.05796	0.985166	8.30695	2.58076	0.607993	12.2551	1.26638	0.94958	2.65392	3.47374	0.186244	12.3976	7.71784	0.157391	26.4033	6.36427	0.875097	30.3791	2.96187	0.385392	13.5818	3.39796	0.242274	7.81854	2.36182	0.897429	7.05921	2.6589	0.242519	11.6225	
0.636356	0.177855	1.89349	3.20634	0.900244	14.3564	5.69568	0.14971	24.2026	4.53269	0.550955	16.065	8.30991	0.73582	36.1801	4.96666	0.183232	14.5398	2.70258	0.652142	10.5387	7.79079	0.341175	18.5921	6.93982	0.509119	31.4726	2.39457	0.818206	6.95747	6.73692	0.866516	13.7624	1.49425	0.190086	6.94716	5.78289	0.129227	17.5836	8.64749	0.947245	24.3017	5.18864	0.294411	20.7557	2.56722	0.365334	5.4366	3.06804	0.563745	12.8429	5.5268	0.345478	13.013	9.46071	0.714322	41.9861	8.45699	0.351015	34.9207	3.12704	0.517827	14.3465	5.21404	0.709676	12.9432	3.3683	0.571618	10.8887	3.82766	0.470284	11.78	
6.98835	0.862932	31.7901	9.60509	0.17404	32.2559	5.62792	0.530315	21.3673	3.02807	0.194336	8.54138	3.15415	0.910456	14.0712	9.10097	0.181139	37.9444	9.00725	0.538257	23.4982	0.350173	0.158044	1.51843	0.594316	0.685307	1.69537	9.24379	0.646663	25.7084	1.2587	0.948072	5.68336	8.73926	0.809993	34.8297	7.26222	0.647241	20.8244	3.64136	0.771334	11.7097	2.50565	0.282519	7.188	6.07016	0.202447	25.8352	4.3838	0.500601	14.0359	3.90182	0.303641	14.2768	7.21765	0.304385	25.3043	4.07123	0.347573	15.9721	7.66183	0.293516	27.5012	5.01735	0.651885	22.5167	4.71765	0.402074	10.2527	6.37803	0.557491	28.2196	


# This instance was randomly generated with the following parameters: 
# SIGMA_MIN=0.1
# SIGMA_MAX=1
# CAPACITY_OVER_DEMAND=1.5