11	22
73.3524	1120.67	119.131
63.9298	1339.35	151.655
72.3941	933.261	82.1689
100.251	897.13	73.5576
59.1576	1252.95	144.218
114.286	565.439	28.7437
42.4921	1237.24	149.541
93.5624	585.667	33.3199
95.3871	1167.95	122.604
18.5096	793.525	52.5371
126.409	610.149	30.9439
1.92008
6.78743
11.5238
3.65033
8.00692
6.53752
4.47078
8.59811
6.35746
14.2905
9.93968
14.45
10.7039
12.9488
1.80721
6.97161
14.1958
13.6789
0.904998
11.5822
15.0155
13.3423
8.46462	1.5117	38.1058	5.0352	1.73754	25.1019	6.27682	3.56252	16.1532	2.24024	2.72761	9.90011	1.52857	3.15791	4.12519	5.62976	3.04347	27.0965	1.54137	1.89407	7.419	5.13323	3.72259	12.9177	4.0961	2.9353	20.3663	5.69039	3.11569	20.7616	6.30416	3.4032	20.3733	1.09432	2.2569	2.62038	7.92409	1.04245	34.4906	4.91308	2.41456	16.2103	1.84147	3.00268	9.02186	4.87717	3.68202	12.7546	4.90481	1.6526	21.5452	3.79127	3.56139	16.3496	2.63711	1.38732	12.1624	6.94094	2.30193	19.2753	1.55564	3.46057	3.76035	3.17121	1.35135	15.3819	
5.21785	1.13353	16.3379	4.24968	1.00249	14.0258	9.45992	2.49494	30.3191	6.05768	3.74884	13.4692	5.03392	3.11471	14.1642	6.26087	3.46406	19.4196	4.59764	3.7549	14.4249	7.56912	1.37585	18.8349	7.58482	3.23365	27.0408	4.54344	3.49332	17.6133	2.46712	1.53448	8.76091	4.61595	2.34103	9.38862	2.67054	1.97476	10.7643	6.11958	2.24796	14.1621	3.78847	1.62908	7.5985	2.15746	3.75457	8.44087	6.97656	2.91225	16.3701	1.81198	3.15704	6.89068	6.17205	2.32482	27.4607	7.48226	1.10562	32.6273	5.99145	1.02171	17.2071	6.2846	3.52962	14.0626	
7.12187	1.36486	20.4474	3.49056	2.99033	15.4848	3.82718	1.19066	9.42975	0.488109	2.34603	1.85491	4.10006	2.54439	14.4774	3.24181	2.77733	10.2904	3.93422	3.7023	10.1066	2.45824	1.06314	9.53788	1.66314	3.77099	5.6017	4.0465	3.92451	9.20499	7.69137	1.04819	17.6394	2.25158	3.73455	5.47859	8.71505	1.46971	41.279	2.46795	2.64438	8.9975	3.65194	1.11772	12.7608	4.48053	3.48862	16.8461	2.24224	1.47924	9.25346	4.27691	1.91005	11.9907	5.31673	1.39792	13.1938	4.41665	3.99309	19.845	4.22226	3.45844	12.3316	5.84896	3.56822	15.7135	
6.89673	3.53371	15.9723	4.6363	3.9422	10.0006	8.6613	2.94611	24.2961	4.72276	1.07358	22.8109	2.7486	3.38216	11.4848	6.30627	3.32899	28.444	2.33511	2.98129	7.71243	6.97091	1.3042	34.3437	6.54873	3.22746	16.4705	5.17365	1.85678	20.8433	2.87159	2.4177	13.5285	2.88506	2.83727	13.0572	4.45928	3.67887	14.713	5.89116	1.13052	22.173	1.65842	1.45536	4.53125	3.053	3.0808	9.92081	6.47675	3.37397	13.8698	1.48824	2.83508	6.99266	3.84882	1.89636	17.5415	7.68425	2.79888	16.9099	3.71232	1.43723	14.7129	3.98442	1.96397	17.1056	
8.58313	2.21635	23.9686	6.37276	3.32582	17.0337	9.9255	2.92818	43.8426	5.82486	3.99396	12.3346	2.69167	1.78526	12.1846	7.95325	1.29279	31.1892	2.50077	3.48548	6.37148	8.38191	1.6503	32.2709	7.74394	2.69628	22.8047	6.92451	2.36826	25.3491	2.79167	1.95297	10.2715	3.87253	2.45921	11.3172	4.96387	2.22866	20.6126	7.47389	3.03226	20.5401	2.45003	2.76516	9.45036	4.79397	2.9902	23.3484	7.94529	2.48724	31.4638	3.24521	2.56864	8.98487	3.10853	2.61886	15.1821	9.3454	1.06431	19.3304	3.50837	3.48372	16.3042	2.99785	2.4276	14.6372	
0.965562	3.99785	4.5571	2.79587	1.35345	12.8687	8.11136	2.45973	35.0086	6.61031	1.69356	21.5532	7.92352	3.32511	35.9053	4.1623	3.65738	19.5133	7.48057	2.47569	31.1672	6.24699	1.64168	21.5488	7.0988	3.37233	30.5046	2.31985	2.2266	4.96889	6.80227	1.11177	17.6512	6.42441	1.31406	22.9703	5.92599	1.98244	20.3518	4.60521	3.37799	9.49728	6.58208	1.60688	25.5439	2.94253	1.84936	7.90367	5.64713	2.35202	20.7343	4.51871	2.00841	9.62866	9.34845	1.08566	24.9498	4.68945	2.65342	19.3708	8.70803	3.74503	24.8868	9.65645	2.1838	31.633	
1.4233	2.22028	5.23572	2.2171	2.3987	6.24854	7.38645	1.25627	27.6773	6.05181	3.47536	29.4133	7.6533	3.38874	37.9422	3.43714	3.27534	14.0349	7.22231	1.15893	33.1618	5.53392	2.15793	26.2293	6.42851	1.5536	24.76	1.66844	1.75202	4.64257	7.04944	3.32324	25.913	6.03819	3.06949	16.3077	6.38412	2.37279	30.0025	3.90495	2.70749	8.26102	6.3424	3.05385	27.6633	2.8502	3.35574	12.2374	4.94047	2.11562	17.2941	4.42308	3.24985	11.7345	9.09834	1.71661	20.1521	3.9694	3.44656	15.9349	8.38921	2.31379	37.2001	9.43975	2.42839	44.5704	
10.4001	3.17673	28.8329	6.98039	2.8294	14.7807	7.37099	1.69941	29.4711	3.80474	1.31315	18.3142	2.06306	3.96537	8.79592	7.44463	2.96632	16.0334	2.45783	1.60596	6.36984	6.61875	2.82386	18.6682	5.35038	2.74036	25.6808	7.63458	2.00895	20.6053	7.29829	1.31216	15.4438	3.02903	3.55007	10.6943	9.21599	3.19808	25.733	6.69649	3.43921	27.9445	3.25353	3.38179	14.5395	6.73362	1.7309	31.239	6.51498	2.66437	23.7431	5.48517	1.07093	22.3696	1.84583	1.23706	4.50273	8.69473	1.01579	30.9616	1.12471	1.53694	4.06767	2.34564	2.01757	10.5361	
1.60936	3.48596	7.61002	3.01333	1.95643	10.1358	8.60202	2.33599	28.3044	6.66836	1.16604	24.5005	7.54327	2.07059	35.1826	4.68902	3.83914	13.9594	7.09071	2.16416	26.3549	6.68767	2.94597	31.3159	7.3912	1.50544	15.7355	2.70242	2.5071	7.70915	5.96819	1.07044	17.712	6.21474	1.26024	27.498	5.0229	3.24468	10.4318	5.01921	1.91032	13.6004	6.18179	1.20256	29.8492	2.49555	3.91215	10.3663	6.06837	3.1088	20.8989	3.99976	1.36552	15.056	8.932	2.53856	36.8816	5.39132	2.77735	25.397	8.38087	1.60278	35.4312	9.19941	2.02865	28.8785	
7.87061	3.17295	32.862	4.98772	1.34121	13.0629	0.7787	1.89415	1.94311	3.84365	3.85677	7.90634	7.54461	3.22145	35.4086	3.18146	1.68818	8.07871	7.40432	2.62033	17.1211	1.27908	1.14561	4.85745	1.99239	1.49787	9.41296	5.1521	2.97476	17.8986	10.8478	1.79156	45.5816	5.72422	1.49663	22.4456	11.4701	3.602	39.4634	2.88092	1.08314	9.05561	7.10607	1.23898	35.423	6.85418	1.04191	23.882	1.88918	1.55999	4.37252	7.26869	2.82284	24.3318	8.66156	1.54538	35.3949	3.13761	1.72093	12.3537	7.53711	1.83642	27.1668	9.21031	2.56893	20.1337	
8.84298	2.15555	31.4119	6.13427	2.13682	28.0082	8.93612	1.14132	44.3524	4.80678	2.13422	9.70531	1.34648	2.36865	6.05044	7.44043	3.43617	26.1005	1.26331	2.7254	5.89192	7.54501	1.30064	33.2953	6.73705	2.14478	18.808	6.74801	1.5002	32.7674	4.08906	3.95379	15.0506	2.90239	3.4146	6.01379	6.14266	1.91956	30.1171	6.86458	3.64825	23.8237	1.63073	3.63908	4.14913	4.94512	3.02357	15.7677	7.17822	1.85013	27.2749	3.37697	2.36197	7.98262	1.86342	1.36683	4.36725	8.83617	1.04997	33.0109	2.131	1.75443	6.72963	1.92151	1.6099	9.34685	


# This instance was randomly generated with the following parameters: 
# SIGMA_MIN=1
# SIGMA_MAX=4
# CAPACITY_OVER_DEMAND=5