9	18
83.209	1170.25	124.342
78.801	972.422	83.984
18.5616	1083.17	101.185
87.0375	1222.37	148.099
81.963	808.207	54.4389
174.137	1164.8	124.619
112.646	835.709	64.6509
114.978	775.489	56.8408
11.004	1290.23	156.175
9.03174
5.87399
17.6674
12.4695
4.04419
13.412
16.1327
14.6378
10.7076
18.027
0.210679
1.00295
2.07225
9.4114
15.6451
11.5168
7.54002
13.4637
6.49289	2.77947	16.3781	4.95934	2.12649	18.5077	7.36508	1.28575	33.3245	4.2248	3.35196	13.1798	2.5872	1.58857	10.1049	5.39398	3.5513	25.4676	2.87794	2.2688	13.6527	6.61798	2.11605	31.3422	2.07676	1.95487	5.10411	4.34382	2.12632	19.37	1.94877	3.82686	6.83129	3.30894	1.34192	11.8099	4.28339	3.92223	10.9517	4.0627	2.51909	17.6999	3.94582	1.89548	11.2681	6.38967	3.03836	14.3097	7.33356	2.38463	22.459	5.15015	3.60964	19.261	
4.1402	2.63244	19.8456	2.98044	2.32796	13.0937	7.31313	3.4521	16.6784	6.08226	1.01956	16.5045	2.94671	1.03862	9.30571	4.3936	1.67917	19.6751	3.73461	3.38574	14.665	4.02612	1.22201	19.0413	2.96423	2.93341	11.4302	3.33311	2.80471	8.62469	3.28854	2.92722	11.7956	4.78169	3.67349	18.2614	6.86342	1.09245	21.3096	4.81026	2.13663	23.1403	6.23622	3.96576	18.8124	3.82114	3.58338	11.3727	7.00126	1.71671	24.8367	4.75883	3.10999	16.1357	
6.32837	1.80038	20.326	5.61104	3.90354	20.497	6.41138	2.71591	21.7647	3.36318	1.82337	12.9106	3.57266	3.34116	15.3105	4.69959	3.4824	14.4614	3.88647	2.6134	10.3169	6.70885	1.80206	16.9105	1.16838	2.34919	3.99607	3.71959	1.37451	18.1403	2.95211	2.60831	13.8523	4.25331	3.7071	9.37304	4.09093	2.22674	10.0954	5.06746	3.5658	20.8404	3.33748	3.22607	8.9639	6.71231	3.42757	19.8362	6.42461	3.90723	21.6376	6.12179	1.65641	14.4715	
5.1728	1.35355	16.72	2.35659	3.59194	7.12614	8.51656	3.30566	29.0045	6.64725	2.98252	30.3972	1.78427	1.24497	5.01549	5.684	3.47853	24.025	2.61594	2.96779	12.3074	4.70455	1.74369	10.7634	3.75913	3.86504	10.3187	4.61228	2.6541	11.9731	2.41899	2.74069	11.0178	3.77256	2.15375	9.66269	6.81138	3.93683	18.3835	3.59378	1.47803	17.163	6.53378	2.2623	25.799	4.06225	1.54648	10.7198	8.24602	1.14429	31.6329	3.47747	1.52829	14.4264	
9.34094	2.77349	24.6103	8.0705	1.48845	26.2964	7.96343	3.90748	17.2323	2.90664	1.6198	6.23331	5.10435	2.07087	14.2757	7.28361	2.90752	24.102	4.88765	3.09376	11.6717	9.70576	3.26809	34.1193	3.80714	1.52692	13.6595	6.4681	2.17749	19.7539	4.06231	3.01181	8.50738	4.4161	3.60484	19.6234	1.09076	3.15637	2.6289	5.71178	1.06268	23.9996	1.66641	2.74613	5.02117	9.57863	1.663	42.1411	8.24935	3.86572	20.8688	7.49124	2.49503	32.268	
5.90791	1.66932	12.9012	4.15244	1.93189	8.72019	7.55164	1.64598	34.2614	4.91915	1.0508	17.6926	2.12331	2.94741	9.79672	5.24761	3.40034	24.5125	2.62585	2.65714	10.4968	5.90231	1.66211	28.43	2.34741	3.5847	8.47049	4.15772	3.41678	10.7077	1.83162	1.79456	5.4569	3.34733	1.13802	14.5817	5.0892	3.65705	23.0858	3.83217	3.21759	12.2384	4.73825	2.77486	13.1673	5.59873	3.49327	11.257	7.43386	2.73382	26.431	4.60978	3.59047	11.6284	
6.71714	2.28652	19.6973	4.35799	1.69385	20.6607	8.30687	3.54026	34.0185	5.17705	1.627	21.1589	1.5953	3.24454	7.5041	6.12048	2.8177	26.1612	1.87717	2.73375	8.07319	6.5864	2.58431	19.4521	3.02966	1.77428	7.29448	5.03518	3.07906	22.149	0.986492	1.91405	2.04278	2.47016	1.96437	7.24559	4.77236	1.37922	10.8832	3.07491	1.39079	15.364	4.7528	2.2689	17.3643	6.12174	1.4616	16.8873	8.23217	3.45384	29.3435	4.16302	2.26763	16.0197	
9.61122	1.92808	21.4759	9.26079	3.64354	33.6379	6.84783	2.97239	33.5314	1.52726	2.89155	7.26262	6.62579	2.02768	30.9803	6.94465	2.56168	23.2013	6.54348	1.16304	18.5376	10.2709	1.29453	24.2128	3.9907	3.46979	11.7569	6.3576	1.37969	21.9222	5.64817	1.43699	12.3681	6.20826	2.06123	15.3664	1.79699	2.15277	4.33063	7.46412	3.95391	21.4692	0.380437	1.62802	0.953085	10.41	3.49626	44.2752	7.27764	3.89745	29.585	9.12066	1.31591	42.8521	
6.86447	1.89727	30.3992	2.82327	3.65112	7.29889	10.1043	1.65971	38.5449	7.4761	3.34625	23.7335	0.760027	3.51786	2.99295	7.42709	1.55291	27.5141	1.30303	1.69638	5.31487	6.16672	2.21559	16.0202	5.02727	1.7564	20.8683	6.33961	3.91594	22.6676	1.82029	1.94666	3.9494	2.51502	3.22074	12.0792	6.83037	2.3262	26.7567	1.89875	3.29531	9.33935	7.03399	3.67959	33.2915	5.19737	1.18127	11.4435	9.89795	1.7284	38.4421	1.91489	1.39653	4.2927	


# This instance was randomly generated with the following parameters: 
# SIGMA_MIN=1
# SIGMA_MAX=4
# CAPACITY_OVER_DEMAND=5