12	24
109.359	878.173	74.5075
129.963	1193.49	133.531
65.9973	1049.19	96.9938
86.0556	1066.81	95.8682
28.1099	1152.77	115.206
176.831	1199.36	140.25
137.375	629.216	37.8278
159.959	1176.02	134.648
175.044	1128.32	114.073
143.515	1076.93	113.122
134.391	792.449	62.0828
18.9125	1164.27	119.213
16.4617
36.1894
19.3904
34.2929
18.9418
33.9421
18.1499
37.9914
44.0233
24.706
25.5571
26.107
0.0423799
4.91025
9.48267
30.5434
48.8468
22.885
27.3191
46.4205
45.3805
19.8321
13.0156
14.2305
3.80211	0.540566	16.6016	6.5249	0.622653	24.8762	5.20447	0.742741	13.8908	1.93161	0.525981	4.08649	1.30114	0.466264	4.92351	10.1489	0.489936	49.8854	3.62694	0.871888	15.1905	5.3922	0.737818	24.0213	2.33448	0.548487	8.99247	7.53727	0.773968	17.7388	5.0607	0.314866	22.1305	6.05751	0.756274	25.5489	7.70043	0.523578	16.1626	1.11268	0.33853	4.72463	8.66028	0.118809	35.3158	1.60043	0.948142	6.92099	10.2763	0.702395	28.4149	8.909	0.75459	35.3185	3.34264	0.84541	11.902	1.66531	0.602081	7.10189	7.4213	0.126866	34.0923	0.737566	0.932	2.5528	8.78223	0.818294	36.5728	3.82768	0.950226	8.60791	
9.55788	0.4915	29.1478	7.24353	0.915851	32.9682	6.38594	0.407645	14.9038	7.44852	0.549352	31.8305	6.38662	0.336611	13.3999	8.13319	0.919606	30.9904	4.70029	0.23943	14.199	9.60131	0.678423	40.1542	6.52248	0.734396	15.4171	1.81246	0.460593	7.38787	9.17656	0.748078	33.5643	10.8845	0.309478	37.0489	1.02759	0.543063	2.25852	7.48955	0.416497	23.2777	5.55829	0.485783	13.5541	6.77152	0.263237	23.1999	8.65826	0.984182	26.4277	7.53357	0.33042	36.7027	4.22383	0.815352	18.4555	8.32358	0.280164	24.4923	9.55185	0.42014	30.8592	6.85858	0.381017	21.228	4.14978	0.751157	11.4645	10.0328	0.153895	30.1816	
3.74509	0.861441	12.8555	1.38874	0.997131	6.53567	0.659286	0.484109	1.91987	3.3402	0.134551	7.08667	5.27638	0.749652	19.0114	5.20095	0.550466	22.4197	6.43121	0.836475	22.9035	2.78092	0.277729	11.4496	2.8667	0.781644	12.2872	5.78516	0.248865	28.7943	2.41834	0.649197	5.48133	4.09518	0.614758	9.02524	6.45701	0.285372	31.9037	4.11979	0.793885	19.5708	4.50482	0.294443	14.1771	3.58204	0.206487	10.6677	5.22404	0.78702	16.9289	3.93738	0.290296	10.0054	4.98507	0.47547	16.0901	6.8198	0.935922	25.25	2.80895	0.72766	12.8624	4.66126	0.5741	19.8737	5.48898	0.508911	11.7611	4.39652	0.426981	16.6242	
2.02304	0.352685	5.09848	3.4861	0.197872	13.7485	3.36415	0.812453	10.1155	3.50987	0.301055	17.3011	6.07097	0.714094	20.2269	7.08678	0.432018	29.2126	7.90887	0.690549	35.1864	0.0697995	0.230143	0.297489	3.79818	0.512745	16.9511	8.4432	0.20856	22.0735	0.369064	0.948011	1.16593	1.38564	0.648775	3.6012	9.06912	0.106337	31.1313	4.26517	0.737428	9.92565	7.0417	0.782739	26.2904	4.21375	0.808282	14.6389	6.90341	0.696541	22.9665	5.91078	0.737381	22.4807	6.68573	0.423641	27.2952	6.88867	0.633371	22.1143	2.6041	0.30221	5.80192	5.20296	0.39811	23.86	8.17428	0.456737	31.8725	2.56928	0.92734	9.1312	
6.05564	0.380934	24.0306	6.76688	0.791865	19.0412	5.36667	0.88826	21.2006	3.70976	0.519821	9.79389	1.53042	0.476509	5.29783	9.72404	0.837267	33.7509	0.902271	0.322898	2.57851	7.08261	0.775932	20.5097	3.22705	0.73893	13.9003	5.46384	0.39813	15.9986	6.66897	0.470334	19.3129	8.07648	0.839873	23.8588	5.39593	0.525657	12.0026	3.27582	0.811588	6.81497	7.67235	0.237316	25.917	2.90702	0.79078	6.54419	10.0132	0.904562	28.0872	8.61308	0.463292	17.5022	1.04284	0.285837	2.90644	3.30836	0.111175	14.178	8.40544	0.902011	35.2885	2.31568	0.308436	10.122	7.2613	0.533778	21.4652	6.28708	0.328166	14.0756	
7.17601	0.801631	33.8854	6.61353	0.129009	25.2364	5.3266	0.152618	17.1528	4.85373	0.7233	22.1763	3.2325	0.911133	8.59973	8.96207	0.317682	40.8225	1.57233	0.712938	6.72981	7.79717	0.426378	20.8551	4.09318	0.225706	8.34147	3.87023	0.564282	18.602	7.36312	0.18947	34.3555	8.94469	0.920136	22.1668	3.67984	0.47549	14.5208	4.6558	0.117773	16.7038	6.65251	0.571207	23.1774	4.07034	0.823804	8.2902	9.34042	0.518184	28.7725	7.98333	0.233715	31.3677	1.19354	0.805551	3.0016	5.10112	0.208043	20.6413	8.5992	0.99975	20.9178	3.84681	0.197886	12.7865	5.92587	0.696009	28.3359	7.52499	0.387843	35.7739	
4.42294	0.560082	18.2975	1.50136	0.334482	4.75656	2.46034	0.90269	6.14093	4.95273	0.809692	16.3164	7.17332	0.319714	16.3145	4.54398	0.452816	14.3126	8.43992	0.321286	34.1992	2.60891	0.604926	10.9416	4.71345	0.908229	12.1069	7.2446	0.17662	25.3326	2.52976	0.241565	6.0831	3.62216	0.178642	16.2815	7.99989	0.688627	22.3055	5.77376	0.708296	17.6081	4.92424	0.408203	12.9348	5.37818	0.538623	22.187	4.33273	0.179288	15.4279	3.4231	0.804731	10.485	6.99494	0.50487	17.8191	8.52893	0.645059	34.2835	0.861268	0.183366	1.82278	6.4735	0.175505	18.8768	6.33954	0.990388	27.5277	5.04199	0.195457	23.1967	
4.56845	0.936922	15.2463	2.79281	0.376692	5.71639	1.44401	0.682058	7.09337	3.04284	0.61471	14.0876	4.01892	0.422245	18.4259	5.90653	0.805839	21.5103	4.67703	0.570545	14.9852	4.35787	0.700948	9.40638	2.14379	0.63788	4.64459	4.26682	0.923537	12.6701	3.93386	0.388661	11.9001	5.64552	0.420734	20.4144	4.82017	0.993889	18.4264	3.57312	0.894203	7.57416	4.32218	0.887318	10.0056	2.81405	0.967921	7.62194	6.11899	0.870679	23.1868	4.71758	0.718364	14.7798	3.18401	0.612944	10.6594	5.89958	0.95278	21.81	4.72078	0.952873	19.9068	3.68508	0.742903	12.4291	4.6916	0.586907	18.4958	5.14176	0.790926	24.7329	
0.423388	0.662984	1.42069	4.8704	0.782321	12.6991	4.30759	0.470856	11.5794	2.72992	0.262357	8.42245	5.21131	0.114822	21.9878	8.64447	0.556932	19.7151	7.34017	0.372054	22.131	1.73244	0.234094	7.08218	3.42432	0.716609	10.6306	9.0106	0.257981	44.3456	1.70627	0.369159	6.47426	1.86734	0.797318	7.91608	9.52451	0.617094	43.1713	3.2723	0.998239	15.1197	8.25969	0.791649	33.7994	3.53679	0.743196	14.6853	8.51594	0.455243	30.9477	7.4236	0.398019	24.2085	6.35857	0.351438	27.7099	5.57551	0.49293	14.142	4.3421	0.754525	16.0566	4.29349	0.425036	15.4581	9.16732	0.7766	38.9305	0.829942	0.479396	3.87559	
2.53744	0.92729	11.6327	4.44685	0.896025	11.5017	4.53565	0.943966	12.2978	4.52004	0.327228	13.6291	7.09263	0.842211	28.1182	7.76719	0.687086	26.6926	9.03874	0.221347	32.5981	1.16274	0.903878	5.48056	4.93706	0.813154	24.2304	9.64551	0.211806	29.192	1.59553	0.350114	4.79993	0.427531	0.710446	1.22693	10.285	0.506763	35.874	5.20785	0.27878	10.9929	8.03031	0.299209	18.9464	5.27632	0.788663	21.3782	7.50132	0.154578	24.2225	6.67135	0.136593	14.982	7.86478	0.61385	30.7556	7.67668	0.67599	34.562	2.94198	0.855252	11.9489	6.1956	0.911304	24.2525	9.26279	0.475877	42.0775	2.85847	0.570375	5.83449	
5.59744	0.993566	14.323	1.68985	0.332808	6.56213	3.04387	0.76728	10.0964	5.99839	0.367296	26.3936	8.07717	0.234637	26.3629	3.49786	0.432403	15.7017	9.13196	0.925675	34.9637	3.76091	0.758596	15.7214	5.6501	0.267085	20.9428	7.20146	0.63532	16.0832	3.70264	0.358571	8.82195	4.68166	0.712471	9.80358	8.00221	0.926605	17.519	6.81124	0.199888	28.9547	4.35277	0.611288	16.851	6.34848	0.551451	23.6052	3.2198	0.360824	8.36068	2.50492	0.501309	5.53436	7.6478	0.777406	27.3585	9.55444	0.916036	20.0924	1.39871	0.620309	4.33709	7.43883	0.83444	24.6852	5.9293	0.851646	19.6318	6.21677	0.229884	19.0735	
1.21889	0.401731	3.57231	5.81217	0.630704	14.1058	4.90982	0.453495	11.2099	2.04493	0.672893	9.04965	4.06498	0.82065	15.2074	9.66321	0.440849	39.0331	6.34649	0.657524	27.0766	3.23088	0.714415	8.86148	2.99199	0.156967	11.0122	8.97596	0.471642	27.3824	3.07718	0.348317	13.0004	3.44061	0.686891	14.8138	9.36875	0.385861	22.9875	2.19624	0.734974	5.01972	8.89109	0.987706	24.7538	2.7622	0.349608	11.4883	9.61496	0.728701	39.3536	8.40765	0.605605	24.005	5.62481	0.899149	18.281	4.0598	0.342956	9.76871	5.7554	0.579542	18.5833	3.17112	0.291646	11.6728	9.54165	0.554477	29.0866	0.963306	0.613712	3.57651	


# This instance was randomly generated with the following parameters: 
# SIGMA_MIN=0.1
# SIGMA_MAX=1
# CAPACITY_OVER_DEMAND=2