8	16
27.1925	771.72	52.7098
36.7622	1225.03	140.03
154.962	917.332	73.0383
76.103	1178.18	115.099
175.088	783.352	58.5325
6.81538	1301.63	152.821
66.3919	1155.16	129.982
91.3708	1001.04	87.9308
8.65765
11.1194
11.016
5.99876
9.53279
1.94069
15.1585
19.4545
1.47326
13.9222
14.6685
1.72788
18.9996
13.0583
14.6006
0.699973
3.24403	0.285374	9.53116	1.642	0.732625	7.37439	4.29609	0.656708	9.07277	4.73914	0.610885	22.7233	5.29423	0.169468	25.2189	6.45909	0.622145	17.9787	6.8955	0.26296	22.8584	1.94882	0.773638	8.0296	4.98381	0.355988	15.2417	2.80539	0.739124	10.8047	9.10493	0.364159	40.682	4.11372	0.490379	8.9611	6.79764	0.593055	33.2951	4.49611	0.434141	12.0246	5.17981	0.777185	15.8068	6.28322	0.805072	25.2773	
5.16119	0.659018	14.7552	5.17813	0.656478	16.6562	7.56096	0.866371	31.6769	2.782	0.915268	7.68797	1.85373	0.668044	4.4404	6.39167	0.888276	28.8116	2.96082	0.107753	6.5048	5.87264	0.322938	18.5235	6.20924	0.681451	13.9346	5.59271	0.614996	23.0855	6.60954	0.346126	25.9219	4.48956	0.855806	15.3628	7.00003	0.125099	22.9884	4.02741	0.410795	13.8241	7.87673	0.296788	25.3406	3.41446	0.667655	10.888	
8.58025	0.264664	30.8642	8.44198	0.57797	42.0671	9.2472	0.664293	19.2419	4.58339	0.310036	22.1556	3.806	0.464492	18.5037	6.76487	0.903359	33.3413	5.64301	0.471524	18.0999	9.1909	0.665487	41.6436	7.37382	0.247515	30.7125	8.99	0.704881	42.3353	5.23584	0.91366	20.3739	6.13687	0.907145	30.2384	7.3071	0.468606	25.3819	5.54164	0.683374	24.4068	9.22988	0.209206	32.1164	3.7345	0.205161	8.44503	
7.75251	0.668181	18.9848	7.09875	0.649345	26.2438	6.59072	0.282103	15.3894	2.53246	0.96872	7.38155	2.31354	0.467845	11.3751	3.96765	0.7377	8.38116	6.39205	0.496647	20.7647	7.9187	0.229351	34.6404	4.63152	0.502572	22.6606	7.99306	0.620544	26.0205	3.17798	0.78248	12.163	3.6433	0.692495	18.0007	4.52132	0.462821	19.1674	3.06251	0.937494	11.716	6.48608	0.475455	20.8287	1.07678	0.52988	3.72873	
5.75599	0.683193	21.7699	6.32369	0.710074	25.2092	9.58576	0.256928	39.1643	4.88292	0.398453	20.7788	3.95462	0.152457	9.48971	8.47129	0.244319	39.8382	1.72727	0.389103	7.05191	6.85294	0.22742	30.6217	8.30765	0.865324	28.2695	6.31708	0.650277	27.5036	8.34666	0.367565	20.7209	6.57176	0.837874	16.4197	9.07991	0.831136	22.298	6.12598	0.307765	15.7341	9.94815	0.614194	46.2985	5.39666	0.303078	25.8247	
5.98651	0.397155	13.7633	6.56724	0.349847	16.9131	9.79956	0.624551	42.3437	5.06942	0.100769	12.7955	4.13059	0.732907	12.5192	8.62801	0.377103	26.664	1.87015	0.84833	9.08138	7.0933	0.206948	28.8371	8.4967	0.795922	42.1961	6.55098	0.25519	24.8517	8.42014	0.228329	40.2488	6.76968	0.29787	26.4531	9.23636	0.835678	34.1534	6.31483	0.810058	20.0594	10.1508	0.650011	46.4295	5.52774	0.82221	22.8206	
4.19447	0.524377	11.0958	3.25238	0.829329	9.14932	4.61824	0.984891	10.1938	1.36795	0.804969	6.58909	1.85091	0.832687	5.5636	4.50452	0.184989	21.4986	5.07579	0.224469	12.6275	4.07931	0.766615	13.451	3.69417	0.377679	8.35604	4.29249	0.579415	17.0203	6.2277	0.110124	20.5697	1.93646	0.584847	3.90046	5.05083	0.512822	13.632	1.82141	0.793076	4.9783	5.07847	0.746655	22.9568	3.00457	0.353884	6.5165	
7.67582	0.295417	19.0242	6.16089	0.720235	27.9138	1.47674	0.723008	5.10304	4.14962	0.409572	15.3066	5.11734	0.376063	12.7278	2.04855	0.140591	9.81584	9.33213	0.429078	46.296	6.82047	0.986353	21.7111	0.774435	0.450969	2.77581	7.48065	0.254416	33.863	5.33285	0.417852	20.0074	2.44717	0.353137	5.44972	2.05267	0.219714	5.65078	2.90391	0.358734	14.2526	1.08864	0.83375	2.243	4.41282	0.477141	14.1513	


# This instance was randomly generated with the following parameters: 
# SIGMA_MIN=0.1
# SIGMA_MAX=1
# CAPACITY_OVER_DEMAND=5