6	12
46.0786	851.345	61.0792
150.06	1098.41	117.744
171.274	1313.32	147.099
47.7383	846.435	69.6678
6.89364	990.575	98.0647
55.5196	1285.51	138.96
5.52436
6.29866
7.22473
1.42576
7.20171
6.33887
7.89487
4.11291
5.11549
3.98623
5.68572
2.45215
6.49949	1.25933	26.7602	7.14791	1.47846	28.2249	8.58774	1.6452	21.3989	10.9885	2.68932	25.3714	1.9306	2.75242	7.40774	3.00852	1.55085	14.4402	6.6274	2.1929	19.4573	6.3207	3.00787	18.9852	6.7381	2.54225	13.6745	5.1915	3.44684	19.8788	3.34914	1.81511	8.61863	5.01743	1.03274	15.632	
3.56573	1.51679	17.1826	3.98225	2.46877	13.5342	6.18546	2.45152	29.7617	8.0743	3.67502	21.946	3.27298	2.61626	13.2292	3.05798	1.65672	7.31231	3.41452	2.42784	12.7558	4.66474	3.99576	13.2597	5.62383	3.15255	11.891	1.98836	2.1372	4.71331	1.16563	2.93521	3.2262	5.20308	1.25702	22.1648	
2.97379	3.82072	9.8439	1.67889	3.70799	3.68223	4.11029	1.12646	17.7033	4.22391	1.49539	13.2961	7.49249	1.6861	29.9857	6.2867	3.50503	15.2571	1.18924	3.08509	4.09002	4.91988	1.5302	15.1969	6.206	1.04048	27.3673	2.55911	1.09896	5.98988	4.79736	1.93982	14.4878	7.49838	3.39895	23.7812	
6.91574	2.19401	17.8346	5.8145	2.23279	13.7561	0.122369	2.26584	0.544644	3.22264	3.81763	7.99533	9.48519	1.37951	43.8094	6.0757	1.31467	16.4714	4.96877	3.81127	20.5129	2.76279	3.54967	12.0989	3.49074	2.60349	10.4014	5.52305	2.42279	15.9615	7.283	3.50264	15.1246	5.85996	1.44466	17.3208	
8.38807	2.14447	36.1391	8.20618	3.13054	27.6033	5.97842	3.26895	20.8695	9.13519	1.49751	40.5973	6.64179	1.10961	24.7453	2.21772	2.81305	8.39668	7.27455	1.92234	24.375	3.29603	1.60393	12.913	2.73325	1.40861	12.9249	6.42729	2.57321	28.1528	6.2413	2.18114	14.8945	0.18415	2.65486	0.393628	
4.23797	3.60296	16.0101	2.87541	2.11948	14.0944	3.97315	2.50764	11.2385	2.9811	3.07887	9.08451	9.00823	1.77122	20.0513	7.52281	3.9145	19.8406	2.67859	3.34737	11.1086	5.5674	3.81208	19.9687	6.78222	1.48204	16.1206	4.07556	3.63653	12.1211	6.31365	3.75983	18.5939	8.45145	2.48338	40.7743	


# This instance was randomly generated with the following parameters: 
# SIGMA_MIN=1
# SIGMA_MAX=4
# CAPACITY_OVER_DEMAND=10