9	18
88.3611	895.502	78.5667
87.2155	931.08	77.7778
171.836	467.29	20.9902
13.1432	1225.31	146.197
43.8146	901.142	77.1047
29.3108	919.203	80.3547
107.107	774.777	59.2745
40.7124	1164.15	127.818
94.9329	1124.15	106.562
1.58683
12.6531
7.9698
5.18567
10.1601
14.8948
6.73474
11.4188
0.297656
13.2338
10.1032
7.62188
0.287001
14.0344
1.11997
6.71209
15.7891
15.1261
2.05579	0.760296	6.0086	5.16245	0.34561	16.7346	6.66661	0.965252	20.5905	7.53602	0.506509	27.9175	8.89902	0.779242	22.7855	6.10227	0.873725	28.2978	3.36277	0.520763	8.56488	3.48245	0.907081	13.6112	2.41971	0.710428	5.08668	6.82306	0.256852	14.2044	2.34033	0.752761	6.35446	0.893373	0.855417	4.15388	7.99779	0.473994	34.0849	4.16232	0.311443	12.6174	1.38186	0.756179	3.4983	8.23576	0.785655	29.614	4.3566	0.556777	14.4784	5.9594	0.942143	15.8498	
4.99307	0.772253	13.0698	1.77398	0.874034	5.62414	7.6106	0.426105	36.7951	7.72186	0.949811	33.0186	4.99459	0.595909	14.2458	5.22081	0.478325	18.4496	3.59772	0.890492	13.7965	3.54611	0.533156	7.23512	5.14562	0.406453	24.5934	4.96169	0.410285	23.0528	4.94847	0.548861	20.2378	6.81995	0.823961	28.582	1.47612	0.971648	3.16297	5.78679	0.832885	26.6557	6.17512	0.395596	20.8236	2.50592	0.13622	6.75069	6.60406	0.2129	24.1604	5.69059	0.225007	25.2129	
7.25189	0.572319	15.4835	5.49481	0.539021	24.2337	2.6357	0.375971	7.68215	2.07125	0.859809	6.66927	2.46816	0.318463	6.51319	1.66976	0.223446	8.18664	6.60069	0.682451	23.6064	5.41644	0.583803	25.9333	5.4163	0.854632	14.8492	1.25375	0.574002	4.75958	7.5872	0.462073	22.3385	7.01919	0.524807	26.5135	5.59322	0.248341	22.1232	3.67368	0.311169	13.5251	6.37623	0.318402	20.9687	8.62201	0.670374	18.0181	3.88075	0.121567	13.3103	1.82553	0.797501	9.12683	
3.28942	0.743591	11.3254	4.23779	0.291348	17.7879	3.72605	0.744759	14.2121	4.5488	0.126309	16.1187	6.30903	0.716862	26.435	3.22587	0.578216	11.8585	3.56853	0.523621	10.3197	2.65196	0.984129	6.49782	1.21541	0.252689	3.77468	4.03607	0.922636	8.42812	3.72654	0.983079	7.99919	2.2131	0.636558	10.6409	6.57107	0.767489	26.2206	1.16141	0.795458	5.56852	1.6379	0.12287	4.53364	8.01951	0.27906	22.3372	1.45014	0.215128	6.48506	2.99793	0.141615	13.8823	
6.67551	0.892417	28.7025	3.34763	0.994614	11.5797	6.87636	0.899198	29.8348	6.68442	0.247818	27.4519	2.9201	0.532035	9.42936	4.4916	0.791598	13.6558	5.36201	0.325998	22.8908	4.80296	0.406275	15.4492	6.09318	0.605201	27.2505	3.87046	0.11383	10.9985	6.7559	0.147744	32.4661	7.97287	0.106421	27.5486	1.07412	0.8921	2.60706	5.89361	0.596843	24.3538	7.25714	0.562682	18.6031	4.40352	0.201171	20.255	6.62892	0.639252	31.1157	5.04018	0.968304	15.5988	
7.4105	0.186756	34.8983	4.28955	0.946923	14.0871	6.16599	0.266665	22.4912	5.79921	0.644372	16.0038	1.5694	0.173213	3.15115	3.96977	0.104237	16.5057	6.20703	0.789291	16.7351	5.42142	0.94646	21.994	6.43756	0.758581	27.5371	3.17758	0.974284	9.43471	7.56293	0.305792	24.7274	8.34062	0.478793	35.262	2.49829	0.5953	6.18943	5.76096	0.46256	20.6709	7.6133	0.378758	34.371	5.82834	0.349901	15.8648	6.39459	0.325571	24.8096	4.51	0.181759	21.9692	
1.87006	0.836313	9.12015	4.94541	0.69951	18.092	6.55149	0.422103	28.3352	7.40862	0.672177	15.5065	8.69828	0.978343	23.1704	5.92687	0.890393	24.7616	3.15754	0.296738	8.36699	3.26381	0.955943	7.34698	2.22452	0.578358	5.90006	6.63772	0.678369	25.6207	2.1749	0.619717	5.11067	0.848357	0.871838	2.62144	7.77951	0.796718	36.536	4.01374	0.570967	15.2222	1.23125	0.766186	4.63117	8.04152	0.322133	27.5423	4.24084	0.736203	18.2252	5.79642	0.219103	17.75	
1.59658	0.762685	6.57836	2.57129	0.718808	6.45621	7.70198	0.6419	23.7499	8.26425	0.453695	31.9482	7.59655	0.348232	21.2755	5.97409	0.529016	18.3198	0.951882	0.187655	2.79853	2.16327	0.955967	9.38455	3.21233	0.595116	13.72	6.29644	0.442647	18.0784	1.31945	0.470699	5.75148	3.9744	0.228741	18.3734	5.23256	0.882352	15.9842	5.06071	0.669618	19.6113	3.60422	0.871973	15.6439	4.65212	0.645594	16.8916	5.73986	0.893177	15.3185	6.16245	0.691573	29.5065	
4.79642	0.598288	13.0185	1.43824	0.447102	3.32584	6.98275	0.956749	24.52	7.09032	0.188828	18.4263	4.49281	0.873769	21.3423	4.58951	0.767503	11.5592	3.41865	0.315258	14.6028	3.16872	0.496466	13.7567	4.71432	0.175223	11.9203	4.33627	0.102178	14.7064	4.80686	0.725577	10.1966	6.46037	0.234453	20.5534	1.44112	0.924537	3.10791	5.2134	0.419068	21.4645	5.79043	0.973548	21.5406	3.13547	0.114199	6.58898	6.02734	0.231511	13.3559	5.06154	0.750486	14.2344	


# This instance was randomly generated with the following parameters: 
# SIGMA_MIN=0.1
# SIGMA_MAX=1
# CAPACITY_OVER_DEMAND=5