9	18
82.0842	1061.09	108.743
168.067	1029.87	90.5617
85.8244	614.096	34.0969
86.2468	727.647	49.4935
32.5313	1244.27	128.397
50.1536	407.017	15.1814
13.4245	1340.9	151.591
38.8646	1315.93	147.13
115.22	1137.98	111.831
5.10878
3.28757
17.8872
14.4845
8.15829
13.0215
13.2746
15.1895
0.501791
3.64658
5.41596
9.27934
5.10197
11.9353
2.61669
16.7595
10.0785
11.6576
1.56186	0.349504	5.61755	1.97487	0.28664	5.45469	7.13765	0.400022	35.4861	5.44469	0.625029	15.2065	4.28407	0.960489	9.02244	4.4394	0.862942	16.4684	7.47778	0.373259	17.8133	1.13634	0.903095	5.05262	2.00424	0.59954	8.64761	4.80918	0.39241	14.0755	3.72988	0.205243	8.74817	3.50905	0.491983	17.3787	1.5098	0.960034	7.1485	3.43951	0.26907	15.0471	5.76458	0.531531	12.6358	6.55901	0.773007	27.8258	5.80384	0.923055	25.1116	7.29508	0.765819	18.6554	
6.94526	0.270506	31.4054	6.18436	0.922703	29.9447	7.34634	0.283101	32.4243	2.51463	0.111046	5.97521	3.48012	0.148697	9.57255	3.20723	0.870207	15.9377	3.29462	0.436968	10.9556	5.00713	0.469256	15.2199	7.93956	0.172648	39.5444	3.48056	0.923375	14.6677	4.81658	0.218635	21.1229	3.16345	0.60339	11.3578	7.39173	0.705336	22.1499	2.98803	0.592458	11.8747	2.84407	0.411407	8.71479	6.86933	0.121132	21.6527	5.9106	0.616957	24.2116	2.95708	0.657559	10.3345	
1.6315	0.631132	5.19695	1.55447	0.26651	5.22701	7.41702	0.725697	25.0169	5.20925	0.897451	11.6118	3.56554	0.470164	9.86449	3.72826	0.604634	10.9883	7.23259	0.351132	17.9736	0.444023	0.310644	2.12184	2.60515	0.741499	9.08623	4.71516	0.593306	13.3824	3.02367	0.560693	6.51175	2.82223	0.288386	8.11535	2.18866	0.667356	4.98876	3.17991	0.758253	8.94651	5.56387	0.893978	16.8073	6.82759	0.264634	21.2061	6.00612	0.230403	26.5948	7.02398	0.447827	25.7865	
5.14667	0.261608	12.5187	4.22019	0.657497	10.0431	8.14898	0.947607	24.5522	3.76629	0.613922	16.4223	1.3211	0.93883	6.26139	1.0774	0.756431	2.40297	5.22911	0.90268	19.62	3.38744	0.977308	16.6417	6.43648	0.37576	22.6505	4.23471	0.508318	21.03	2.63024	0.190821	7.3164	1.10096	0.172885	5.03688	5.99122	0.737366	18.9511	2.82744	0.307838	9.70878	4.19632	0.832957	18.1329	7.59315	0.868296	25.3496	6.59733	0.874365	28.392	4.9118	0.991964	10.6937	
5.47545	0.829961	22.8159	5.10518	0.858031	21.079	5.24982	0.22708	13.757	1.37161	0.587377	5.48232	3.96793	0.936077	15.1908	3.83189	0.265099	18.0492	3.38828	0.447685	7.01319	3.54453	0.649142	14.8741	6.00219	0.746444	27.5103	1.34621	0.516531	6.37735	4.79088	0.151964	9.72369	3.06997	0.396929	9.55228	5.38018	0.535364	21.0452	0.675098	0.285512	2.57658	1.75643	0.814012	4.60909	4.70188	0.254797	23.381	3.70562	0.507014	12.4154	3.18642	0.897457	7.81814	
8.77457	0.360199	18.528	8.03724	0.87369	28.0718	7.72399	0.885214	38.4096	3.18293	0.584687	7.08929	5.22775	0.215376	25.7495	4.94117	0.219725	11.4582	2.67291	0.109988	7.70686	6.8188	0.652645	15.4038	9.68377	0.180654	23.4131	4.33727	0.527462	10.8904	6.60822	0.180809	28.6203	5.00804	0.51514	11.0627	9.10858	0.34973	29.719	4.4866	0.800229	20.6758	3.2889	0.125187	10.0694	7.34867	0.947335	22.5762	6.49626	0.977717	27.4013	2.37867	0.322194	6.76328	
5.08475	0.25447	19.7556	3.90734	0.73845	15.9705	11.238	0.35095	35.5354	7.2206	0.456782	35.2104	2.22648	0.94709	6.51252	2.42207	0.452898	8.91385	8.70903	0.220755	41.7882	4.49164	0.959427	16.1151	6.84267	0.245116	28.6824	7.51494	0.300237	36.2974	1.77879	0.520536	7.18261	3.12256	0.450967	11.4434	6.71077	0.425444	28.9238	5.86827	0.531025	18.9333	7.65558	0.708804	27.6564	10.6531	0.711416	36.1313	9.68293	0.205303	19.4538	8.38599	0.278335	41.7312	
5.33099	0.48426	25.6478	4.63117	0.940632	16.8345	6.87928	0.145845	22.7624	2.47616	0.835716	9.33401	2.52248	0.222369	12.2568	2.33088	0.782629	9.2989	4.09771	0.481339	15.4294	3.37974	0.872952	16.1429	6.312	0.582569	15.1859	2.93889	0.248547	8.00355	3.61795	0.439851	12.6659	1.83099	0.204092	7.61755	5.7736	0.542687	13.4743	1.71332	0.670971	4.87228	2.91042	0.737047	11.8107	6.33425	0.703927	16.5438	5.33812	0.53036	24.8382	3.80242	0.882299	16.0751	
5.42678	0.107677	23.9921	4.84417	0.369013	19.6293	6.2691	0.675586	27.3603	1.91979	0.810795	5.54531	3.08611	0.666299	6.21341	2.91328	0.130911	9.3062	3.68112	0.287886	16.3516	3.45006	0.255378	8.21017	6.24587	0.870705	17.2052	2.32488	0.143155	10.508	4.08789	0.816743	16.7532	2.30096	0.336359	8.47063	5.67134	0.461752	24.0995	1.23997	0.870477	4.76794	2.35601	0.143879	7.47842	5.7272	0.708693	27.1821	4.73161	0.560955	16.2219	3.40877	0.881388	13.5493	


# This instance was randomly generated with the following parameters: 
# SIGMA_MIN=0.1
# SIGMA_MAX=1
# CAPACITY_OVER_DEMAND=5