9	18
6.35045	912.64	69.4672
0.694241	842.271	66.1407
157.804	803.182	60.2994
80.1008	1306.82	152.636
51.2971	1336.18	157.98
36.9313	715.705	42.5465
154.088	923.944	73.1785
165.946	641.329	34.8444
96.9997	934.289	82.5597
9.59146
15.3714
10.0729
5.38796
18.5254
25.464
19.9425
0.832703
16.866
24.9982
12.3615
1.94186
11.3759
1.69098
27.243
2.31503
28.3741
14.1957
7.42795	2.95596	32.2139	5.21775	3.06301	13.1956	5.96961	3.98972	26.0969	5.67735	2.0284	18.3769	0.884975	1.51587	1.8776	4.36241	3.09578	15.2828	3.31372	3.8268	13.4059	1.62558	1.80996	5.65957	2.31385	2.54233	5.76355	2.48084	2.99989	10.0111	2.23719	2.13986	10.0404	4.38893	2.78362	20.4303	7.10261	3.30007	27.441	7.44378	2.04345	21.237	8.45098	1.11768	40.6668	6.34535	2.37699	21.6336	4.87622	1.78352	18.4765	8.58858	1.50309	27.767	
3.75068	2.51031	9.37241	5.6695	2.3253	20.278	3.72786	2.87386	12.5125	8.54969	2.47957	36.3733	8.1848	1.38873	31.1725	11.2146	1.18142	41.6811	7.21482	1.7932	33.5292	7.80968	1.32407	38.9579	7.21266	3.50194	24.8217	6.6577	3.98424	17.9191	6.91509	1.71175	33.8829	5.56334	1.66313	23.0691	3.77316	2.90968	13.4947	6.49242	3.78325	29.3656	7.11583	1.7828	32.2485	5.38421	2.39163	23.6001	4.74372	3.40234	11.6871	5.94824	3.52494	15.0505	
4.49491	3.09155	9.13056	5.64672	2.52899	22.3997	5.21564	3.88315	14.4217	2.90341	2.86607	7.61606	2.61966	1.83244	8.90532	4.15213	2.34105	13.6784	4.72371	1.33186	18.3948	3.43068	1.18271	14.7295	3.56537	1.07652	12.7051	2.84074	2.28426	9.48316	1.74771	2.52904	7.59761	4.60576	1.31566	20.0207	6.58828	2.32968	28.6927	4.15086	3.75805	17.3195	5.16764	2.22825	13.3969	6.6241	1.80594	29.62	4.51696	3.55211	9.15777	5.31564	2.08231	22.1483	
4.08707	2.24811	9.05263	7.13473	3.43871	25.0202	6.35222	3.78682	29.3697	1.34946	1.83922	3.66897	4.303	2.78219	18.404	4.19717	1.82232	14.0072	6.42117	3.36514	25.3323	5.16879	2.91226	20.6459	5.28887	2.87669	14.1598	4.53165	1.37188	14.4933	3.47456	1.86953	8.72274	6.11008	3.40788	29.2836	7.71674	1.64284	26.3015	2.75303	1.8731	6.79862	3.65138	3.11905	9.44415	8.02221	2.79162	24.8365	5.86737	1.89934	20.0101	4.0888	2.33156	13.1017	
4.35113	3.90747	8.77988	6.10623	3.91202	27.391	5.56312	2.79005	23.8226	2.39333	2.32877	10.0986	3.10499	2.95822	14.2414	4.03866	2.16862	18.0508	5.24163	3.85253	20.3415	3.95068	2.28737	16.8845	4.08828	2.76752	19.593	3.3556	3.74032	10.0207	2.27063	3.8657	6.8166	5.0677	2.18554	20.86	6.93952	2.77888	29.2528	3.72862	2.43628	11.7334	4.71957	2.704	12.2416	7.05846	3.8716	15.0626	4.92951	3.48689	17.8537	4.94896	1.78377	21.1831	
9.32539	3.45767	35.9914	3.09069	1.02677	9.46397	5.07425	2.04968	10.2335	10.0821	3.13594	41.5045	5.09018	2.70402	16.514	9.54445	1.55283	43.6216	2.49176	3.19888	7.69229	3.93034	2.84783	11.5207	3.62958	3.24706	16.6174	4.37494	3.22883	20.3773	5.44427	2.65573	20.2459	3.51907	1.19841	8.84073	5.17689	2.36151	17.111	10.7145	3.18306	50.851	11.7904	3.39354	40.5175	3.56406	2.73577	8.4225	4.29869	1.70965	12.1289	11.3967	3.21668	37.9067	
5.82278	3.06937	20.8504	0.734837	2.95967	1.62152	1.51097	2.31626	6.85496	7.7717	2.15952	16.6763	4.23718	1.18198	12.6938	8.60001	3.758	37.533	2.08898	1.68483	5.67577	3.31332	3.45877	12.1574	2.61192	2.29788	12.2509	2.59969	1.7207	8.48061	3.58917	1.09084	14.6546	0.522164	1.42378	1.63419	2.24105	3.74252	10.6831	7.60921	1.07756	27.9924	8.65151	1.31229	43.1321	1.63067	3.24209	7.06221	0.713181	1.12392	2.14049	8.0613	3.21036	19.9941	
5.8865	3.9716	24.8012	0.73242	3.87415	3.05688	1.64799	2.949	7.94792	7.73288	3.07363	23.1044	4.1159	3.72337	20.0365	8.50162	1.62566	38.4335	1.94063	3.85341	6.39596	3.17728	2.03882	10.0782	2.47614	1.22266	5.70518	2.49126	2.1281	5.51479	3.5004	1.05354	9.63908	0.39621	1.05136	0.908889	2.38619	2.5404	6.4598	7.62802	3.83348	28.3156	8.67513	1.11518	36.0931	1.70942	1.53556	3.95808	0.778062	1.80731	2.25366	8.10454	2.61356	23.1695	
9.3484	3.83267	25.9086	3.10113	2.89308	8.36026	5.08601	3.74619	20.7235	10.1179	3.26632	46.6908	5.12871	3.75194	16.0442	9.58373	1.29865	36.8139	2.52488	1.99126	10.1506	3.96836	2.28527	11.7767	3.66541	3.25925	7.59756	4.40898	3.22536	12.4196	5.4797	2.01754	17.6845	3.53982	2.37081	16.7421	5.17828	1.22796	16.4983	10.7444	1.13835	52.9299	11.8201	1.44052	53.414	3.56242	1.60229	13.5133	4.31688	2.52128	20.0954	11.4235	2.87783	22.8535	


# This instance was randomly generated with the following parameters: 
# SIGMA_MIN=1
# SIGMA_MAX=4
# CAPACITY_OVER_DEMAND=3