12	24
157.766	836.776	66.1916
169.052	1269.06	154.059
138.189	1332.66	148.14
69.8616	703.599	44.0242
22.4791	529.325	24.6165
69.2511	1162.31	130.92
48.8911	1207.54	140.803
14.8658	1149.69	119.401
155.242	1244.8	131.278
6.43216	1261.81	146.499
134.692	1120.45	115.55
114.469	371.742	11.5703
24.7023
39.6649
6.75656
10.9474
8.95934
32.9154
13.7945
38.3412
7.13475
13.3334
42.3143
40.7319
42.0837
29.2516
31.7837
39.9944
1.84397
23.3897
29.2428
40.39
1.19024
20.6985
41.2522
35.8103
3.74478	0.172116	8.68585	6.1703	0.988346	18.9356	4.90395	0.770323	17.9347	7.60332	0.58248	35.138	6.05835	0.832962	17.3699	8.40088	0.669046	25.7905	3.36414	0.79443	16.3051	5.23797	0.764089	17.4534	0.290488	0.65568	0.596394	8.8049	0.732792	39.2134	2.79946	0.97008	5.75198	3.21791	0.855972	8.93799	4.11707	0.714759	13.342	4.7315	0.256066	15.4748	6.63251	0.12913	29.2755	7.7686	0.28828	23.4163	8.45572	0.112105	41.9881	4.33051	0.76597	20.8985	8.919	0.462587	32.8824	7.3717	0.106537	26.9888	1.85706	0.785131	5.23157	3.32343	0.295427	11.8757	7.18482	0.92574	27.2481	5.17653	0.75007	14.6374	
0.357475	0.866042	1.32478	8.05344	0.963424	22.755	6.99225	0.707923	28.0617	10.3318	0.478828	28.7623	9.11062	0.938204	43.4105	8.90786	0.695975	23.0113	5.13901	0.808528	18.0904	1.90856	0.935411	4.80648	3.69784	0.777499	9.54329	11.1586	0.411119	50.6214	6.23336	0.545108	20.9203	5.87374	0.716497	15.3338	7.5821	0.631697	21.0415	8.30844	0.602525	24.9613	9.24458	0.399666	30.3714	10.4703	0.886681	43.2145	9.52921	0.460061	31.4775	7.27256	0.52107	24.4272	10.9575	0.196099	30.5439	9.9384	0.821057	33.698	5.43217	0.974399	23.631	1.89538	0.330856	5.90096	5.72308	0.483862	14.8578	2.45063	0.897109	10.4109	
6.92214	0.754313	21.3779	5.02567	0.185903	18.8006	5.25337	0.957405	15.919	8.08221	0.596411	37.4255	8.27933	0.562071	21.1921	2.61212	0.387083	8.89304	5.00773	0.641172	22.3433	6.45841	0.970805	19.9001	8.04178	0.149326	23.5613	7.66998	0.361754	18.3416	8.11947	0.520748	40.3375	6.27106	0.765726	16.6908	10.9234	0.494861	41.4928	10.4982	0.209699	38.7217	7.15578	0.186063	19.027	8.09763	0.308393	18.3553	3.98713	0.25744	15.6569	7.13486	0.714123	34.2408	6.81515	0.278725	17.334	7.42372	0.833437	34.0568	8.7016	0.901245	32.2655	5.4515	0.502095	11.5556	2.17196	0.269444	6.92171	5.32812	0.375674	19.7893	
5.74305	0.665325	17.7054	7.01447	0.261119	24.7833	5.76816	0.89069	15.4265	7.5692	0.158378	34.4043	5.76669	0.708531	11.7047	9.83509	0.524067	40.5731	4.7514	0.446628	18.4119	7.30073	0.411586	15.5337	1.9255	0.109031	5.89573	9.05397	0.487026	27.6077	2.43417	0.693719	7.71898	3.96715	0.518625	12.2757	2.07263	0.603556	10.1836	3.1263	0.789202	13.0084	6.80733	0.932838	17.5747	7.75079	0.227396	21.5253	9.6104	0.853248	22.9639	4.45523	0.250438	13.4183	9.42151	0.88639	45.2543	7.52425	0.484544	15.3273	1.05888	0.712314	4.54491	5.47967	0.695972	24.8558	9.24656	0.936168	38.8844	7.31938	0.102671	27.1453	
7.28502	0.569007	27.2234	3.80293	0.555496	13.8601	2.81557	0.696188	11.2647	3.82653	0.904569	11.3924	2.09158	0.490966	7.81816	7.20543	0.172059	32.8152	3.14666	0.420354	7.83827	8.47774	0.208494	20.4899	4.07496	0.737367	17.6637	5.32055	0.479289	23.906	1.34681	0.728586	3.88505	1.77235	0.868717	7.0341	3.71901	0.411854	8.90144	2.73255	0.344992	7.57046	3.08175	0.814925	8.75232	4.00683	0.709651	8.59799	6.56216	0.255489	27.6999	0.901855	0.796237	3.17774	5.77467	0.822958	13.8156	3.78454	0.592554	15.6127	2.78618	0.358653	12.8683	6.13849	0.707063	19.4718	8.41451	0.709296	37.6879	7.97927	0.155551	29.7158	
7.56865	0.974288	17.1444	0.490416	0.703737	2.35733	0.792135	0.267578	3.34818	3.15315	0.659801	9.83147	3.15851	0.460431	14.9095	3.90468	0.934472	10.2795	2.56889	0.253798	6.47966	8.20531	0.269296	30.4917	5.91369	0.709773	23.7702	3.51171	0.465641	15.5492	4.24957	0.166253	11.6217	2.58487	0.624042	9.46239	7.02578	0.723973	26.2658	6.08358	0.384993	23.5478	2.09517	0.395928	4.75106	3.22306	0.253304	9.81594	3.20468	0.94322	6.57197	2.46768	0.226091	11.2429	3.31212	0.865487	13.7425	2.5635	0.330199	11.7006	5.46649	0.30542	15.3026	5.96918	0.977467	15.2839	6.34775	0.993017	26.2192	7.33592	0.278353	25.1199	
2.79072	0.51127	13.4684	5.76168	0.76513	28.1785	4.57073	0.308472	22.4629	7.71031	0.426099	16.1492	6.39861	0.149801	31.2677	7.48739	0.5957	16.4737	2.77672	0.757027	6.86239	4.11836	0.666086	14.5679	1.61937	0.423052	6.24397	8.68966	0.282883	29.4707	3.55844	0.344557	17.4109	3.20644	0.319907	12.4244	5.39078	0.757599	15.8448	5.80952	0.884698	27.693	6.65285	0.953342	13.421	7.85882	0.215671	31.0878	7.73895	0.548021	32.7918	4.56753	0.635344	14.2993	8.63492	0.534962	29.0301	7.37064	0.900028	27.1626	3.02976	0.622838	7.46464	2.00956	0.779458	4.84687	5.85704	0.823564	27.8259	3.90592	0.95147	10.0038	
2.5727	0.673939	7.48883	5.36882	0.884965	12.8956	4.39295	0.76541	14.001	7.86346	0.130542	37.8562	6.89155	0.870278	20.303	6.30877	0.242246	26.0462	2.58871	0.70634	10.218	3.28855	0.152167	15.8297	3.29466	0.700727	12.2374	8.53015	0.428859	25.592	4.69397	0.162265	12.6422	3.64928	0.446742	9.83916	6.92386	0.703312	30.8794	7.12384	0.255265	22.0302	6.75174	0.291344	21.8265	7.98537	0.626623	37.4937	6.82367	0.308946	21.4958	5.08272	0.283506	22.8675	8.26246	0.937847	24.0577	7.40624	0.712722	18.1178	4.52964	0.991415	14.0345	0.953125	0.530947	1.93098	4.17787	0.143473	14.7172	2.67537	0.390037	10.5386	
10.3261	0.347555	46.219	3.31291	0.516453	16.3251	3.65279	0.838105	7.36552	0.313321	0.294094	0.900999	1.68536	0.462838	6.50792	6.51	0.110299	23.7312	5.34408	0.123616	25.3831	11.2145	0.769776	52.1748	7.6703	0.264631	21.0532	2.01532	0.556553	7.85286	5.05085	0.533488	13.4009	4.50522	0.792656	20.2519	6.95081	0.37056	20.5698	5.48588	0.499641	25.9696	1.24233	0.249118	2.97517	0.450584	0.251007	1.98141	5.25402	0.647021	18.5025	3.21945	0.508703	7.81862	2.93711	0.813158	8.26955	0.942509	0.220893	2.79172	6.49019	0.741948	19.6099	8.87606	0.770183	37.5853	9.67049	0.579368	35.0361	10.4553	0.208758	52.0867	
2.96447	0.907198	7.13391	5.04759	0.656982	12.478	4.14733	0.472807	15.8764	7.6599	0.507888	23.7127	6.79527	0.732735	32.4098	5.8228	0.702316	28.4307	2.42014	0.400739	6.7035	3.48803	0.396927	15.0784	3.69274	0.205945	16.6298	8.23924	0.735507	25.2433	4.83672	0.118143	20.3946	3.60972	0.452923	7.93994	7.20123	0.681476	33.9072	7.30165	0.158807	31.6853	6.5437	0.989207	16.8747	7.77352	0.746207	31.7175	6.37572	0.73574	19.5549	5.02132	0.244874	24.2146	7.92118	0.402648	26.0221	7.17445	0.404526	24.2983	4.81061	0.691987	14.2876	1.28805	0.534136	3.31139	3.77741	0.442576	18.5139	2.73106	0.928904	7.84318	
4.30829	0.755268	16.3723	5.91045	0.575791	20.2192	4.63513	0.292632	12.2002	7.15299	0.155635	20.4049	5.55605	0.632853	19.961	8.35341	0.210507	32.1354	3.2525	0.32363	9.3704	5.77805	0.771844	13.4396	0.593774	0.27188	1.40493	8.41603	0.864831	32.2834	2.23947	0.689226	10.0918	2.87834	0.172531	13.6829	3.62565	0.694129	12.3137	4.16161	0.42715	11.778	6.21473	0.808401	24.2541	7.32214	0.603318	23.6924	8.3075	0.412679	34.0492	3.87474	0.278368	9.10776	8.58784	0.884506	32.7316	6.95496	0.504915	19.8983	1.29909	0.537027	3.70431	3.7752	0.104214	13.5654	7.47151	0.172248	30.4054	5.66068	0.946303	26.6131	
7.76593	0.868851	28.9056	6.24431	0.763977	24.9814	5.20171	0.206451	17.1666	5.81211	0.595311	23.9475	3.93689	0.556216	19.4714	9.58976	0.963657	21.086	5.02055	0.478501	13.1767	9.21562	0.80919	30.172	3.92229	0.877895	16.5944	7.47143	0.430167	17.5263	1.90482	0.735307	4.09121	3.74283	0.6782	12.4069	1.35202	0.613578	3.65065	0.704807	0.267229	1.92719	5.32276	0.594006	13.5426	5.99604	0.534655	13.9974	9.00191	0.865646	29.3965	3.34462	0.985302	16.1843	8.07312	0.379605	22.6956	5.94989	0.435402	19.2168	2.1734	0.216397	5.07534	7.08438	0.102331	34.422	10.194	0.678423	41.6625	8.99937	0.225707	19.2889	


# This instance was randomly generated with the following parameters: 
# SIGMA_MIN=0.1
# SIGMA_MAX=1
# CAPACITY_OVER_DEMAND=2