4	8
176.507	1133.62	126.9
52.6839	816.175	55.3995
78.3074	727.097	51.2546
103.761	384.322	13.1484
6.36565
8.26593
29.1044
11.7483
6.60156
30.2701
29.0931
43.0196
5.09348	0.238194	23.452	4.7035	0.389846	9.74938	2.45606	0.668837	9.67573	4.73819	0.531333	15.68	3.32118	0.548647	13.9953	4.2762	0.155778	16.9245	6.81245	0.945564	18.9113	6.67446	0.861087	27.1594	
3.919	0.140809	14.4859	6.84563	0.580196	17.8365	5.38829	0.268537	26.4903	1.25654	0.914429	4.80976	7.10137	0.70707	27.1002	4.85916	0.871106	17.6581	6.76447	0.899426	24.7133	3.13469	0.246162	11.5404	
3.5514	0.984721	17.4836	6.02693	0.990564	24.049	3.75368	0.449613	7.62323	2.55692	0.531484	6.52571	5.40317	0.413236	21.1718	3.80211	0.175167	11.2595	6.82265	0.436958	23.6626	4.5968	0.545188	13.2041	
0.609428	0.528083	2.63857	9.67118	0.506227	45.546	4.03157	0.838286	16.8586	5.71685	0.633712	21.8256	5.89594	0.989492	27.9651	1.49492	0.65491	7.23429	10.7515	0.325333	36.9008	7.45091	0.554922	23.9192	


# This instance was randomly generated with the following parameters: 
# SIGMA_MIN=0.1
# SIGMA_MAX=1
# CAPACITY_OVER_DEMAND=1.5