6	12
74.0983	663.775	37.1723
100.941	466.923	18.9556
52.3296	1117.31	115.783
102.72	771.165	57.1268
137.56	774.545	58.2773
160.432	1225.76	125.348
20.7261
4.05297
14.1964
0.157582
17.9446
1.6299
14.7896
18.6754
9.10854
15.9735
15.9937
4.30614
7.05011	0.718331	28.5812	4.21836	0.938258	18.4972	7.28872	0.432621	21.618	4.37911	0.623972	14.4002	5.24057	0.539512	22.6358	5.7381	0.949072	24.5616	4.79317	0.428149	19.0558	1.28793	0.77488	4.55511	6.58554	0.294668	27.994	2.62821	0.289636	6.68819	5.54378	0.774601	14.4976	6.66179	0.959302	32.4696	
2.24993	0.963545	7.67297	9.82198	0.256996	38.5661	9.27415	0.211947	41.9345	9.80197	0.321911	28.0455	8.76686	0.829506	35.8549	5.06057	0.367764	15.2057	5.28296	0.539149	22.2347	6.74815	0.776328	20.1976	4.34032	0.920744	11.2441	7.90786	0.126102	20.5527	6.43232	0.768694	31.3957	8.77352	0.869285	28.7306	
7.22257	0.911448	19.7228	6.27268	0.200218	28.5813	1.84006	0.785366	4.10557	5.60892	0.692643	13.357	2.01414	0.698277	6.55832	3.17268	0.517426	11.4414	9.85274	0.113711	21.2215	4.93091	0.549965	19.8132	4.69767	0.137203	16.7135	4.59037	0.808329	11.6369	1.48112	0.951871	4.70869	1.23908	0.510405	4.10443	
4.40253	0.941133	12.9906	8.46812	0.503749	24.3075	9.62136	0.396411	20.9574	8.6159	0.328787	29.2381	8.48296	0.598467	35.2302	6.02023	0.960683	16.6289	3.1256	0.281039	6.69884	5.48673	0.74569	11.3655	5.81566	0.521362	15.6741	6.78801	0.884317	21.4282	6.96652	0.627947	28.1764	9.04488	0.557648	26.3191	
7.41882	0.566654	14.9608	3.51922	0.733579	13.099	6.52892	0.268413	20.7963	3.55666	0.752946	7.16457	4.34612	0.337058	12.4395	5.5327	0.838864	23.7028	5.7476	0.950324	12.163	0.445795	0.475202	1.48508	6.56897	0.467912	31.3925	1.72221	0.279339	3.44847	5.06533	0.766094	24.0531	5.90656	0.127636	25.4472	
6.92332	0.343143	29.8206	7.066	0.87855	27.8721	1.73998	0.54528	7.42582	6.40833	0.7429	16.1455	2.77419	0.105185	12.602	2.77169	0.9765	6.52686	10.2087	0.677845	37.8235	5.59152	0.746459	18.4951	4.2396	0.933554	13.8269	5.34422	0.643134	17.986	1.11841	0.680618	3.16922	1.31539	0.485023	6.54681	


# This instance was randomly generated with the following parameters: 
# SIGMA_MIN=0.1
# SIGMA_MAX=1
# CAPACITY_OVER_DEMAND=3