4	8
25.7202	628.498	34.2161
96.0347	662.313	41.027
141.826	498.867	23.2595
123.312	1256.66	157.053
10.5195
17.5081
8.25866
21.8629
5.82538
16.7927
0.225132
4.19298
5.84284	2.52288	15.2822	4.46594	2.8219	9.08116	11.5089	3.59679	34.1758	10.4344	2.02476	43.9421	8.19133	3.50227	30.922	5.47233	1.56415	15.6213	9.14855	2.90965	19.965	10.1804	3.72606	47.7655	
0.814535	1.92102	1.82135	3.65352	2.2902	13.1765	6.93389	2.22243	23.324	6.64047	2.92043	29.1088	6.08402	2.66307	29.6339	2.08008	3.9037	5.1837	3.97783	2.43769	15.6623	4.91376	1.66103	17.9239	
3.11447	3.40081	15.0262	7.44229	3.74728	22.9996	7.05535	2.82631	27.545	7.95676	1.91168	28.3506	8.8901	2.07382	19.0459	5.5181	1.74591	15.5984	1.34296	3.81735	5.52709	3.00137	3.42828	14.1999	
8.97056	3.69639	39.8939	8.63145	3.3638	36.9319	2.29737	3.37405	9.9228	2.5361	2.6989	12.1829	5.65338	3.48851	18.6464	7.57484	2.9956	34.707	8.03676	1.67309	23.0118	6.58157	1.13839	26.1951	


# This instance was randomly generated with the following parameters: 
# SIGMA_MIN=1
# SIGMA_MAX=4
# CAPACITY_OVER_DEMAND=3