12	24
43.7863	1064.44	111.443
55.7638	961.922	86.1887
21.2777	886.731	71.3794
95.0726	913.861	72.8079
157.706	1167.04	113.217
37.7881	761.887	55.2375
159.412	1212.27	123.643
118.284	1126.76	110.043
143.578	938.011	76.4967
60.0051	539.519	26.0514
124.117	1356.14	153.808
126.575	1211.67	130.144
18.8964
9.68675
6.04359
5.59442
6.58926
16.9116
30.9585
10.5143
9.66675
13.2151
14.3945
7.95635
0.0504622
11.3563
25.2671
21.5952
28.2059
24.6088
25.2116
16.8157
27.3644
1.30832
24.0689
20.5398
3.22177	0.691135	14.239	10.4204	1.59292	38.1143	8.83423	0.621074	42.8907	10.9218	1.76737	27.1029	4.41632	1.7552	9.02865	6.44292	1.55352	25.032	11.2827	1.54973	29.4074	1.41565	1.59803	5.41589	1.3022	1.4503	4.87267	9.36338	1.19482	30.7936	9.30924	1.65083	30.3075	5.16314	1.04274	19.9641	2.06844	0.546887	4.46712	5.75732	1.99787	24.5907	2.9816	1.39937	9.99137	7.785	1.58299	26.4549	10.7592	1.55651	37.6809	0.439835	1.12616	1.32359	5.17606	1.66146	18.844	0.550056	1.84041	2.09449	10.6293	1.43783	32.4891	2.71349	0.601636	12.5133	10.1275	0.697273	50.593	9.69229	0.892627	24.759	
3.6271	1.45187	17.9856	9.10832	0.782882	22.1706	9.13431	1.60791	28.6777	7.44375	1.28562	22.7611	7.05552	1.76412	28.5929	9.91048	1.75617	32.7537	8.51618	1.90831	37.4952	5.0613	0.778097	20.8955	5.68186	1.99846	27.7096	6.38516	0.526296	28.4883	8.7832	1.35248	22.9672	1.14227	1.80819	2.59558	4.23588	0.794209	9.10748	3.60817	1.22348	14.992	6.31786	0.92779	28.0537	7.16009	1.95107	34.7921	7.81416	1.51757	29.5643	5.81326	0.834094	22.367	1.75303	1.13271	8.39053	6.25685	0.603208	27.0261	8.20179	1.16848	28.8318	5.07853	0.816212	21.0265	7.79597	1.28464	15.69	3.7376	0.570403	11.4201	
5.6349	1.1062	15.9095	7.16453	1.46735	21.1045	4.7238	1.94888	10.6333	9.46956	0.629884	46.3781	2.05322	1.86252	4.73226	0.86721	0.705458	2.63434	9.06544	0.842813	40.1143	6.69125	1.22538	17.5131	6.87338	1.11746	20.9252	7.99699	1.57163	38.8046	5.74595	0.962289	13.6296	7.99132	1.90879	21.5701	5.7888	0.831013	24.6255	6.19508	0.875087	14.0301	3.06717	1.17236	15.1654	5.06998	1.50387	11.5415	8.85824	1.17531	35.4151	5.46428	0.80871	24.8068	7.39067	1.90555	21.3302	5.06977	0.703511	10.5629	8.29664	1.44332	34.947	4.25662	1.57879	18.5354	7.87553	1.93192	33.3686	11.3366	1.28806	27.9818	
1.82892	0.833948	5.93859	6.08696	1.64594	22.3024	5.27089	0.635822	24.1073	6.22293	1.1762	16.8893	3.02848	1.40299	12.5955	5.80525	1.53224	17.5556	6.60926	0.519974	26.2903	4.5974	1.79243	18.3266	5.19921	0.90843	14.028	4.65853	1.92458	13.5656	5.27414	1.01613	20.4751	3.21945	1.71948	8.2747	2.99683	1.01503	6.57523	1.28471	1.26121	4.64053	2.87468	0.531651	6.04245	3.57836	1.50411	14.981	6.06255	1.48243	28.9189	4.2721	1.38158	10.766	2.47164	1.09468	8.75772	4.39555	1.964	9.16435	5.99046	1.97098	17.1102	2.10387	1.2741	6.34389	5.49092	1.44597	13.9194	6.34208	0.842058	20.2618	
6.79448	0.877253	21.1905	3.47327	0.643951	8.37098	5.21165	0.70454	20.5096	1.03688	0.605483	2.30715	7.15573	1.48703	16.5356	8.98489	0.79421	42.5309	1.94555	1.1976	8.45751	9.60873	1.29203	21.488	10.2537	1.8144	33.606	0.605049	0.787208	1.53099	4.14019	0.66893	10.5017	6.42071	0.898061	19.1197	8.04177	1.73444	16.558	4.19895	1.11017	12.9094	7.75722	0.809693	32.8572	3.64776	1.51293	12.4747	1.23491	1.56849	5.64754	9.44885	1.92242	27.0169	5.7171	0.715606	15.1607	9.58161	1.15502	20.8093	1.84847	1.94113	8.87394	7.26885	1.04482	21.8965	1.6657	1.13328	5.68981	5.31109	1.77914	20.2134	
2.28155	1.17611	9.12307	9.90539	1.69223	44.0769	8.55528	1.53711	37.3338	10.0969	0.911722	50.0278	4.38585	1.09452	12.8525	6.78065	0.598922	31.0119	10.5631	1.87678	50.6299	0.801686	1.94951	2.66452	1.26579	1.50339	5.12313	8.5685	1.14043	35.5412	8.89475	1.45061	26.4134	4.05255	1.83147	11.8367	1.04409	0.983898	3.5863	4.87806	0.948382	13.5885	2.96447	1.7154	8.98452	7.289	1.59553	28.1352	10.0034	1.95642	41.0936	0.783809	1.11328	2.39308	4.10298	0.654315	13.1722	1.29016	1.76688	2.6243	9.94505	1.19455	45.257	2.2363	0.601763	4.50263	9.44485	1.78262	24.3596	8.59157	1.12795	18.4708	
3.45965	0.758707	15.349	7.82958	1.61603	38.8867	5.8575	1.36735	18.4704	9.22309	0.994742	26.199	1.33603	1.6951	6.57031	3.31701	1.30162	16.1317	9.20315	0.974899	26.8384	4.24405	1.15502	18.8293	4.46551	1.42854	21.8014	7.64086	1.3125	26.763	6.54877	1.6475	17.2774	5.93274	0.508748	23.7411	3.38235	0.871504	13.159	4.82143	1.68612	21.7467	0.756232	1.70259	2.39008	5.28382	1.23017	14.9592	8.81973	0.581124	24.587	3.05178	0.872263	10.7123	5.47118	1.99032	23.8958	2.71125	1.20638	10.5341	8.46917	1.94303	31.4095	2.00435	0.952332	8.29973	7.98598	0.69147	29.399	9.81153	1.0493	36.1105	
7.89344	0.507091	26.5069	1.34812	0.956575	3.43254	3.7564	0.774356	14.9788	2.31434	1.0741	5.07679	7.1139	0.666863	23.9194	8.22828	1.26068	38.4012	1.1235	1.9872	3.55073	10.6875	1.76286	30.3758	11.2835	0.655214	31.6251	2.23795	0.565204	7.7403	2.54843	0.806315	5.59345	8.14643	1.44201	38.3017	9.08697	0.674612	18.8466	5.49676	0.633391	13.6594	8.08839	0.586284	29.5303	3.10932	1.19479	15.2525	1.38855	1.39737	5.53906	10.2555	1.65373	40.1587	7.35744	0.549482	36.568	10.2729	1.57685	32.8445	0.520719	1.10111	1.24473	7.95572	1.59766	35.4063	0.744077	0.921323	1.7898	7.63593	1.4256	18.286	
2.84524	0.602458	8.32414	8.94	1.94225	37.9916	8.7433	1.92391	40.9799	7.60636	0.827934	26.3865	6.35841	1.23632	28.3413	9.21656	1.47365	33.9588	8.57223	1.45205	31.979	4.28042	1.85663	13.4169	4.91429	1.1485	14.4463	6.41554	1.2137	21.9811	8.49191	1.00207	31.7874	0.430123	1.63109	1.53957	3.41263	1.9057	15.8843	3.25068	1.55015	6.99379	5.54932	1.52478	27.2162	6.82638	0.958499	31.9607	7.88486	1.34498	28.9877	4.99453	1.41293	24.8563	1.24482	1.86955	3.72108	5.43485	0.997742	13.5273	8.19043	1.40738	23.7695	4.30126	0.821164	15.4194	7.75638	1.81651	19.0153	4.45102	0.70664	13.771	
3.73825	0.601521	13.8711	8.81368	1.18877	36.0941	8.93279	1.67508	27.0929	7.06145	1.15947	31.1835	7.05619	1.53746	17.0245	9.90104	0.825082	24.3319	8.15545	0.871227	37.2368	5.36188	1.3299	23.7059	5.99419	1.0759	22.3836	6.03518	1.61182	17.6807	8.53717	0.534596	18.2242	1.28886	1.05921	6.10737	4.44669	1.79734	10.8967	3.42532	0.719026	7.33453	6.39557	0.830987	17.24	6.9376	1.15989	29.8445	7.45097	0.553954	32.3494	6.05357	1.48664	27.4825	1.71846	1.4469	4.09239	6.48135	1.92272	15.2062	7.85913	1.06358	36.7981	5.17298	1.41526	20.5429	7.46218	1.54791	28.1745	3.38262	0.572334	11.6669	
3.3514	1.99861	13.0109	8.11293	1.14254	39.4243	8.22031	1.05549	37.4979	6.48524	1.37488	30.4308	6.48674	1.89962	17.5913	9.31326	0.866867	37.7442	7.52652	0.935586	24.2815	5.31579	1.96518	18.1728	5.9712	0.976834	22.6251	5.38882	0.789518	22.0968	7.82174	0.876633	32.6973	1.16224	0.713232	2.79294	4.21901	1.22897	15.4327	2.72381	1.84048	10.4851	5.9255	1.8258	15.1484	6.22227	0.659871	21.7759	6.82716	1.69307	15.0461	5.86298	1.46601	24.5058	1.21133	1.34741	5.44543	6.2548	1.62363	14.6537	7.20152	1.00186	23.1325	4.73735	1.82273	23.368	6.79354	1.21471	24.0531	3.43117	1.08467	13.2708	
5.92028	0.692805	17.4504	3.19192	1.59682	8.48123	1.06474	1.40646	2.66016	5.82328	0.676828	19.5028	3.51233	1.73379	8.98535	4.10064	0.930861	16.0363	5.18399	0.93827	12.2826	8.26937	0.587168	25.8864	8.7274	1.60877	28.8306	4.56367	0.767587	9.52608	1.78704	0.747552	7.20856	7.40847	1.17214	16.5478	6.80417	1.38535	17.1786	4.6743	0.797158	19.9276	4.8324	1.6306	22.2106	1.53083	1.32763	3.63258	5.08515	0.98034	10.5469	7.4358	1.30578	16.1968	6.59516	1.70569	30.6438	7.27867	1.95107	15.1033	4.41995	0.827512	13.3278	5.25677	1.7773	19.2861	4.05057	1.51737	19.0591	9.18752	0.811467	36.0565	


# This instance was randomly generated with the following parameters: 
# SIGMA_MIN=0.5
# SIGMA_MAX=2
# CAPACITY_OVER_DEMAND=3