6	12
139.453	1299.34	156.996
139.415	799.922	54.949
122.169	721.112	46.5648
164.637	1091.77	116.687
16.8352	710.157	46.2278
115.488	957.658	89.2565
61.772
38.9967
3.77512
18.7447
37.0748
19.2879
62.487
0.650416
11.1784
31.3523
24.2113
30.9233
6.32834	2.63236	31.1661	6.43886	3.23771	31.6199	4.77394	1.47879	21.3794	6.99784	2.09008	20.1898	5.26049	3.0278	21.4367	1.07685	2.99622	2.42541	5.7385	2.15751	25.0591	5.5539	3.54698	11.1968	5.07041	2.12403	14.4282	6.46196	1.73873	15.7943	3.11362	3.64928	8.54529	9.83911	3.72114	49.0339	
3.53292	1.30238	17.1088	6.39125	2.46014	25.7657	5.931	2.29248	20.7705	5.93122	2.72304	28.9383	2.34316	3.14001	10.5196	2.02222	2.07835	9.71735	3.38073	1.41236	14.5594	3.93914	1.74289	17.3672	4.57482	2.75905	10.5457	3.56985	3.65308	9.93305	2.54181	1.70246	11.1562	8.65441	2.93381	31.1587	
4.62576	1.89955	22.8296	7.01118	3.11659	14.195	5.9357	2.42075	14.1517	6.99403	3.23382	23.1671	3.80413	3.99626	16.1616	1.39922	1.47407	3.18241	3.97336	3.62444	15.8814	5.17127	1.72111	25.3224	5.33958	3.60469	24.1423	5.05459	2.21417	23.8049	3.16786	2.10745	7.1687	9.80542	1.2174	23.6227	
1.95864	1.07179	8.13815	7.70405	3.49336	27.9366	7.52741	2.37889	30.5022	6.85032	3.05403	27.4014	1.58257	3.42375	7.20171	3.6057	1.69285	12.5125	1.81043	2.0715	5.07319	4.74133	2.18126	14.8339	5.84739	1.14355	11.993	2.74578	3.85033	7.57995	4.02933	3.01555	12.9152	9.36885	3.42628	40.106	
6.38442	2.4849	20.2039	6.69404	3.26166	14.4214	4.99561	1.89459	17.2039	7.25365	3.09409	17.7205	5.38239	1.1068	23.6413	1.28781	2.69249	6.06342	5.7334	3.94558	12.3422	5.79263	3.89248	19.3311	5.32907	1.03847	26.5967	6.59689	1.03789	26.7493	3.36291	2.50472	11.9536	10.0956	1.14012	22.3569	
6.24837	1.0597	18.2424	4.55077	1.4381	10.0321	3.29363	3.77497	10.7107	5.10484	2.55863	23.6121	4.72172	3.69661	21.274	1.29225	3.0647	2.60075	6.13687	1.33397	24.4139	3.86333	2.87056	10.2763	3.14683	2.48716	10.801	5.73867	2.27905	21.5081	1.3791	1.88338	3.4594	7.93563	3.20449	18.5458	


# This instance was randomly generated with the following parameters: 
# SIGMA_MIN=1
# SIGMA_MAX=4
# CAPACITY_OVER_DEMAND=1.5