11	22
126.345	1262.81	137.363
31.9322	436.302	16.8053
4.46982	1219.31	133.119
140.068	606.629	35.4568
64.6728	1160.01	115.951
167.144	357.646	12.471
175.416	1165.85	123.106
132.496	1200.55	126.509
112.571	1134.73	117.693
25.7211	579.036	32.4514
85.1892	1312.1	150.712
25.242
8.51756
29.3496
17.7683
20.9131
1.38822
11.2056
5.55465
26.0311
25.8512
20.0074
31.3716
2.22158
17.9688
18.8383
2.14999
17.0207
20.0326
3.44267
16.6699
10.4655
1.86859
3.5399	1.13793	12.0603	4.18757	2.25842	12.2432	2.83408	2.02628	9.59548	7.48579	2.89821	22.1365	5.54711	2.30138	23.4866	2.03972	3.25065	9.51173	3.48754	1.53878	13.1298	4.65431	3.85721	21.5224	0.923967	1.98288	2.94415	7.56395	3.46165	31.6062	7.31524	2.23304	16.1962	6.82709	2.1667	26.3163	1.80485	3.35509	8.64831	7.24567	2.3058	21.1596	4.41991	2.98681	17.8095	2.20698	1.40691	9.8913	6.42493	2.33995	14.1534	2.86331	3.64946	5.90371	8.46863	1.72463	27.564	8.61618	1.54215	29.5504	8.28474	1.78043	33.8833	9.06047	3.16586	28.32	
4.77083	1.3205	10.4817	4.59535	1.5711	13.1565	3.69984	3.4747	11.2599	7.6582	3.79347	23.3737	5.0988	1.40002	22.7004	2.88567	3.25689	8.4829	4.72229	2.21819	11.7294	5.69835	3.98628	12.4152	2.01417	3.2566	4.42173	8.8563	2.04929	19.5275	8.59227	2.97724	37.0779	7.67644	1.62664	23.1837	2.43373	3.97294	10.0245	7.85124	2.14331	26.3445	5.67082	2.47694	26.1844	3.03387	2.95765	7.2829	6.59008	3.67273	17.7978	3.98419	3.25636	13.4312	9.38004	3.79123	33.3578	8.86355	3.19519	29.3294	9.49639	1.35513	46.1033	9.47354	2.91545	46.8266	
6.82787	2.8895	24.7758	4.19755	2.23779	17.7875	7.47486	1.31777	24.6072	5.65244	2.17107	22.5343	1.97711	1.52957	7.67269	6.6562	1.79231	13.9211	6.80641	2.96654	22.6755	6.82777	3.69055	28.8588	5.61475	1.79255	18.5728	10.8481	1.762	42.0577	10.4724	3.27118	36.016	7.74859	3.17692	25.6318	4.031	1.3136	16.5085	7.09535	1.82939	28.0673	7.67649	1.32457	29.2574	4.56087	3.94522	15.316	4.77879	2.41316	17.5923	5.82697	3.15518	14.3809	9.45387	2.94541	27.5162	6.89595	2.70251	27.4385	10.8831	3.51124	52.2023	7.90909	3.44582	17.0375	
4.12293	1.21948	19.1399	0.50943	2.85906	2.18029	7.05287	3.90472	16.6636	2.93165	3.04301	10.8878	2.89047	3.11958	12.8464	6.39471	2.05917	21.1466	4.13523	1.06057	20.3862	3.3208	2.42972	13.5164	5.29596	1.11642	23.8632	7.46291	2.13946	30.8836	7.0348	3.11915	29.7799	3.72331	2.02715	18.5072	2.77666	3.80078	10.7074	3.20804	1.31426	9.27492	4.69931	3.14304	11.8745	2.63045	1.70389	8.59859	1.89146	3.70503	4.14279	3.31096	2.60454	9.61989	5.42596	2.55955	14.2788	4.05399	3.63045	8.96919	7.13189	2.78162	31.0072	4.61283	1.73628	13.6444	
4.48305	3.35812	9.06941	5.24981	3.9233	23.5607	8.73552	1.15381	18.3826	5.99185	1.81358	16.2825	8.30453	3.40127	26.2866	8.53636	1.90734	25.0075	4.54292	1.26468	10.4571	3.13047	2.56833	13.5731	7.91815	3.83169	16.1328	3.64781	3.33845	13.8839	3.2341	3.11334	14.1441	1.8986	3.79114	5.77724	6.4479	3.45449	19.7499	3.423	1.70234	9.30425	3.89865	1.2087	17.7601	5.80397	3.44487	13.4065	5.83401	2.13177	14.2273	4.92245	1.70768	9.84727	1.36941	3.96928	6.20414	5.95159	1.57727	12.9169	2.24381	2.96838	5.00469	5.13019	3.4148	24.5868	
5.51515	1.28493	15.8496	4.88068	1.64505	15.1622	9.80161	2.97697	22.3822	4.49745	1.81534	10.6389	7.46207	1.55647	21.7965	9.45737	1.53635	42.9917	5.57172	3.27279	16.5585	3.88843	1.48857	16.2147	8.65409	2.92938	37.9643	5.61368	2.53089	16.6086	5.18819	2.58802	12.9284	1.48771	1.64547	6.15706	6.70461	1.30537	17.3889	1.98694	2.64578	7.21513	5.19712	2.84366	18.016	6.14102	2.16917	14.8339	4.63719	1.9042	20.5248	5.61988	2.87056	24.3362	0.784681	1.32713	3.08135	4.18609	3.37947	16.5562	4.19365	1.90572	16.2914	3.22089	3.29734	8.46638	
2.01518	3.17967	5.2224	5.4088	1.75815	23.279	2.85129	3.35998	9.7946	8.57056	2.49109	38.1417	8.09929	2.88003	21.0373	2.96552	1.77568	7.41112	1.97382	3.27715	9.76753	3.62865	3.76113	16.275	3.01068	2.4724	10.9976	4.43174	2.30607	17.511	4.31807	2.07726	18.7494	6.02371	2.11237	18.5397	3.9037	1.40607	11.7871	7.19214	3.39158	19.8356	2.1892	3.18456	8.71329	3.54792	1.21565	9.28348	7.67806	1.99175	21.2004	2.60936	1.01092	7.25631	7.18951	2.88749	15.3112	9.38515	3.46061	32.1581	5.64314	1.88392	17.1623	9.3399	1.77792	35.961	
5.46424	1.50402	24.0103	3.79913	1.38466	16.9333	9.56476	2.23608	45.1086	2.9143	1.76671	8.31412	6.00584	2.00237	23.0089	9.10341	3.89907	34.569	5.51291	1.18508	12.3921	3.8293	2.14198	9.43796	8.17276	2.16728	17.2293	6.62621	1.77242	23.2893	6.17454	1.36304	29.5059	1.64387	2.75733	6.9536	5.94277	2.88893	21.5537	0.505219	2.43417	1.1207	5.40801	3.34178	15.9845	5.47575	3.61463	11.6087	3.09795	2.86804	9.43717	5.28129	3.12973	13.9746	2.33864	2.5617	8.50442	2.72739	2.53731	10.8993	5.45267	3.67808	22.4577	2.04184	2.87292	7.79038	
5.39658	2.80322	13.2981	3.10478	3.38929	15.2413	9.28254	2.42725	26.9312	2.0084	3.55805	7.92166	5.04126	3.39319	19.005	8.75481	1.05001	27.9722	5.43822	1.75997	12.8528	3.85561	3.09417	11.3541	7.75885	3.20282	22.3668	7.16393	3.64026	29.4319	6.70604	1.31687	30.7782	2.18062	1.83956	4.76606	5.39579	1.54107	24.0041	0.580505	1.16635	1.40209	5.50521	1.62722	26.1517	5.00701	3.47302	17.5405	2.11417	3.62564	9.82288	5.03678	3.26795	24.1741	3.27164	1.71419	11.5098	2.13848	2.72456	7.67525	6.15947	2.64951	27.2288	1.95329	1.85547	9.46347	
2.0092	3.31517	9.87818	1.96809	2.20169	4.45585	5.9302	3.79508	25.2068	4.62152	2.55337	15.0812	5.22166	1.08869	16.231	5.48252	2.787	22.5818	2.04379	1.06641	4.19933	0.927838	2.82711	3.46671	4.60517	2.95284	11.6267	5.07808	1.4788	24.7001	4.6611	1.59149	18.4389	2.58386	2.47757	12.037	2.7281	1.44972	9.68496	3.28527	3.03188	12.7951	2.36355	2.48657	8.25342	2.11021	2.32072	7.21332	3.83241	2.77363	8.5526	1.64671	1.19931	5.8756	4.24332	3.24949	15.6703	5.37667	2.9773	11.3313	4.94626	3.81054	10.6218	5.37704	3.50838	13.2811	
6.09635	2.17851	17.5102	3.49623	1.19927	8.31758	6.96019	2.72466	31.7303	5.24817	1.44748	12.1712	1.81304	2.54906	6.71438	6.1471	3.926	29.3277	6.07604	1.83341	26.5056	6.08773	3.37929	26.3517	5.06845	3.28812	17.2557	10.1061	2.95165	37.3049	9.72982	3.39482	36.4875	7.06812	1.19049	29.173	3.32402	2.24564	12.1764	6.49515	3.47424	16.0521	6.9395	2.52438	24.1519	3.83392	2.8786	8.23365	4.30656	2.07069	20.1435	5.0952	3.50816	16.1495	8.78705	2.56614	39.3346	6.50661	1.46898	20.2084	10.1464	2.86803	25.0109	7.45023	2.08464	27.701	


# This instance was randomly generated with the following parameters: 
# SIGMA_MIN=1
# SIGMA_MAX=4
# CAPACITY_OVER_DEMAND=3