10	20
151.04	928.378	81.3909
99.7473	1208.88	136.19
108.866	1256.97	147.852
144.573	1026.04	95.8292
49.8094	1163.72	114.077
151.563	447.056	19.0609
151.214	1167.44	126.493
154.789	1024.37	86.8499
94.4175	1366.46	156.422
163.28	847.843	62.8516
11.4016
12.5571
18.1256
13.4383
15.1203
10.0354
8.90641
12.3741
6.61759
14.1919
5.29884
11.6014
0.524386
11.6205
18.2659
4.0296
16.1943
6.00036
6.09487
3.005
4.0125	0.532854	12.5864	0.781702	0.842273	2.02337	4.94564	0.531588	11.4664	8.48818	0.968643	25.266	7.49008	0.305912	32.6383	1.63391	0.297444	4.16511	4.61723	0.588246	13.8867	6.87093	0.563967	20.1014	7.61268	0.582246	22.0089	8.56464	0.755824	21.4544	5.33073	0.650108	17.4993	1.42065	0.613752	4.51676	3.89588	0.262157	11.7152	3.9308	0.117678	16.3388	5.25131	0.946203	21.1488	6.77191	0.642815	15.7782	5.46205	0.194169	22.4293	1.08956	0.56363	2.63161	6.28871	0.385302	16.4272	0.631729	0.497241	2.69763	
3.59305	0.98445	15.3436	3.08794	0.684184	12.5824	3.84294	0.260938	14.4845	7.41556	0.966979	22.807	5.59467	0.946057	25.5822	1.95062	0.441908	8.95687	1.59539	0.397464	4.1251	3.95329	0.413474	17.7957	6.2136	0.559261	27.7875	6.2572	0.122797	18.5746	2.49242	0.949783	8.98555	2.69961	0.342313	6.17824	3.34908	0.650473	9.24845	4.27759	0.581216	14.9012	2.22524	0.22126	4.93962	5.39716	0.6374	18.0506	2.48479	0.586804	7.63935	3.03134	0.935005	14.2042	4.50123	0.654354	12.7792	3.42781	0.425565	8.31049	
3.12309	0.623785	11.2825	7.67037	0.167939	32.5244	2.2103	0.944437	7.42635	1.51282	0.951522	5.09528	1.6142	0.201863	5.47305	5.66008	0.680119	28.0379	6.61632	0.425664	16.1598	4.59963	0.166041	19.5699	0.597803	0.963922	2.15961	3.05001	0.359746	7.06612	4.38618	0.21415	17.4128	7.79256	0.816984	17.9668	9.23412	0.869887	26.076	3.60395	0.420743	11.4087	4.98967	0.962166	14.8548	0.560692	0.368507	2.6792	7.14657	0.659561	29.0999	7.84124	0.861245	23.4992	1.6729	0.265398	5.42937	6.77847	0.74519	17.4274	
7.31311	0.952202	34.3781	8.83228	0.616453	34.0142	6.55547	0.181249	25.128	8.05596	0.388116	38.1942	5.5117	0.48268	11.0767	7.47526	0.646602	21.5415	4.5652	0.446038	20.5682	2.61339	0.187949	9.59567	6.79827	0.622163	19.343	4.6255	0.105667	17.855	3.8705	0.350945	14.2909	8.35307	0.336323	33.5015	7.73406	0.506356	24.3819	8.32642	0.812865	21.7952	3.71706	0.590722	14.0258	6.52146	0.252373	27.7095	4.02961	0.246524	19.7138	8.74009	0.833543	23.4365	5.52277	0.52827	23.9417	9.09368	0.199777	20.0906	
2.47688	0.374777	8.65695	7.06568	0.873309	29.9426	1.67148	0.759359	3.7904	2.021	0.313327	7.47271	2.06356	0.414114	5.62004	5.0747	0.793769	21.8356	6.33323	0.244155	15.9354	4.67707	0.907901	16.9254	1.28829	0.349561	5.12099	3.55501	0.942124	9.54119	4.22958	0.119813	9.33509	7.22403	0.715927	35.083	8.77789	0.793335	40.3396	2.90969	0.469518	8.43898	4.81618	0.634256	20.229	0.768136	0.47324	2.88383	6.9297	0.622453	13.8638	7.24906	0.136229	17.2317	1.67846	0.25731	5.52975	6.12749	0.139286	20.1745	
3.41909	0.546593	14.6768	7.00959	0.73957	18.3617	3.81989	0.700917	10.4934	4.27721	0.328212	13.7376	5.49035	0.406566	13.3258	5.54251	0.494903	13.9004	8.28517	0.310107	32.3146	7.72876	0.73901	22.4739	4.50462	0.250674	19.5181	6.97745	0.934197	25.6567	6.81561	0.855537	26.7779	7.48033	0.947026	19.4018	9.67887	0.779794	33.7648	2.66691	0.97658	11.7022	7.28945	0.635018	28.5511	4.1956	0.493216	8.4186	9.07759	0.726022	23.8929	7.29168	0.714036	34.3642	4.91326	0.381006	19.0158	5.66515	0.648785	12.4134	
1.32542	0.861022	4.35975	3.98915	0.232935	13.9736	1.60698	0.584061	3.82207	5.27964	0.779157	17.9882	3.93347	0.118669	15.5746	1.96471	0.94056	7.17852	3.54593	0.189504	7.72971	3.85299	0.295878	15.8336	4.20759	0.37617	9.79342	5.01817	0.711852	25.0654	2.46111	0.373362	5.46181	4.02257	0.543661	12.5942	5.51702	0.649755	13.1045	2.19537	0.791463	10.9663	2.75765	0.585727	6.12026	3.35725	0.609787	9.26783	4.3402	0.502792	11.7933	4.11889	0.183955	16.5062	2.73303	0.237426	12.6368	3.40995	0.690957	13.5536	
3.83905	0.217284	12.5901	8.38304	0.432678	19.525	2.91687	0.604615	13.0182	0.955645	0.196623	3.88268	1.65864	0.141415	5.96043	6.36936	0.851654	24.466	7.17184	0.433183	18.0139	4.89177	0.157661	17.6013	0.392074	0.662313	1.30648	2.88446	0.868113	9.92279	4.87436	0.458677	22.3865	8.49568	0.857517	27.1703	9.8868	0.837235	49.344	4.29107	0.170957	16.8722	5.48191	0.136255	23.1497	1.14855	0.987189	5.10594	7.65283	0.624585	36.7793	8.55106	0.761579	35.5972	2.15446	0.756677	9.46786	7.49454	0.901967	21.7991	
3.75741	0.152914	9.71186	8.30578	0.718699	36.5202	3.30238	0.891489	12.0957	1.53719	0.191896	5.14019	3.43047	0.347738	17.0453	6.42501	0.958942	22.9607	8.0968	0.183122	17.9098	6.41961	0.518832	24.2623	2.17969	0.66606	7.10117	4.77116	0.535964	10.9012	6.03452	0.237927	19.3666	8.57708	0.600705	32.5349	10.3522	0.329064	50.5046	3.73479	0.310249	12.3006	6.61928	0.734053	23.827	2.35333	0.849528	10.2586	8.72006	0.609508	22.2714	8.52934	0.594985	32.1151	3.43292	0.631225	9.99902	7.181	0.648733	28.8047	
5.20101	0.905809	20.6878	6.63038	0.409749	27.116	4.59587	0.345862	18.9924	6.88676	0.894219	17.5315	4.36992	0.728913	18.6864	5.19807	0.849788	14.03	2.60296	0.166446	12.2119	1.12683	0.878598	3.45504	5.54448	0.371046	26.0849	4.1146	0.833571	12.1356	1.66303	0.661746	3.97537	6.20344	0.11544	21.0576	5.97655	0.186294	27.0951	6.20109	0.228087	28.5475	1.43739	0.607734	6.76261	5.03659	0.848626	16.0361	2.41123	0.359945	10.5114	6.56372	0.339864	17.115	3.93209	0.903022	12.8805	6.82162	0.146439	15.7843	


# This instance was randomly generated with the following parameters: 
# SIGMA_MIN=0.1
# SIGMA_MAX=1
# CAPACITY_OVER_DEMAND=5