6	12
115.891	1042.72	95.0771
13.125	1158.58	131.319
67.6288	630.985	34.8469
37.2037	822.68	65.1681
27.8705	1005.01	100.42
134.53	653.849	39.0266
23.87
34.834
18.0177
16.1798
6.07598
35.5539
22.8531
17.1912
12.4523
36.6101
1.86091
7.42981
1.03286	0.25084	2.52609	7.40641	0.879306	23.2522	1.52741	0.422465	7.11835	4.40256	0.47149	16.6216	5.62923	0.928701	20.1778	4.00225	0.502285	10.2538	3.86688	0.650236	13.8666	7.56662	0.838137	18.9892	4.52575	0.259099	17.7803	7.87317	0.82701	33.2075	1.30808	0.505833	2.83235	4.90853	0.673637	17.8071	
8.10315	0.391989	17.6992	1.92812	0.152988	9.45414	8.00263	0.748367	37.28	3.06946	0.502046	6.58308	1.51028	0.582103	4.76985	9.89589	0.941835	35.6186	6.26763	0.499524	18.03	2.73309	0.805516	9.39405	3.0994	0.474589	15.17	3.71321	0.770618	8.39971	6.68823	0.689337	23.3118	7.89357	0.467738	20.0214	
4.97903	0.792714	11.5507	8.129	0.679071	27.471	4.03377	0.234867	15.3657	3.91598	0.14297	9.78947	5.43507	0.329839	11.2082	4.24436	0.442047	14.2991	0.888377	0.55123	2.25914	5.37321	0.89598	11.5764	3.78392	0.355447	13.8028	9.44963	0.467192	20.8734	3.38813	0.702973	14.0447	9.18294	0.124588	39.774	
3.08876	0.489178	15.2108	8.30916	0.576873	29.0555	2.08938	0.985805	10.0933	4.22294	0.949505	10.8327	5.8205	0.623731	23.0059	2.69048	0.517834	8.74963	1.45169	0.530185	6.39174	6.61427	0.986631	20.3539	4.19238	0.656412	16.6116	9.32656	0.391447	34.8513	1.78068	0.20528	5.24733	7.8243	0.5102	28.5206	
2.7325	0.940645	7.85238	6.87498	0.273623	29.3145	2.14956	0.158285	5.23265	2.98945	0.216776	9.23585	4.52555	0.652363	11.5704	3.89067	0.858329	12.6917	1.77839	0.534942	8.80492	5.83405	0.320867	26.6783	3.02068	0.316724	14.4004	7.81121	0.492827	37.3735	0.940725	0.68468	2.65627	6.55277	0.972198	25.1057	
4.39806	0.709531	13.8892	7.82081	0.568201	30.78	5.41907	0.61161	20.3611	6.98564	0.696343	27.8413	7.43447	0.771015	24.0394	7.65764	0.593527	32.86	7.81815	0.280334	20.62	10.0847	0.845587	24.5862	7.19257	0.858055	33.9556	7.31653	0.904423	24.1285	5.37298	0.162343	16.8246	1.42255	0.107956	5.04724	


# This instance was randomly generated with the following parameters: 
# SIGMA_MIN=0.1
# SIGMA_MAX=1
# CAPACITY_OVER_DEMAND=2