11	22
8.6282	1116.54	111.753
137.836	1013.35	91.252
104.134	1224.4	124.117
80.3747	864.499	73.019
76.2942	445.229	17.6881
47.8946	654.27	37.5543
74.9884	1036.83	90.3744
28.7065	784.816	60.7145
71.3317	790.495	60.7155
167.057	1200.55	123.867
155.904	1155.51	111.195
4.13661
11.6986
2.57794
17.5558
15.5341
0.0491423
21.7639
29.0409
7.60294
8.24181
25.5048
0.863624
0.164132
28.3591
15.0292
24.0251
0.480757
18.6749
7.50092
31.6506
22.0673
8.22763
5.67053	1.46037	28.348	5.11613	0.862916	22.4129	5.56744	1.37596	17.5336	4.20819	1.04766	18.3827	2.63798	1.83085	6.12791	3.4158	0.838061	9.07757	5.48675	1.23111	24.6764	5.47162	0.602593	25.8156	6.72941	1.74485	16.041	4.1652	1.73085	19.6835	5.22856	0.70974	20.5029	3.12071	0.578449	8.65238	2.91721	0.600284	11.9772	6.79485	1.75964	14.6911	1.41458	1.1058	5.88372	4.17507	1.05403	14.7765	0.56439	1.78979	2.8055	4.08693	1.19279	15.8685	8.32221	0.877799	34.6578	4.36779	1.29642	9.47014	2.77514	1.10247	5.74498	6.20715	1.19866	30.9485	
2.53209	1.67552	11.0583	10.4446	0.887917	26.4544	2.58778	0.55169	11.9134	3.29866	0.70367	7.93429	4.10013	0.944494	9.53076	10.0578	0.879689	28.2212	1.2923	1.34333	6.32499	3.35184	0.778372	9.83814	3.61998	1.59885	12.0038	8.39314	0.982075	40.1484	8.71766	1.8297	25.7984	9.79395	1.63636	30.3412	8.08193	0.819356	37.0598	2.24619	1.17439	5.28232	5.3446	0.829759	25.6562	7.68835	1.32709	16.0192	6.73365	1.86755	17.2492	8.24734	1.06478	37.5044	1.61926	1.5725	7.48143	4.22061	0.622774	20.0448	6.50955	1.03926	24.8862	6.24853	1.29739	26.061	
6.64786	1.67745	31.9223	3.21039	0.832629	15.1612	6.56746	1.68114	15.0584	8.61193	1.73699	31.2764	6.51236	1.05403	32.5482	5.97021	1.78359	13.2241	7.96649	1.81341	17.1682	5.85473	0.658691	24.1972	6.35606	1.42645	30.5147	10.1479	1.31318	46.1207	0.805053	1.67244	2.02731	7.37533	1.26929	18.5353	8.83494	1.1824	36.4688	7.51963	0.682275	22.7075	5.96563	1.75361	23.1027	10.1823	1.80697	29.8593	6.57478	1.0259	16.7847	1.98111	1.3883	5.81772	10.5346	1.6235	23.9764	9.36757	1.37086	27.8309	8.7129	1.20466	23.0521	3.49216	0.718258	10.0771	
8.8412	1.89552	20.2348	9.96307	0.618005	34.1393	8.77293	1.78574	19.275	5.0801	1.35919	15.9941	5.8033	1.72825	26.4832	7.10391	1.58829	31.0472	7.58941	0.625637	17.4253	9.09954	1.12346	42.3162	10.2842	0.571908	36.0632	1.35198	0.59848	2.85633	10.4337	1.88061	47.8134	5.52781	0.786949	23.2519	2.64645	1.67749	9.11764	9.65433	0.805249	36.4401	5.54837	1.65942	19.1447	1.03348	1.39688	2.98452	4.64076	0.610013	19.6353	9.28788	0.837327	41.1251	9.40699	0.690257	33.1115	4.0936	0.713252	8.97871	2.59812	0.510497	10.1727	10.8832	0.840386	36.3976	
9.13064	1.65588	34.0436	1.21456	0.679739	5.2356	9.02639	0.62274	26.0603	9.20057	1.23457	31.4103	7.24058	1.52987	29.0907	2.60167	1.10683	8.03529	9.76298	0.515615	24.3803	8.53074	1.02568	34.4121	9.49125	0.820774	43.6053	8.28259	1.81164	20.2507	3.87895	0.624673	19.2072	4.33587	0.922605	15.8763	6.94851	0.537467	33.8768	10.2387	0.744664	49.4802	6.10071	0.988487	15.056	8.67755	0.712654	43.1505	5.55872	1.75873	12.9185	3.33584	0.582535	9.24497	12.6612	1.97397	61.5431	9.49461	0.645931	21.4661	7.6691	1.7069	33.3494	7.26767	1.62295	35.6499	
6.51143	0.592835	13.3506	9.86994	1.50293	33.809	6.46119	1.13782	30.2891	2.55196	1.70242	6.85115	4.00057	1.9182	16.0503	7.71875	0.85625	35.9362	5.04138	1.85374	19.92	6.92586	0.909055	29.7742	8.00012	1.62285	17.3625	3.28599	1.32683	12.4643	9.59759	1.83978	26.9447	6.54909	1.69747	31.6107	3.72653	1.79888	14.8415	7.17162	1.54067	16.2583	4.34147	1.93031	9.64295	2.44489	1.60396	10.4428	4.28712	1.27513	14.7594	8.57176	1.34763	25.2381	6.63852	1.09766	21.3005	1.45815	1.26054	5.52137	2.2844	1.78293	8.10185	9.17011	1.48944	42.5162	
4.84824	1.71754	21.9068	4.09441	1.69893	12.9386	4.7407	0.949145	12.898	4.84159	0.86595	12.6794	2.76571	1.92839	12.1786	3.8006	1.466	12.6422	5.24885	1.05036	19.1928	4.41638	1.31288	15.8159	5.58645	1.15874	14.0059	5.98229	0.679069	14.8488	3.5197	1.61573	15.4753	4.2872	1.35001	11.9767	4.73984	1.58841	11.945	5.99787	1.16229	12.8082	1.81366	1.02705	6.07632	5.9387	1.91156	17.2501	2.37059	1.29226	10.7501	2.4563	0.848495	9.86514	8.1575	1.24476	31.9941	5.36565	1.29348	16.9359	4.44357	1.69612	16.3322	4.51433	0.965955	11.472	
8.31191	1.12476	38.2785	3.64048	0.507602	10.7959	8.20473	1.10287	23.1884	7.16294	1.19539	25.4852	5.57593	1.20094	20.3611	0.483214	0.921231	2.39092	8.39701	1.25156	26.9532	7.93741	1.8752	39.272	9.11901	1.83587	23.0058	5.31859	0.715275	19.7223	5.29197	0.990026	24.4829	1.40493	1.40875	6.2332	4.01304	0.766602	18.3296	9.46314	0.903119	19.8892	4.32769	1.85272	16.6111	5.77553	1.64554	28.0867	3.17836	1.16499	7.51644	4.21123	1.12832	18.6864	11.271	1.23272	33.9501	7.18359	1.04736	14.8807	4.96894	1.04199	20.0798	7.74486	0.68458	21.5089	
6.24569	1.38306	20.5351	7.92186	0.513158	33.8502	6.16793	1.61799	30.6424	2.90725	0.697676	6.52833	3.08031	1.13029	11.2935	5.66631	0.728526	25.1757	5.22593	1.30737	18.495	6.42366	0.9194	23.8017	7.64216	1.51752	18.2807	2.28821	0.910561	10.3679	7.93865	0.946812	33.7312	4.55044	1.64533	15.4095	1.98716	0.970039	6.74523	7.15827	1.36671	29.628	2.8379	0.760105	11.737	1.78743	0.928116	8.26332	2.31235	1.56409	7.26437	6.84178	1.20913	29.5184	7.52602	1.75335	17.4393	2.33415	1.73682	6.81999	0.340371	1.46895	1.41092	8.13812	1.28472	31.1092	
5.58083	1.12533	12.9352	2.78494	0.903964	13.2044	5.48023	1.93741	26.4318	6.55212	1.40635	13.6751	4.42477	1.39325	12.9561	4.10594	0.559257	9.69489	6.46353	1.85254	29.2001	4.92977	1.51098	21.5523	5.85447	1.10452	26.1821	7.70929	0.643157	34.1017	1.66034	1.8	7.08075	5.21885	0.916076	11.9192	6.40423	0.815729	19.7987	6.65514	1.72311	18.2252	3.65854	0.953769	11.2612	7.74402	1.18907	35.1197	4.13468	1.86298	16.8064	0.6021	1.87868	2.38336	9.28385	1.19538	32.7882	7.17713	1.97558	21.2188	6.29163	0.70194	24.3666	3.81184	0.628066	11.732	
4.45323	1.30005	16.2139	6.52046	0.894885	22.2726	4.41931	1.01944	21.1323	7.79124	1.45923	31.935	6.10542	1.28835	25.2927	8.49497	1.71441	25.0589	6.1759	1.08505	24.3958	3.66803	0.897586	17.4061	3.50548	1.08228	14.3068	11.0304	0.731321	41.4776	3.82153	1.58843	17.6929	9.46665	1.37798	24.1386	9.91738	1.95834	25.6573	4.90449	1.07233	14.9181	6.26153	0.517167	25.697	10.7877	1.05288	51.581	7.53374	0.784353	36.0683	4.4244	1.32209	16.1766	8.10765	1.33918	20.7376	8.80214	0.711434	32.0152	9.19449	0.536827	41.9852	0.910223	1.28584	2.20164	


# This instance was randomly generated with the following parameters: 
# SIGMA_MIN=0.5
# SIGMA_MAX=2
# CAPACITY_OVER_DEMAND=3