11	22
99.8232	1317.45	146.284
25.586	1379.89	158.878
140.96	949.955	77.0271
23.9944	386.352	12.7485
140.576	861.825	62.0711
119.038	670.034	39.4319
146.291	1247.32	132.228
45.7881	398.906	15.4474
42.6645	1154.79	113.384
20.7215	433.071	15.6074
41.0055	1231.12	135.406
2.67287
9.67688
3.14389
7.9879
3.81315
2.0459
5.17561
3.30328
0.481334
3.96655
2.57406
3.70502
5.56657
0.953448
3.83694
5.92863
7.53607
0.990536
1.89408
1.55747
7.84298
6.19828
3.06532	1.74713	6.76929	8.79367	1.09078	22.4477	7.33416	3.20675	15.8789	9.42221	3.78475	21.25	6.23596	3.56616	12.9397	8.49924	2.52446	30.4712	8.30327	1.31506	39.3963	4.91697	2.94319	13.1406	6.58673	3.54987	28.883	4.54127	1.17998	9.43425	7.59653	1.55297	35.2526	10.3168	1.22348	44.1889	0.674635	3.16382	2.05865	6.04829	1.98248	17.0674	6.29256	2.96824	17.8342	10.2652	3.01169	36.0264	1.50765	1.42827	6.04702	7.18138	1.00436	14.8108	4.02519	3.46234	20.0499	8.99408	3.92706	35.2915	8.84948	2.96067	35.435	5.30139	2.12738	23.7709	
4.73736	3.48417	12.8715	9.58099	2.53097	28.7941	8.41115	3.41281	28.0609	10.8913	1.46919	43.0523	7.04665	2.2518	25.1731	10.1357	1.19556	50.5676	9.63343	3.62879	26.3113	6.61249	2.13495	13.6983	8.04671	3.3694	29.8111	6.17781	3.95684	23.0989	9.22783	1.8487	39.6235	11.7595	3.28245	38.1378	1.98213	3.69404	4.94135	7.32496	3.21293	24.7492	7.55181	2.83665	36.8042	11.4817	3.02627	25.9373	2.02319	3.83875	6.62026	8.64836	3.42557	19.868	4.02211	1.36114	17.5526	10.0759	3.54787	41.1659	10.2715	1.53311	28.3281	5.38772	3.53302	20.8609	
8.40191	1.0588	23.2587	5.27916	2.04209	12.1486	4.07356	3.37817	8.80809	0.887701	1.26052	2.46784	5.89552	2.35704	21.1436	3.44418	2.09733	7.74098	2.07239	3.68344	6.50925	6.51602	3.70685	13.5747	3.54524	3.71346	13.4071	5.96033	1.39198	26.2339	8.29878	1.83928	30.4963	0.334392	2.63399	1.07153	10.3847	1.86468	42.4049	4.3231	1.04877	19.2281	4.14377	3.66157	16.8717	2.08098	1.69567	5.41704	9.61706	2.76953	19.8476	2.96375	1.04716	8.76935	9.28693	1.1793	45.7831	3.30225	1.95916	9.80668	1.27684	2.40047	5.01105	8.81712	1.86922	27.7689	
9.70437	2.26024	46.1062	5.45078	1.6513	26.509	4.75406	1.25123	10.3738	2.21972	2.05759	7.82296	6.59074	1.14075	29.8991	4.70057	2.2893	20.6813	3.04151	2.348	11.4847	7.84579	2.20047	25.9631	4.77558	1.0933	14.7628	7.25258	2.33507	24.2908	9.57836	2.35544	30.2832	1.35063	3.36318	4.30835	11.5993	3.77051	32.7516	5.36004	2.36896	13.6585	5.14989	2.77408	23.0665	1.88329	2.00209	5.45446	10.7039	3.64443	41.8055	4.21886	3.08042	14.0584	10.1477	1.21521	37.4549	3.55319	1.13869	7.45966	2.51585	1.69441	6.42607	9.53493	1.07218	43.7471	
4.91411	3.41369	13.0306	5.36563	1.73399	20.545	3.21539	3.30477	6.80716	2.71586	1.13355	11.0507	4.30611	1.60735	11.9564	2.42844	1.25415	5.62769	2.24202	3.9733	10.9114	3.17083	1.88366	14.5079	0.56337	3.06244	1.58939	2.46147	3.24022	4.97311	5.81674	3.40856	28.7279	3.64115	3.24604	7.86161	6.9397	2.33262	33.9127	1.97665	3.07964	7.59354	2.02713	2.99057	5.19047	4.36952	1.82256	18.7721	6.4435	1.63418	30.2091	0.646168	3.87444	2.36865	6.74106	1.62411	27.4118	4.03989	1.29797	16.4571	2.28059	2.08208	4.88556	6.72108	1.8605	18.6567	
1.15613	1.35129	4.98823	8.81676	2.49321	29.1541	6.7315	2.18479	26.2443	6.89141	3.68536	24.2883	6.7213	2.18546	23.9736	5.08097	3.92191	24.124	6.55149	1.97169	17.6163	1.24366	1.50131	5.054	4.57756	2.91627	15.6666	2.09788	3.08905	9.93398	3.49369	3.84617	9.22678	7.82526	1.02793	31.6972	3.97498	3.95583	19.7519	5.05353	2.73274	11.895	5.29086	2.54668	20.5949	8.70367	1.28698	20.7765	4.95515	2.59876	17.3579	4.99461	1.54221	13.4294	6.80716	1.17951	32.5456	8.07289	2.30519	28.7153	6.60895	1.8308	24.3565	7.599	3.17011	27.2331	
7.90703	3.20271	35.6114	3.24649	3.9248	15.7284	2.16661	2.66288	9.01691	2.23143	2.57295	4.52734	4.00465	2.20256	15.5226	4.47652	3.97599	11.99	0.993945	1.95429	2.77192	6.37914	2.95183	18.0978	2.94402	1.0421	12.1283	5.48352	3.12134	25.0251	8.91565	1.99662	38.3333	2.39097	1.48966	6.95531	9.41824	2.46902	19.738	3.00148	2.49563	14.4164	2.75928	3.18556	6.64322	1.23161	3.68667	3.41517	8.29436	1.72179	23.1509	2.59109	3.15389	7.28638	7.57426	1.72645	15.3645	1.29153	3.39056	3.13979	1.61282	1.25277	7.67491	6.94955	1.76645	18.2863	
8.09168	1.02369	33.1612	3.09457	3.77607	11.777	2.177	2.41999	9.45397	2.42463	2.63367	4.85729	4.00035	1.02665	14.25	4.70477	3.42906	18.9062	1.21708	1.33939	5.42219	6.5893	1.06851	18.0219	3.14828	1.20075	15.4728	5.67717	2.72359	14.2804	9.14631	1.36464	26.3471	2.52024	3.29727	10.5872	9.55748	2.05162	24.4914	3.13309	3.83089	8.46909	2.88548	3.93422	13.9546	1.08774	2.44553	4.90124	8.39192	1.45796	33.2055	2.81136	3.93844	8.42134	7.6044	3.53378	22.8987	1.12131	3.24235	3.34286	1.8324	1.607	8.22527	6.94118	1.32556	27.9382	
9.54251	3.0882	44.591	7.0002	2.52384	19.1191	5.87987	3.85523	12.3013	2.20108	3.85223	9.04099	7.69694	3.64098	34.1721	3.81858	3.42391	10.8219	3.84991	2.39572	14.4542	7.5008	2.27708	19.6024	5.02874	3.03119	16.7584	7.1926	1.58832	28.013	8.58121	1.10191	35.6456	1.48896	2.07739	5.60788	11.7676	3.42754	41.4468	6.01077	2.16854	22.305	5.85551	1.16552	21.1234	3.54984	3.67806	16.6569	11.1984	3.60429	35.0473	4.42648	1.16709	19.2263	11.0333	3.3245	27.4668	5.02983	2.52134	25.104	2.92119	2.84762	9.16723	10.6091	1.02405	36.112	
4.3739	1.19851	14.4012	4.99221	3.07572	22.4392	3.65392	3.38962	15.4791	6.57896	1.67463	19.8204	2.44065	2.36049	11.9897	6.64697	3.27991	23.094	5.06482	2.8227	17.6914	4.60759	3.7401	10.9551	3.89113	3.05091	14.009	3.44179	1.17474	16.7792	8.10788	1.79503	37.7289	7.35159	1.61874	26.0314	4.34758	3.71311	12.7259	2.77137	1.05181	6.83619	2.95449	1.12576	14.4044	6.76219	1.89746	20.8638	2.73514	2.75371	9.37456	4.45797	3.24883	16.1937	2.45901	2.84343	9.89589	5.31763	1.3121	26.426	5.8618	3.74527	21.994	2.79354	3	13.6603	
8.61299	3.76234	28.6962	4.94667	1.88007	18.9585	3.89188	2.21568	16.2273	1.25409	1.1881	4.46175	5.73016	1.9737	21.279	3.85228	1.42913	17.1916	2.00651	1.18821	6.07386	6.7813	1.87752	30.4182	3.67715	3.1184	10.3286	6.15854	3.20347	25.4045	8.68444	3.38183	17.3754	0.725698	3.42681	2.94876	10.5051	3.01984	51.7244	4.31548	1.04738	17.0576	4.1174	2.12942	20.2543	1.64583	3.19829	3.90918	9.64805	2.39142	36.9623	3.12057	2.63031	14.1037	9.19967	1.76445	35.4677	2.97187	2.51529	6.33628	1.41949	3.27068	3.33266	8.66855	2.17167	35.0423	


# This instance was randomly generated with the following parameters: 
# SIGMA_MIN=1
# SIGMA_MAX=4
# CAPACITY_OVER_DEMAND=10