4	8
7.40465	986.257	92.3245
113.674	889.515	66.4706
16.3419	1288.15	139.351
38.9581	981.314	95.4089
6.65146
1.76032
5.21073
5.10402
3.8291
3.3897
5.4941
7.91611
3.6508	0.738253	14.8935	4.44792	0.446351	14.0889	4.01027	0.142778	10.7537	4.08113	0.254069	10.8129	5.95638	0.610735	25.3184	3.14159	0.573008	11.6288	8.31986	0.167825	36.0656	2.14278	0.518012	10.3456	
5.20813	0.684346	11.2322	0.480789	0.691503	1.14422	1.52717	0.163411	3.76263	2.48946	0.118359	6.51525	1.49315	0.690915	4.23038	5.86237	0.857093	11.8998	4.13269	0.371154	16.1458	2.99624	0.831127	7.72058	
9.1425	0.93741	25.4341	3.88673	0.252641	12.4924	5.51959	0.187093	22.5223	6.48033	0.417999	16.2049	4.41256	0.621006	20.9052	9.65602	0.103906	37.2833	1.08018	0.192959	4.05133	6.6393	0.377911	24.4706	
0.872527	0.804226	3.08244	4.83404	0.67107	16.2963	3.45759	0.756671	14.8945	2.83509	0.444835	12.9262	5.46547	0.815536	25.5994	1.0089	0.309679	2.12027	8.97617	0.824246	39.7678	2.10084	0.32219	7.71738	


# This instance was randomly generated with the following parameters: 
# SIGMA_MIN=0.1
# SIGMA_MAX=1
# CAPACITY_OVER_DEMAND=10