4	8
102.872	719.847	45.045
107.909	1038.16	106.965
161.743	804.791	62.3618
146.233	653.203	42.4777
11.4121
40.8367
11.0321
4.83342
37.9238
19.5885
10.9775
34.6291
3.96553	2.60097	12.6755	5.65548	3.67666	24.5282	2.96694	3.85496	8.76125	5.82291	1.48424	16.2686	5.72897	2.09886	20.6365	5.23564	3.10669	15.6024	2.11875	3.43823	7.98956	3.5324	1.46015	7.66219	
6.8186	2.11052	21.8004	5.95885	1.41524	23.3198	1.17025	3.57946	4.36656	3.24308	2.60972	9.71352	5.74597	2.01472	26.5254	2.27252	3.78145	8.51967	3.45169	1.00317	8.31232	4.71129	2.99143	22.6822	
10.2715	3.82737	39.0113	8.06167	3.91522	22.3101	3.97842	2.94453	8.93843	2.43155	3.51464	8.20698	7.65403	2.96807	21.5401	1.54366	2.48982	3.56659	6.69592	2.72049	27.1621	7.48139	1.58205	30.0151	
2.50639	3.19421	6.61696	6.18708	1.56295	14.954	4.71491	1.56227	10.4575	7.55001	2.04459	35.9065	6.41231	3.43398	22.7709	7.04979	1.44059	18.2051	2.95499	2.66513	7.45726	3.97639	3.66877	10.6451	


# This instance was randomly generated with the following parameters: 
# SIGMA_MIN=1
# SIGMA_MAX=4
# CAPACITY_OVER_DEMAND=1.5