11	22
118.937	1365.73	156.115
42.0998	1181.78	136.745
158.562	671.021	44.6032
21.5309	1061.57	112.62
118.671	819.902	55.9771
51.2697	1081.09	98.002
148.371	989.811	83.4208
160.652	814.849	59.9458
107.79	404.389	14.834
9.68467	968.036	78.1413
51.8956	844.089	59.4118
2.09859
0.999413
9.73327
0.304527
1.33689
3.68589
1.48924
0.777168
8.89231
5.50068
6.8553
3.53743
2.74994
6.88161
4.1357
3.89158
8.18759
0.607903
1.58283
0.476114
6.4204
9.83725
1.72345	0.775374	6.09146	2.40283	0.509809	9.96203	2.36024	0.886603	9.22	9.62494	0.879891	23.4974	7.05027	0.257752	24.783	3.13018	0.485312	14.1989	5.12444	0.207758	17.3504	6.74248	0.452145	33.3511	9.65504	0.991561	24.1897	6.39603	0.841093	26.3885	10.9325	0.648378	40.5103	2.46889	0.315186	9.34899	6.2142	0.543773	18.8035	5.10882	0.367756	13.8783	2.72348	0.912092	6.74379	9.6842	0.493958	41.9152	2.86242	0.46037	13.4308	10.3265	0.450387	40.0395	8.09607	0.921979	31.3388	6.7329	0.26746	31.7826	11.4571	0.52064	43.7107	4.86979	0.48287	16.5535	
5.44462	0.534377	10.9666	6.22845	0.174821	29.2871	4.8487	0.789727	10.4728	2.63178	0.392868	11.1685	4.79822	0.692714	22.0141	7.58481	0.789298	24.3135	8.68168	0.769632	37.9993	2.14966	0.554684	9.32807	3.04216	0.340417	14.0013	2.08489	0.115403	9.04481	5.56204	0.682417	18.7509	5.06772	0.795549	19.6411	2.09604	0.974527	4.43375	4.99399	0.799974	12.0203	4.43384	0.841261	18.496	5.60355	0.19115	19.803	4.73416	0.893784	10.6607	6.42056	0.797543	25.7705	5.83053	0.457456	26.0403	7.1797	0.886838	33.7772	6.77859	0.261085	19.8879	2.28221	0.250701	7.57566	
6.3107	0.941769	21.165	7.09297	0.285205	15.4793	5.70776	0.755241	13.625	1.7928	0.617137	7.55727	5.0676	0.264945	17.8157	8.43207	0.856302	36.7595	9.33447	0.108184	41.2705	2.47783	0.105906	12.1243	2.34962	0.396015	4.93633	2.70424	0.152324	10.0579	5.09283	0.113862	21.5499	5.89877	0.909193	17.106	2.76122	0.679768	11.1358	5.56176	0.666584	11.2878	5.31133	0.48547	26.0179	5.42624	0.784419	11.143	5.55336	0.270237	25.6768	6.22152	0.62325	17.1845	5.98118	0.635008	18.8191	7.60722	0.290206	16.9525	6.40341	0.183979	27.1435	3.16135	0.849232	9.49168	
2.14792	0.106343	6.67067	3.71675	0.557495	14.2769	1.51531	0.676682	6.29894	5.76655	0.550733	17.0982	4.17231	0.707143	18.3338	5.20456	0.855926	16.7298	5.80451	0.487347	25.3272	2.95762	0.976924	8.44464	5.78862	0.505178	14.8132	3.38217	0.325905	12.5769	7.32	0.723555	30.4138	1.69298	0.548936	6.41343	3.20716	0.67665	14.4184	2.93738	0.891676	7.27133	1.43179	0.549022	5.63578	6.40525	0.450077	22.1545	1.38869	0.99196	5.09464	7.15818	0.134392	33.1872	5.39667	0.458629	21.5431	5.36113	0.516836	26.1267	8.07626	0.593354	19.9423	1.35656	0.233761	2.91456	
5.17541	0.863681	10.5244	5.78192	0.123025	27.017	4.6067	0.432521	11.1773	3.12223	0.785557	7.77357	5.15128	0.197643	22.696	7.10567	0.571492	22.9658	8.72409	0.266805	35.7996	2.53546	0.365905	7.97334	3.59602	0.389101	8.4361	1.51583	0.261067	7.38876	6.13164	0.234872	20.0851	4.8927	0.863834	15.2576	1.52407	0.957241	7.01444	5.14272	0.380382	15.4404	4.11315	0.226919	17.2377	6.12454	0.836253	14.1068	4.58583	0.376976	21.3617	6.94433	0.388957	19.5704	6.23291	0.179247	26.9792	7.41579	0.674273	15.5857	7.33709	0.835807	16.385	1.97012	0.146445	4.06921	
1.38921	0.663167	3.64289	2.79411	0.434062	10.2061	1.97054	0.796305	9.38063	9.23814	0.339242	40.0845	6.41225	0.227567	14.1161	3.71645	0.346538	8.05009	4.53569	0.262667	19.2305	6.25302	0.147746	28.1798	9.21118	0.400524	41.3818	6.27079	0.184543	24.1939	10.3664	0.365906	37.2618	1.92785	0.448299	8.68771	6.08601	0.301547	28.1862	4.45222	0.504661	11.7729	2.51705	0.802134	9.7091	9.06747	0.521075	35.0069	2.32471	0.41486	5.03937	9.69463	0.47087	47.4987	7.4378	0.395976	29.0142	6.04854	0.263602	19.1449	10.8471	0.220229	42.5357	4.5931	0.207139	15.0136	
5.39868	0.322437	26.4482	7.68753	0.322441	17.6899	5.33371	0.59494	15.3413	9.80272	0.150118	48.5172	4.64325	0.410236	14.7025	8.78299	0.584713	18.8281	0.956961	0.156135	2.51736	6.56756	0.648993	17.952	9.26584	0.493081	33.6071	9.08707	0.560201	26.605	8.86755	0.258063	29.5296	4.67583	0.227179	13.4309	8.92239	0.1696	21.7596	3.4035	0.941844	7.27085	6.15784	0.265339	21.098	7.00185	0.661872	21.0123	4.67074	0.32236	11.8433	7.24827	0.258107	30.4028	4.84125	0.406275	18.9589	2.21936	0.966199	5.48795	8.6368	0.598413	41.3426	7.04729	0.573135	19.5688	
8.73581	0.348004	22.8103	10.2898	0.202475	51.2039	8.09996	0.422072	16.8298	2.89723	0.611762	13.1329	4.26236	0.555176	10.5892	11.7541	0.928845	38.7737	9.61012	0.934844	39.4908	3.72541	0.348205	14.5238	1.92632	0.846956	5.44725	6.71639	0.533093	28.6996	1.01393	0.651813	5.01255	7.95636	0.973563	24.9204	6.73099	0.939888	13.8941	6.01663	0.907337	28.9444	8.0949	0.203168	17.0253	2.38714	0.577201	8.06153	7.5593	0.808003	35.1104	2.87662	0.489838	9.5943	4.26841	0.44103	20.235	6.8458	0.837053	29.8921	2.44922	0.775402	11.048	6.31341	0.319119	18.3328	
6.49985	0.947355	22.9944	8.35972	0.490719	37.2524	5.89057	0.59957	16.5699	3.90181	0.228118	18.0249	1.69603	0.614551	7.92548	9.84753	0.424782	43.5991	7.02124	0.206542	20.8188	2.0399	0.96459	6.39448	3.12093	0.740971	6.49513	5.87119	0.128059	19.3458	2.87379	0.84019	5.9954	5.62888	0.953264	19.7203	5.81368	0.802187	16.126	3.4272	0.406187	9.90493	6.0679	0.320831	14.0191	1.80555	0.603829	4.71731	5.24034	0.972908	22.1501	2.60969	0.967117	9.93106	2.12331	0.670696	5.77383	4.39586	0.449812	20.5978	3.43482	0.705656	10.1299	4.72912	0.509745	23.265	
5.03643	0.856298	19.1937	5.65803	0.789077	21.0675	4.46761	0.133622	10.8063	3.23152	0.497801	8.48319	5.09075	0.166424	16.4855	6.98915	0.768669	26.285	8.60265	0.240069	29.7137	2.49186	0.981053	10.5408	3.67974	0.961735	12.9914	1.48336	0.117854	7.25081	6.17578	0.538192	29.0204	4.75505	0.102764	15.2023	1.47515	0.43892	7.15646	5.03858	0.247655	21.9378	3.97544	0.455884	16.6886	6.12515	0.651891	19.5795	4.44946	0.563644	11.6966	6.94602	0.11164	31.1791	6.18546	0.243924	20.9931	7.32574	0.880451	20.4572	7.36461	0.182971	22.4008	1.83128	0.130219	4.00731	
9.56673	0.837586	44.0139	11.5157	0.680346	27.2739	8.98033	0.264951	19.7736	5.52081	0.196229	27.1714	4.07319	0.706791	12.9684	13.003	0.223769	32.7409	8.96509	0.993117	28.4012	5.13585	0.599586	20.3352	4.53257	0.888299	18.5652	8.7869	0.395638	22.9039	1.77063	0.751143	6.5594	8.64941	0.180942	17.6584	8.75985	0.214884	34.4366	6.07965	0.999232	28.1754	9.21709	0.408957	20.568	1.40715	0.107149	2.88798	8.27597	0.365558	38.845	0.849449	0.97847	3.57932	3.31111	0.382802	15.0831	5.87923	0.110732	14.7141	0.576239	0.222213	2.55582	7.86986	0.189133	35.0015	


# This instance was randomly generated with the following parameters: 
# SIGMA_MIN=0.1
# SIGMA_MAX=1
# CAPACITY_OVER_DEMAND=10