11	22
35.6477	1283.82	159.781
54.5795	505.271	24.3116
154.315	903.211	76.9389
78.3356	1320.94	152.676
128.563	1042.11	95.7044
2.21308	1312.5	143.979
65.0044	1198.04	135.082
87.9557	1101.71	109.721
61.7292	1193.26	121.947
150.649	1082.48	102.658
24.4397	1372.71	156.202
1.26979
56.1127
17.9432
19.421
2.80959
45.519
9.45663
82.2889
0.785907
29.423
75.6873
27.6578
2.62507
60.4088
70.1999
71.8992
28.7581
68.4087
69.1701
5.77602
57.634
49.4118
4.97447	1.88498	18.6501	9.35774	0.751604	39.9751	6.41414	0.607474	29.7327	4.50643	0.938447	9.79427	6.97916	1.36528	29.9214	5.0031	1.28169	20.5197	6.37507	1.48571	19.3657	2.83891	0.713862	8.99393	5.89097	1.7538	24.6865	3.73439	1.56823	16.4878	3.96513	0.568089	16.9568	4.641	0.655539	13.5778	4.91282	1.77024	23.8108	6.7971	1.04338	20.5113	5.84153	0.590161	21.4812	6.68683	0.558063	18.046	9.80587	0.799123	40.7177	2.70372	0.893201	9.28071	7.01637	1.12213	32.8492	6.28727	1.35288	29.6563	10.1035	1.11089	29.928	9.30663	0.807263	33.4994	
4.64279	1.26842	18.0186	2.90756	1.84292	7.67107	2.07319	1.54714	10.3389	4.69044	1.35677	15.9191	3.42833	1.48763	16.1762	6.65073	0.87644	22.5174	4.54521	1.69436	12.6522	6.49931	0.667251	25.14	2.8549	1.43166	7.57684	5.12722	1.98356	22.8421	2.89969	0.558155	6.32314	2.66685	1.7212	11.0932	5.62876	1.46471	12.1322	0.749625	0.914728	1.82134	1.88453	1.87589	3.8949	4.74957	1.05388	14.8513	3.48925	0.608772	11.5484	4.97404	1.62608	23.654	5.02247	1.71449	23.465	3.48666	1.19725	16.163	5.51129	0.825506	15.342	4.28126	0.501556	19.3923	
8.30356	1.71833	38.9183	3.47897	1.29907	7.46179	2.57335	1.27125	6.87023	5.3256	0.582941	12.1543	2.34933	0.806094	7.55501	10.2701	1.00061	41.5248	3.81043	1.65878	17.3413	7.84604	1.4953	28.8259	6.51849	0.872622	32.1308	8.64279	0.885623	42.1922	5.02466	1.31856	12.5476	6.25136	1.17469	29.359	5.86748	0.967945	24.2688	2.93928	1.76787	10.6732	5.55895	0.535618	16.4949	8.36983	0.978014	22.0708	4.51129	1.88426	14.1211	6.64519	0.665789	15.459	3.7512	1.3841	17.8151	7.11476	1.20847	33.3813	1.91992	1.81402	5.16373	0.649125	1.58346	2.50313	
8.83411	0.733089	22.1738	5.16673	1.2127	12.3536	2.65942	1.53829	12.6969	4.26425	1.87953	17.2491	1.52097	0.914102	5.26098	10.6468	1.75236	37.4175	2.43012	1.07771	9.46087	6.82222	1.74027	23.3727	7.31104	0.831558	33.3276	8.90181	1.86334	41.8408	4.74137	1.6398	18.0538	6.7174	1.65278	17.091	4.56166	0.627273	14.8212	3.79416	1.69757	10.9579	6.33537	1.60093	31.4086	9.23465	0.551076	25.4534	6.20157	0.501397	29.0018	5.87883	0.800324	28.6831	2.14133	0.664772	7.66099	7.97636	1.49924	19.5053	1.67666	0.677696	5.22042	1.49532	1.10564	7.17827	
4.90146	0.801819	11.6227	3.1396	1.53085	10.1398	1.60055	1.13504	4.38613	4.26196	1.59455	17.0535	2.96326	1.01553	12.0969	6.86681	1.47469	25.1591	4.0641	1.95049	10.0148	6.16633	1.52519	13.5517	3.21723	1.54927	6.49576	5.27466	1.52413	24.2882	2.5929	1.90504	11.5402	2.8499	0.750945	7.66684	5.18778	1.0977	12.6109	0.52448	0.790952	2.10074	2.23958	0.799803	10.889	5.13461	1.28084	25.0622	3.81777	1.78162	10.4777	4.65894	0.603511	15.6323	4.54254	0.968969	16.7735	3.87471	0.62714	18.7521	5.18183	1.54451	18.2052	3.98043	1.15271	8.10557	
6.98887	1.80228	26.2423	1.13774	1.51284	4.60906	3.09763	1.86716	11.241	6.32666	1.6588	14.6841	3.84401	1.52522	12.5685	9.05143	1.24894	42.5134	5.371	1.32225	19.7211	8.57324	0.729629	40.0826	4.99454	1.75109	15.4658	7.65165	0.838442	37.0883	5.14289	0.507289	16.7246	5.19221	1.24539	22.3819	7.10886	0.779677	29.9778	2.1682	1.33409	10.7976	4.15925	1.36989	20.7948	6.64298	1.91775	25.513	2.17403	1.67116	9.30922	7.1381	1.75787	18.0315	5.55726	1.12264	18.3308	5.45735	1.43951	11.9656	4.18529	1.12041	12.4362	2.96762	1.50185	9.6866	
6.83152	1.28757	24.4601	4.31238	1.80535	18.3864	0.676452	1.52039	2.87718	3.15773	1.45325	12.8086	0.713473	1.80932	2.99019	8.63629	1.09384	30.2842	2.08434	1.86527	10.3011	5.62238	1.26862	14.1444	5.38628	1.26086	13.528	6.89713	1.68884	25.8494	2.86688	0.830925	9.53627	4.7149	1.46285	21.2913	3.83832	1.98008	17.4507	2.09564	0.995015	7.33133	4.42245	1.46946	15.3287	7.31563	0.642147	21.3689	5.26592	1.67544	20.4351	4.39104	1.72266	9.45709	2.40286	1.20553	11.8805	6.07044	1.92361	15.5942	3.44996	1.46141	9.57784	2.53952	0.884285	12.2697	
5.23096	1.08388	21.1489	4.39742	1.93654	16.7883	1.06785	1.2948	3.92164	2.88667	1.30831	12.2338	2.21219	0.649061	9.91085	6.9969	0.747002	28.5576	2.90431	0.729001	12.5082	4.88725	0.608463	15.3054	3.96206	1.01468	12.4039	5.25286	1.29526	25.9471	1.47816	1.74597	3.24086	3.12429	1.23674	9.56802	3.81721	1.41464	15.9458	1.64865	0.60831	7.56526	3.05389	0.741187	15.021	5.86946	1.31063	13.7304	5.15612	1.06184	24.4513	3.42972	0.966129	10.6742	3.4774	1.99544	8.8095	4.66539	1.16821	9.85673	5.06455	1.12017	12.75	4.04339	1.08332	14.8126	
8.37319	0.807749	17.8342	8.43982	0.843112	39.3779	4.45423	1.30325	12.4464	1.58526	0.844656	4.16858	3.78323	0.612256	9.18083	9.48915	1.91108	41.9823	2.28291	1.22194	6.96028	2.80116	1.64454	6.0312	7.85531	1.88437	39.1873	7.73223	0.860208	23.1098	3.82014	1.63757	15.7531	6.63823	1.93616	22.8733	0.629124	0.620744	2.20637	5.85824	1.6169	25.0762	7.12062	1.31167	15.1437	9.56827	1.80246	22.6999	9.33211	1.40983	28.9075	2.90012	1.21037	8.74286	2.53025	1.36179	7.14351	8.5382	0.804558	20.6688	6.22759	1.47052	29.7949	6.04319	1.24631	26.0898	
4.06157	1.76417	13.2535	4.17411	1.92522	19.3036	2.11315	0.790417	9.31063	3.78758	1.20268	11.5672	3.40786	0.744246	17.0335	5.9222	1.08361	27.5513	4.12419	0.529215	12.8031	5.32551	1.29293	23.856	2.72468	0.957306	8.16435	4.24887	0.721458	13.1582	1.73865	0.807654	5.71447	1.94511	0.910903	6.57937	4.76201	0.869237	17.2759	1.66501	0.522846	6.4667	1.84036	1.91165	8.48502	4.62918	0.778053	12.276	4.72509	0.504745	22.2865	3.78584	0.501477	8.2936	4.71319	1.21969	11.6422	3.42916	0.651387	16.8281	6.05301	1.48163	19.5617	4.9218	1.65995	16.2699	
6.11906	0.717057	15.3986	1.50034	1.4845	4.79784	4.97507	0.868925	13.5445	7.98881	1.39163	29.5042	6.0764	1.29806	19.7146	8.13046	0.99412	39.2464	7.49539	1.46054	35.004	9.83546	1.63243	27.3897	4.12458	1.17099	18.8906	7.15055	1.67324	22.0163	6.23297	0.905752	27.0749	4.97342	1.50345	13.7114	8.89472	1.72091	21.9066	3.52222	1.45705	9.00431	3.72252	0.767187	7.90599	5.17312	1.42243	10.5228	0.675901	1.72965	2.07885	8.30132	0.722029	24.8146	7.81568	1.88084	32.0852	4.26743	0.777383	19.6528	6.75822	1.21567	33.6254	5.55138	1.67625	26.5286	


# This instance was randomly generated with the following parameters: 
# SIGMA_MIN=0.5
# SIGMA_MAX=2
# CAPACITY_OVER_DEMAND=1.5