12	24
119.961	523.795	27.418
23.1693	729.438	48.6457
136.559	501.773	23.3246
74.2974	1130.99	126.904
31.1656	1060.06	107.96
128.863	939.19	75.7945
55.6862	1221.43	145.472
162.17	945.285	78.8708
69.517	915.849	71.9709
65.9598	762.58	52.3183
167.28	1000.28	87.6206
72.5623	654.203	37.7024
1.05995
1.6877
6.33649
5.32117
4.6866
1.58101
4.14085
0.716387
4.544
3.10819
1.99652
3.78355
5.2034
2.17418
6.14144
1.68172
4.41704
5.41967
4.68019
2.42562
3.77457
4.20124
5.40987
3.90874
2.85257	2.07016	13.1986	4.04533	3.06416	12.5423	2.83449	2.23422	6.17952	3.15049	1.03172	6.67951	5.28485	2.08308	15.8126	5.43165	2.22507	16.1736	4.39848	3.75111	19.0257	5.26583	2.74994	12.1512	3.21314	3.62126	7.78023	3.04252	2.23007	11.3357	3.5357	2.51966	16.8551	3.57234	3.44356	9.54404	1.71842	1.71903	6.90606	4.02355	3.84029	11.802	4.63168	2.6811	21.4185	2.7007	1.23532	8.12186	1.36672	1.08027	6.03203	4.47317	3.36187	9.71475	3.84476	1.84263	9.88406	2.69622	1.46009	12.5979	3.06181	2.3743	13.0162	3.14466	1.49898	8.46245	4.01945	3.22944	14.2844	3.4787	3.88693	10.6808	
4.79134	1.14774	18.3521	7.19078	2.60564	29.1968	1.82235	2.58056	6.41134	2.41991	1.4924	5.09861	8.82616	1.42504	41.7614	3.95362	1.11866	16.5687	8.77259	1.72262	28.6934	7.90263	1.71878	32.5698	5.55183	2.49845	21.6824	1.66235	2.32341	7.29362	7.24862	3.69785	26.0491	6.3332	3.56889	21.0304	4.1465	1.94695	9.80849	7.31071	1.24008	20.7255	1.88577	3.3484	5.6475	5.68847	3.81898	21.6794	3.34737	1.98523	9.44233	8.14437	2.18523	17.6061	2.2323	2.83543	10.4622	6.72791	3.36517	30.199	7.33043	2.17413	35.5511	5.66615	2.81404	18.435	1.44532	2.92357	4.04214	3.87582	3.24773	16.895	
2.49584	1.14316	9.81037	4.79885	2.65005	15.6172	1.87486	2.21763	5.91256	2.67938	3.30059	9.25169	5.69604	3.09498	11.56	4.57759	3.71046	10.2628	5.25805	1.15945	23.6862	5.33315	2.80305	21.2029	3.6963	1.8879	13.0463	2.32489	1.79748	5.38571	3.98537	1.55275	18.9653	4.20404	1.84312	21.0039	1.31621	1.16888	3.67455	4.29386	1.24158	13.3314	3.66751	2.92663	11.6615	2.75945	3.21487	9.64349	0.475439	2.36501	1.92395	5.35636	1.85511	21.7353	2.89765	2.94292	8.97575	3.29993	2.34323	12.4196	4.02781	3.21876	19.7324	3.04656	1.83507	14.4341	3.05357	3.06634	6.97883	3.4117	1.5424	6.82404	
6.87908	2.71765	17.7268	3.16857	2.12134	10.862	7.69317	3.99364	22.4883	7.15195	3.82236	27.8146	5.98655	3.86703	18.7963	10.1052	1.81518	38.0488	2.63768	3.37617	5.42136	7.41233	3.72741	29.6396	4.54678	2.64581	17.971	7.50879	2.06763	36.4151	5.03943	1.92409	14.0738	3.89807	2.51752	14.2696	6.17823	3.24244	25.8362	5.92388	1.45014	12.0768	9.5079	3.76997	19.7675	5.94539	1.39896	23.0338	6.22622	3.5835	15.9877	1.96335	1.47926	9.79826	8.70368	2.18984	32.8921	4.30435	3.69961	17.2659	1.81573	3.38208	6.22217	6.54069	1.65322	22.3816	8.89031	1.10946	21.832	6.43531	1.80291	20.2518	
3.3688	2.72063	10.4907	4.61634	1.81337	14.3332	5.05001	2.11832	24.3329	5.63564	2.18368	20.3542	3.22928	2.7601	12.8599	6.7537	3.60398	30.5248	2.04791	2.80119	6.87516	4.03753	1.06096	11.1542	4.71781	3.10841	12.8188	5.53359	2.75851	18.174	1.67469	2.20256	8.02887	4.64581	2.75039	11.9797	2.96319	2.65668	6.60755	2.51804	1.4351	7.55159	6.60378	3.37988	24.9726	2.34332	3.39517	10.4196	3.45629	2.18359	14.662	4.30315	2.35419	19.6416	5.7061	2.19076	18.9025	0.730066	1.49912	2.15508	2.1932	2.37514	10.2142	2.93189	2.41162	13.2872	6.11604	3.6755	24.4077	5.71894	2.46836	14.0136	
1.01816	1.66117	2.18248	5.85019	2.57678	19.4923	2.54828	2.39604	11.8548	4.13707	1.87179	8.61281	4.4647	3.75957	15.7845	3.96813	1.46312	13.0991	4.87663	1.57728	24.1897	3.84135	2.86837	15.0288	5.03194	3.61897	10.83	3.60661	3.23827	12.6631	2.89106	1.56035	6.25743	5.41173	3.8153	26.103	0.243113	3.51876	0.893847	2.96884	2.41734	6.39104	3.8175	1.93087	18.5762	1.34793	3.96823	3.47038	1.26787	1.6058	6.2464	6.13572	2.74476	25.636	2.90137	3.36262	13.4217	2.53219	2.24219	9.96577	4.38982	1.62016	14.8217	1.5266	3.99405	3.7989	3.4155	3.54063	12.1786	4.94342	2.71152	23.2824	
5.35104	1.95453	15.2306	4.54247	3.0693	15.2481	6.93912	1.57785	18.193	7.11799	1.4502	31.4264	3.79664	3.39322	18.6265	8.75829	2.84567	31.1495	0.487386	1.27778	1.48585	5.31072	3.36255	26.0111	5.338	2.14905	21.6173	7.20026	2.40303	34.4369	3.01777	3.87187	7.0529	4.95452	3.84086	17.6984	4.96055	1.89185	24.1725	3.87527	2.8721	11.6487	8.57419	1.81283	22.7042	4.25979	3.77594	12.2329	5.35012	2.3525	14.433	3.69649	1.30203	11.4427	7.68859	3.97593	30.4792	2.51311	1.7157	7.89014	1.95368	3.01368	7.51286	4.81563	1.44279	15.7495	8.05414	1.78182	25.9615	6.84372	3.46759	29.2061	
2.88019	1.85041	5.95647	7.05779	3.82653	27.5488	0.812569	3.28945	1.65248	3.18479	3.21059	13.3532	7.01057	3.62478	23.075	2.527	3.40843	6.4636	7.45277	1.94123	27.7077	5.94907	2.51188	24.5136	5.67518	1.86069	13.6586	2.26672	3.06857	5.86534	5.54402	3.3055	16.8487	6.33656	2.2256	16.1596	2.49351	1.19881	11.9626	5.48043	1.07311	16.0801	1.227	3.20202	3.07806	3.89138	2.86983	16.838	2.06429	2.92925	4.98581	7.75126	1.15773	31.2393	0.529782	3.96185	1.55335	5.1906	1.49606	18.8535	6.46942	3.09953	21.5875	3.77581	2.49964	18.5092	0.742696	2.76357	2.902	4.57089	1.35404	12.7592	
4.76801	1.6626	12.9587	5.25439	3.67986	23.5501	2.06282	1.65959	5.08054	0.441293	2.59183	1.77204	8.30021	1.91508	32.3806	5.29269	1.77208	23.0097	7.53349	2.19853	19.0267	7.82316	1.25835	32.7211	3.58032	2.22991	10.6095	0.532327	3.85161	1.43749	6.58544	3.73089	25.0803	4.37498	3.48465	20.8087	3.74585	1.56565	8.63099	6.88459	3.84875	34.3719	3.45822	1.39667	8.78767	5.30932	2.8592	25.0744	2.72449	2.64831	11.4941	6.28061	2.12069	20.0954	3.29123	3.22497	6.83276	5.85006	3.70641	24.392	5.75089	2.39767	14.3366	5.49836	3.70359	24.9942	2.77597	1.59838	6.21305	1.92275	2.1703	9.53252	
5.32937	2.31618	18.9486	3.51214	1.9877	11.2932	6.4643	1.09217	20.7915	6.34857	1.2598	14.3572	4.57471	3.49759	18.9284	8.62851	3.29389	25.9522	1.50635	2.47129	4.84218	5.85824	1.52656	18.249	4.34447	2.19305	17.8329	6.53196	1.69773	26.1654	3.46685	3.25378	10.9733	3.92926	2.51095	14.7249	4.72119	2.14389	19.1705	4.35336	1.53824	17.6503	8.20342	2.05326	21.0847	4.35802	2.94398	9.39091	4.91769	3.664	12.4894	2.72849	2.0121	7.00632	7.3558	1.99498	27.3129	2.70407	1.98594	7.08468	0.944495	1.50849	3.96935	4.95026	3.87056	12.0161	7.62968	2.95241	35.5906	5.94205	3.48658	16.2576	
2.20401	1.13993	9.46978	4.62969	3.48002	11.4346	3.03817	3.06823	12.1534	3.8407	3.04741	17.0826	4.52281	2.10786	12.9744	5.14944	1.49879	14.7336	4.03866	3.70494	12.1176	4.44986	1.20139	10.9717	3.9738	2.7737	19.1943	3.59002	1.4907	11.0617	2.78166	1.03029	7.17483	4.25828	1.42972	17.1999	1.23238	1.69931	2.55621	3.2184	2.86637	15.1453	4.67091	3.86094	18.726	1.89483	1.52878	5.14063	1.4428	2.25523	6.91808	4.8778	1.062	10.1344	3.8061	1.34761	18.709	2.02982	1.6507	5.02206	3.1766	3.60639	14.3437	2.36911	3.28604	5.98696	4.13732	1.29566	15.9562	4.28354	1.92977	19.5269	
6.0002	2.35085	24.6552	2.43639	2.14916	7.97073	6.60621	2.65605	29.4396	6.04571	3.28396	13.1164	5.73947	2.23513	27.4289	9.12437	3.66186	43.2134	2.65129	3.03414	11.1816	6.92156	3.15074	27.1318	3.56657	3.32488	10.1619	6.39419	2.08247	16.7801	4.52151	2.67912	12.2589	3.00613	1.13465	11.6396	5.20485	2.44653	16.5943	5.40145	3.25742	15.2999	8.43724	1.1338	18.8466	5.16264	2.55717	19.8199	5.1708	3.46285	24.8352	1.54483	2.54936	3.35607	7.65154	1.6235	18.225	3.65746	3.81691	12.0224	0.809976	1.29826	2.85004	5.76273	1.30749	11.9547	7.80809	1.72887	23.7365	5.38224	3.78706	17.1901	


# This instance was randomly generated with the following parameters: 
# SIGMA_MIN=1
# SIGMA_MAX=4
# CAPACITY_OVER_DEMAND=10