10	20
0.384542	564.583	27.1273
73.4587	1095.34	109.413
26.6017	987.16	84.6773
6.27221	453.808	19.0474
1.05109	779.161	51.0952
15.5347	690.119	41.0495
16.2711	1088.71	103
61.9	694.536	43.2418
103.007	946.621	75.2313
152.88	884.984	70.5891
4.402
4.33366
2.37206
2.68216
1.9614
2.90185
4.37971
3.31325
1.4244
3.87722
3.82278
3.71192
0.72422
1.74061
3.36067
1.56224
3.95822
3.76242
3.02163
5.13477
5.08644	0.834561	19.9045	1.95347	0.59863	7.69906	4.47802	0.674056	11.4829	4.52885	0.428533	21.4574	3.39825	0.832367	15.7444	3.21394	0.993099	10.7355	3.77129	0.126385	12.8777	4.05088	0.32615	11.8021	2.36005	0.753095	5.48506	5.92221	0.291011	23.5514	4.28521	0.291754	21.079	0.507332	0.815579	2.06524	6.45928	0.968718	22.0697	2.78059	0.235922	11.5684	2.78433	0.120492	12.039	6.34338	0.248779	12.9329	3.68013	0.877781	14.4349	0.604819	0.826332	1.98713	4.06532	0.591877	19.05	6.19515	0.523403	22.5944	
6.50607	0.334085	20.4244	0.959861	0.622297	3.66051	2.11091	0.781676	6.60251	7.03635	0.592283	20.8701	4.92107	0.507704	14.3077	0.814343	0.895767	2.42534	5.03684	0.182304	23.3962	6.32847	0.497936	29.7308	3.27472	0.622974	11.644	7.23157	0.735641	15.8075	5.55647	0.395058	19.8159	2.51763	0.295014	8.19983	8.79677	0.631611	18.7134	0.688075	0.584764	2.69859	5.2403	0.75256	11.999	8.73416	0.797025	25.5495	5.5831	0.123872	20.5642	1.95333	0.5904	6.97347	5.46977	0.313473	24.9707	8.24373	0.39694	22.1495	
7.26501	0.110425	19.7631	1.72722	0.499382	7.29307	2.25177	0.332995	5.11288	7.45879	0.968009	36.8716	4.82956	0.311936	22.3397	0.375619	0.980506	1.11103	4.85486	0.816404	21.563	6.93204	0.421067	19.0631	3.13268	0.301715	10.2587	6.98839	0.974501	31.8573	6.32127	0.889912	19.4801	2.84755	0.981568	9.40831	9.38298	0.568851	28.3354	0.185107	0.877595	0.62341	5.55842	0.845557	13.1938	9.29187	0.182922	46.1425	6.27458	0.488753	15.3083	2.36593	0.790214	9.6227	6.2236	0.670594	22.7403	8.92179	0.20183	33.2878	
5.46001	0.109302	19.8291	8.69368	0.815298	41.3582	11.1713	0.935878	36.8405	2.87133	0.38775	7.59181	7.50572	0.797343	29.2321	10.2385	0.429559	39.5047	8.0653	0.586908	24.6146	3.31379	0.558286	8.93257	8.21509	0.930083	35.3365	8.76366	0.587619	28.3363	5.92928	0.770872	12.2513	7.24231	0.795829	29.3861	1.19673	0.571411	3.68712	9.82451	0.523974	25.863	4.92368	0.130281	13.6367	0.886868	0.692864	4.01913	4.60683	0.894042	20.3967	7.64891	0.187914	21.886	5.66436	0.580258	26.2613	3.02003	0.53516	14.5959	
5.53385	0.795491	22.2765	8.84634	0.992	25.4946	11.3188	0.570167	51.1862	3.04212	0.164028	9.47445	7.67537	0.348035	26.6322	10.3974	0.743957	24.664	8.23449	0.394916	16.8769	3.44994	0.705853	10.5378	8.38574	0.375079	19.5109	8.92145	0.588686	39.1975	6.02487	0.113287	19.6868	7.40718	0.796768	36.7935	1.25004	0.525666	2.69222	9.98535	0.423244	29.8697	5.09463	0.169714	19.3621	0.995434	0.23321	2.57734	4.72436	0.81695	16.3785	7.8108	0.619002	21.9349	5.76513	0.695817	12.0824	3.05219	0.552521	9.18672	
4.80784	0.430283	20.9472	6.01078	0.293565	22.6482	8.55851	0.429783	33.2343	0.406094	0.739998	1.91112	4.55673	0.210517	10.801	7.39792	0.875678	32.0214	5.13096	0.820157	16.6068	1.88791	0.261958	8.61137	5.16708	0.943772	15.3793	6.19881	0.828946	26.8842	4.75149	0.479769	20.0379	4.30194	0.980518	12.0546	2.90495	0.709096	12.5612	6.94792	0.676432	29.7557	1.8814	0.447693	8.83798	2.58088	0.280013	11.1409	3.18092	0.589691	14.1065	4.77252	0.410602	17.0967	4.41451	0.673765	12.5085	3.76996	0.918641	13.4198	
4.34741	0.765618	13.1987	6.66331	0.335342	13.5397	9.16956	0.662909	33.7695	1.18668	0.834906	4.60281	5.6969	0.302975	19.4465	8.17805	0.235658	26.1356	6.27245	0.787143	15.8716	1.55948	0.89029	3.19681	6.2243	0.310284	22.9095	7.31284	0.304768	20.6229	4.52001	0.545624	20.1954	5.17594	0.9421	11.0644	1.76068	0.781954	6.38919	7.75918	0.195201	16.7678	2.98632	0.827204	13.5103	1.46398	0.740551	6.52831	2.99612	0.745463	6.31258	5.582	0.970578	27.6223	4.20441	0.109224	14.9762	2.78861	0.589124	13.6771	
5.36061	0.902875	11.3032	2.93872	0.945286	9.48521	2.59064	0.771762	9.091	8.2999	0.44556	24.4941	7.82748	0.786141	35.5756	3.76161	0.357444	7.90674	8.08	0.972413	29.9175	6.72235	0.252077	13.7594	6.36625	0.792031	15.1439	10.2996	0.335973	41.0474	4.46999	0.611986	20.7247	4.92026	0.612706	23.7517	9.02999	0.629481	29.8051	3.98904	0.603113	13.08	7.11686	0.145257	25.1052	9.14946	0.279924	39.4469	5.43215	0.813858	15.2577	4.36589	0.821646	12.772	4.60152	0.933608	11.8641	7.8408	0.727524	29.5239	
1.08334	0.526471	4.49149	4.62021	0.117354	13.2605	6.30617	0.527977	26.1299	5.46531	0.648954	12.3216	7.49268	0.593825	32.5258	6.35805	0.851607	22.1952	7.981	0.835474	35.3909	3.31974	0.561555	11.6206	6.79558	0.826232	31.6228	9.91387	0.9531	39.726	0.339021	0.159772	0.852638	4.9511	0.888499	13.7192	5.1177	0.662872	15.4684	6.21431	0.638214	23.179	5.38122	0.869446	20.5239	5.3587	0.118439	22.0043	1.91002	0.82815	6.32979	4.80756	0.687799	9.91486	0.67269	0.903532	2.85369	3.6548	0.579928	16.6221	
6.43152	0.5311	26.7196	6.58898	0.952381	15.284	9.11393	0.302893	19.8448	1.45569	0.88034	6.2154	3.69041	0.154466	7.6378	7.68247	0.518289	26.8376	4.21013	0.873795	14.9368	3.54341	0.793311	17.2857	4.80214	0.25986	13.1848	4.79389	0.484275	19.4987	6.27799	0.701751	24.5135	4.56655	0.733148	19.8223	4.25579	0.686345	21.1744	7.18513	0.99956	21.7525	1.85495	0.322827	5.82856	3.83464	0.298095	11.6753	4.73478	0.623662	13.7214	5.13762	0.177725	10.2871	5.93829	0.79538	25.3653	5.39549	0.884776	24.3939	


# This instance was randomly generated with the following parameters: 
# SIGMA_MIN=0.1
# SIGMA_MAX=1
# CAPACITY_OVER_DEMAND=10