4	8
132.687	1187.82	116.88
126.403	681.823	41.7563
54.927	623.594	35.2664
114.539	729.169	45.3324
13.8067
11.375
5.78334
17.0557
16.2072
4.48024
9.21718
1.8198
9.68936	0.637304	38.6631	3.17627	0.966114	7.08334	4.80664	1.23306	11.1108	5.34805	0.849442	14.3475	6.88908	1.79151	29.1635	3.78783	1.92911	10.6541	5.82165	1.02674	20.9945	4.61772	1.63375	13.3579	
2.17771	1.29988	7.3142	6.93635	1.08434	20.0413	8.77216	0.957038	21.383	7.43894	1.2228	28.7078	5.95059	1.77162	27.5244	5.76397	0.655989	26.5315	5.4327	1.03886	24.5529	9.70638	0.594363	34.1321	
3.20968	1.21928	14.1403	4.02036	0.907588	15.9246	6.8406	1.52152	29.9175	5.7499	1.24488	15.2821	4.99214	0.836593	12.104	2.91027	1.89425	10.0571	2.95213	1.09945	9.70365	6.96452	0.857755	31.5987	
4.3703	1.48816	15.0584	6.49369	1.02285	26.7316	6.69701	1.78286	28.7959	5.29062	1.89788	25.318	3.60307	1.3653	14.3011	4.96725	1.42495	12.5796	5.94143	1.68899	23.1362	9.76804	1.40697	35.9011	


# This instance was randomly generated with the following parameters: 
# SIGMA_MIN=0.5
# SIGMA_MAX=2
# CAPACITY_OVER_DEMAND=3