4	8
126.598	854.604	61.4298
34.4534	1294.94	142.899
171.18	613.868	34.0388
10.3517	998.946	84.6079
0.903718
1.19591
16.5778
23.2182
20.0988
18.7317
15.1849
11.7475
8.20728	1.11806	17.6886	5.95181	3.9414	20.1356	7.59973	2.8225	17.4893	11.9649	1.1417	34.4778	9.22225	3.75714	32.2955	9.43415	1.50784	33.1491	4.87053	3.80168	11.422	8.68164	2.3147	22.5439	
2.24432	3.60065	9.45922	4.04938	3.56734	13.0463	4.45663	2.90368	20.6912	5.58087	2.45143	12.6657	3.1671	2.16502	13.0114	3.2713	1.1505	7.84055	2.55603	1.61492	9.48854	5.87467	1.31692	28.4931	
3.82502	3.44088	14.4651	4.54603	3.02554	18.3376	4.04617	3.65075	18.6359	7.76587	2.01845	33.6553	4.83955	3.80986	17.3474	5.53105	2.66785	12.6428	2.63103	2.60368	9.13634	7.05088	1.88434	30.9993	
5.87151	1.86185	18.9856	1.75598	3.18295	5.47767	8.58551	2.72985	25.8097	6.69721	2.81558	13.7919	6.422	1.75587	31.0617	3.97475	2.34461	10.8697	2.99971	1.07409	11.9886	1.74256	3.96969	5.11557	


# This instance was randomly generated with the following parameters: 
# SIGMA_MIN=1
# SIGMA_MAX=4
# CAPACITY_OVER_DEMAND=3