12	24
93.8457	476.215	21.8252
79.0269	1174.01	114.917
47.5544	652.427	39.0476
55.5762	787.029	58.7812
100.211	416.944	17.1513
76.3084	1197.23	126.401
63.8062	1112.92	121.544
108.021	1210.54	137.912
58.2072	503.654	23.165
8.52544	929.206	71.9874
61.6199	601.225	31.9961
138.563	1034.15	100.461
17.3492
11.3876
2.28217
4.06237
45.8194
16.4657
21.0258
1.15486
33.7853
17.5897
43.2116
25.47
45.4306
9.9032
35.6975
2.84427
53.496
41.514
38.9944
25.934
27.0901
7.30289
16.7282
32.2535
9.37143	0.833744	42.9482	7.84885	0.980237	22.4112	6.90199	0.951758	14.745	3.18035	0.85594	8.85121	4.59648	0.580934	21.1814	2.73272	0.273671	8.55844	2.51066	0.473831	7.60502	9.70859	0.89742	33.2732	5.89787	0.436049	11.8721	4.8699	0.248619	15.0136	5.59387	0.781012	17.2386	7.14439	0.826375	20.5642	6.52367	0.54417	30.6919	7.02769	0.83617	23.138	9.4549	0.542485	46.8756	9.63519	0.783391	37.3	7.90601	0.123189	36.5017	7.17768	0.719517	35.0584	6.41354	0.852273	27.8827	2.26475	0.684253	7.43916	9.69599	0.194239	27.6849	6.59129	0.25901	25.7605	7.80369	0.199992	24.4894	8.5544	0.748875	40.324	
9.38411	0.32602	32.492	8.56701	0.460349	32.9978	7.65178	0.979559	22.3092	4.2952	0.269156	12.96	3.48208	0.674574	13.46	2.55913	0.44189	7.72696	1.72384	0.382002	3.86346	10.3398	0.73805	27.1479	4.99261	0.672194	18.5675	4.44153	0.738799	22.0075	4.98174	0.617014	10.211	7.31007	0.58726	26.5759	7.28484	0.275848	18.1683	6.44767	0.560249	30.5558	9.68631	0.860796	27.7945	9.47681	0.575548	32.2014	8.44945	0.607907	38.1486	6.54012	0.177908	31.7997	6.43156	0.242592	19.6876	3.15141	0.121133	14.0388	9.89495	0.554856	28.7059	6.40363	0.587619	21.8882	7.60383	0.895878	22.491	8.89424	0.590159	22.9278	
3.54045	0.599642	16.115	1.89036	0.927699	5.11165	2.23456	0.443955	5.58704	6.02491	0.778833	12.9963	9.0079	0.16972	21.4286	6.13442	0.176683	25.0617	7.51435	0.518252	19.8161	2.24242	0.9181	5.51278	8.16282	0.591639	40.8064	5.77229	0.921432	26.4905	6.52506	0.489036	25.526	2.21953	0.337361	6.06356	2.44546	0.640756	10.7261	6.54567	0.894532	16.5721	2.25899	0.413359	4.80811	4.77363	0.96235	9.55652	0.531239	0.458958	2.11677	6.93104	0.763603	30.6621	3.27578	0.391195	10.5136	5.86592	0.705366	19.814	2.6026	0.189831	9.04412	4.30801	0.206542	17.7071	4.40538	0.168776	15.0444	1.08494	0.575406	2.56531	
8.66927	0.424807	42.8804	7.97068	0.440506	18.6238	7.07277	0.144592	15.6461	4.00826	0.320147	12.2769	3.28351	0.433982	15.2636	1.84385	0.138784	5.82844	1.18411	0.161024	2.42854	9.70708	0.393913	42.4643	4.56433	0.683286	15.3469	3.77751	0.661771	9.01704	4.38312	0.651592	12.7821	6.59818	0.280811	26.6988	6.7129	0.125952	16.3195	5.84189	0.741063	28.7403	8.97722	0.90931	32.9106	8.77463	0.160076	41.316	7.79617	0.108996	18.2194	5.95829	0.407234	27.0109	5.71595	0.981192	23.3502	2.72105	0.345998	6.57939	9.18335	0.417198	24.6873	5.70108	0.794582	26.3977	6.90483	0.350152	25.0826	8.1983	0.500446	19.9736	
8.16968	0.499056	40.0031	9.67845	0.142427	21.388	8.96964	0.120865	36.4467	7.20375	0.599381	35.6054	0.503709	0.799056	1.52766	3.43154	0.404174	10.2439	2.50421	0.915697	8.69442	10.9998	0.285815	51.8126	1.50607	0.182882	6.29752	3.0531	0.193661	8.23089	2.6475	0.36002	11.1984	6.87908	0.340325	25.8731	8.68546	0.874943	40.3484	3.79434	0.667935	8.88387	9.12283	0.709922	36.0887	7.72229	0.162356	17.5634	9.01477	0.20459	36.9414	3.67757	0.505857	18.2966	5.73471	0.407533	22.9744	5.74953	0.251831	22.7322	9.20765	0.441639	18.825	5.06328	0.594273	23.0085	5.97147	0.892683	12.7085	8.76308	0.990775	20.4135	
5.13216	0.467671	12.7434	9.08144	0.43362	37.9522	8.77461	0.820795	41.221	9.2334	0.249734	33.9776	5.04001	0.768912	16.7523	5.68852	0.223023	17.4261	5.90162	0.152552	12.5043	9.6234	0.740304	26.0083	3.0361	0.475725	7.65052	3.55223	0.328962	15.3392	2.69078	0.410793	11.4112	5.27682	0.351177	13.6936	8.65658	0.552522	23.2636	1.34142	0.178004	4.33461	6.65698	0.61791	18.8865	4.12402	0.958035	10.7971	7.92568	0.579553	38.3344	1.10933	0.346224	3.82209	4.38606	0.764214	13.1621	7.90452	0.367073	23.2714	6.57591	0.701474	15.1176	3.30229	0.964219	13.7119	3.15856	0.298548	15.5093	6.90414	0.353589	16.6499	
3.42403	0.723319	12.7454	6.73515	0.863587	21.0574	6.4356	0.72267	21.2497	7.34435	0.737811	16.747	5.21756	0.730995	16.8283	4.34465	0.954914	11.1471	5.07921	0.744253	24.67	7.35897	0.360246	17.7147	3.60379	0.861208	12.1148	2.29798	0.884145	6.46903	2.16458	0.199398	9.61341	2.95939	0.704116	10.058	6.33024	0.717474	18.7365	1.42265	0.510951	5.28246	4.65807	0.277502	22.3358	2.94021	0.711804	12.7054	5.59948	0.517482	27.8468	1.79433	0.829133	4.38251	2.04103	0.282314	6.74188	6.16081	0.477325	18.4021	4.65645	0.608546	19.1931	0.966331	0.196231	2.35122	1.19014	0.297915	5.4497	4.6928	0.634686	22.747	
7.56974	0.87316	19.1319	6.91	0.640058	20.135	6.03875	0.742105	19.3577	3.52433	0.441963	8.83105	3.54302	0.505797	7.13435	0.797594	0.920402	2.66517	1.25499	0.473001	3.94225	8.60008	0.956301	35.1065	4.31428	0.405835	17.413	2.9454	0.750705	13.0266	3.73388	0.83901	15.2308	5.45635	0.512059	13.9099	5.69079	0.151542	17.6101	5.13406	0.166339	18.5284	7.82994	0.298827	31.3371	7.7458	0.623371	25.2254	6.67059	0.213474	33.2423	5.31045	0.111916	15.1021	4.60697	0.229161	10.4652	2.07855	0.231071	7.91307	8.04045	0.527142	18.8006	4.68321	0.20698	13.6018	5.89562	0.922533	25.7842	7.04509	0.59325	27.2841	
7.44072	0.27455	15.4136	9.50866	0.768321	25.5609	8.87835	0.70228	31.6909	7.63052	0.183144	30.0614	1.55785	0.339893	7.7374	3.74093	0.797728	10.5967	3.15711	0.730318	8.73795	10.6761	0.140882	50.4622	0.473363	0.510223	1.80596	2.68965	0.805591	8.86326	1.97491	0.935996	4.41112	6.39908	0.745106	24.1306	8.62681	0.143068	32.3867	2.8665	0.684799	6.92392	8.52883	0.755498	25.0173	6.8789	0.221101	21.911	8.71709	0.920724	41.6527	2.69983	0.14769	9.54443	5.24783	0.717379	20.395	6.16688	0.422945	20.5266	8.58094	0.647495	39.4874	4.43739	0.739545	21.1155	5.2113	0.869894	11.0082	8.28932	0.622836	31.321	
4.63946	0.115154	10.607	1.49547	0.438307	7.00234	1.09901	0.254372	2.90994	4.55506	0.861119	11.0118	8.33827	0.839818	17.8448	5.18707	0.47524	24.3917	6.58239	0.691699	21.6768	3.03442	0.603525	13.1869	7.80942	0.409665	30.4286	5.33206	0.995499	13.6869	6.2342	0.190448	20.1692	2.63895	0.44033	8.9198	1.12399	0.178534	5.27244	6.58769	0.402633	27.1246	3.64706	0.640901	12.2433	5.72167	0.657476	12.5264	1.22928	0.526671	3.63024	6.96854	0.479468	28.7111	3.32189	0.141581	10.9403	4.51606	0.785462	20.7741	3.98289	0.511215	14.2512	4.40567	0.525374	19.7974	4.8847	0.726864	12.4287	2.46741	0.842283	11.3218	
3.01784	0.651576	10.0775	4.67077	0.20512	20.7139	4.34521	0.536803	18.5453	5.79268	0.838142	14.8565	6.01499	0.810575	29.6534	3.82614	0.290501	12.6425	5.01158	0.296709	23.9418	5.49245	0.62872	18.1653	4.94243	0.433789	21.1371	2.67591	0.80493	8.2806	3.29856	0.452615	8.26843	1.15485	0.484972	3.92628	4.24647	0.44492	16.1565	3.34658	0.955073	13.5509	3.46641	0.798958	9.10059	3.40487	0.559658	13.7045	3.61378	0.992724	16.6107	3.73175	0.382146	11.1069	0.0685835	0.531344	0.242908	4.86623	0.551627	18.7845	3.6109	0.624827	11.4009	1.13184	0.995212	3.3921	1.86198	0.978391	7.77765	3.04529	0.993642	11.6308	
8.00417	0.998901	23.6885	5.58504	0.152542	13.8297	4.62438	0.829308	10.3433	1.11906	0.674343	2.97701	5.94345	0.639462	23.7686	2.79856	0.539396	12.1244	3.63637	0.194884	9.47224	7.49911	0.352422	18.1313	6.60234	0.899516	19.497	4.72793	0.846389	11.4608	5.70445	0.437455	22.8172	5.6322	0.779457	17.2929	4.24215	0.896629	9.20613	6.9245	0.550461	21.5904	7.73842	0.957101	29.659	8.55425	0.887587	37.7264	5.81341	0.168244	23.8885	7.18258	0.803631	17.9769	5.21586	0.122776	21.4457	0.365413	0.990796	1.04719	8.02094	0.193213	19.7849	5.75633	0.209188	25.3693	6.89441	0.374479	29.6659	6.70824	0.574978	23.6078	


# This instance was randomly generated with the following parameters: 
# SIGMA_MIN=0.1
# SIGMA_MAX=1
# CAPACITY_OVER_DEMAND=1.5