12	24
3.84249	1184.46	120.084
67.3656	927.171	85.4996
102.557	960.089	85.877
86.3348	793.453	55.3194
24.3464	1163.64	119.454
146.709	999.507	89.4884
87.9343	911.039	80.8952
100.513	1048.09	97.2108
157.987	476.332	19.5442
10.6218	1208.11	137.779
164.664	512.232	23.9377
58.2174	1115.33	107.844
5.22188
14.4706
2.87682
13.6796
6.91401
4.2451
7.35631
0.499913
10.9054
1.55621
2.75768
16.1394
13.5896
15.4244
14.4191
4.0009
7.73407
2.56296
14.919
2.38681
11.8601
8.8015
13.0528
9.21262
5.24742	1.26659	24.0184	1.8742	0.932474	4.7609	2.13634	0.594732	9.90835	3.72695	1.0271	17.162	4.37849	1.11017	9.88401	2.83648	1.34899	6.81296	1.61697	0.681822	7.95786	2.12756	1.52017	8.1171	5.1376	0.990171	12.858	2.80752	1.26986	12.9522	7.10987	1.78537	29.919	5.91239	1.47663	12.811	5.31997	1.87022	19.3509	4.9355	1.77201	15.8685	3.39231	1.89211	7.31187	3.89857	1.81704	14.7153	5.4008	1.08611	11.2843	3.16809	0.969034	13.4949	2.20846	0.861918	7.95527	4.72364	1.23286	19.0731	2.42661	0.692532	10.7892	3.78471	1.67737	12.24	7.96114	1.92402	19.1119	2.48667	1.54467	11.3198	
5.9597	0.665486	18.4155	4.14264	1.16402	9.6727	1.42278	1.33328	3.65928	2.31441	1.28294	5.93111	1.51456	0.949253	4.10379	2.18056	0.71665	6.86305	4.31091	1.06845	19.6109	3.51248	0.539811	12.8526	2.18752	1.66997	10.9169	4.44659	1.40011	16.3187	4.2505	1.68327	16.41	2.9881	1.29571	9.24176	2.44063	1.85543	11.547	5.72765	1.33077	16.1136	3.02882	0.968257	10.8202	5.24692	1.0602	11.354	2.61218	0.53434	12.4735	0.412059	0.891348	1.65424	1.41249	0.829343	5.25321	2.01903	0.55111	9.66994	0.843324	1.06191	2.0079	5.629	1.5702	24.9152	5.84053	0.684453	25.2241	5.36313	0.557929	24.5755	
0.531793	0.694909	1.4294	7.17586	0.73732	16.8613	5.04977	1.74863	25.0711	8.43243	0.864168	24.1341	6.65776	0.530494	30.3637	4.22737	1.80538	12.9312	6.61749	1.80111	21.1308	3.38456	1.62512	10.8508	7.38553	1.73791	27.8303	8.22908	0.722581	21.8215	10.1031	1.58159	38.6365	8.81556	0.566811	34.5975	8.47927	0.875719	34.7092	0.668121	0.527106	2.91964	8.57863	1.93518	24.9477	1.62852	1.52875	3.40383	6.94818	0.816355	19.5542	6.16301	0.56087	22.4234	6.85564	0.99406	29.3383	8.31964	1.3528	38.8909	5.58693	1.35565	12.4892	9.03872	1.50335	33.8633	12.2221	1.12511	53.7642	6.71145	1.88689	16.4622	
6.78981	1.59258	24.5625	1.48848	0.533173	5.69684	4.59035	0.804925	15.5612	5.23401	0.603265	22.8874	6.7534	1.52804	28.1016	5.2366	0.89395	18.8765	0.989534	0.803873	4.7431	4.01713	1.56045	13.5963	7.46842	0.504618	31.7397	2.33525	1.46601	7.9539	9.12592	0.599473	32.8512	8.03993	1.54243	36.0408	7.41873	1.30117	34.3268	6.47173	0.649144	25.8801	4.39674	1.18656	15.7015	5.23831	0.802565	20.0126	7.80894	0.914672	36.214	5.53289	1.45308	27.0112	4.1535	0.882462	12.8101	6.72802	1.28573	16.6438	4.84497	0.769351	11.4366	2.49191	1.24387	6.28952	9.30285	1.59662	30.7722	0.216867	1.47791	0.95341	
11.5093	1.21656	49.6116	7.44523	0.868497	34.3526	6.94411	0.841097	18.8415	3.89096	0.660902	14.2071	5.61838	1.37646	25.5194	7.72637	1.70106	33.9127	8.04958	1.27984	18.552	8.94816	0.972644	34.2831	5.20651	0.887285	17.1165	6.80655	0.673955	19.0308	3.22603	1.33103	15.2448	3.83742	1.70097	9.59277	3.80354	0.752548	12.3255	11.2847	0.655364	36.8751	4.53713	1.58823	11.3564	10.7713	1.81744	41.6683	6.0123	0.841183	15.2428	5.7958	1.20038	21.0003	5.46488	1.70945	21.3153	3.68754	1.8208	16.1586	6.38147	1.27629	30.8669	7.54486	0.758536	33.0035	0.374092	1.24583	0.748642	9.11558	1.62908	40.5752	
8.09021	1.55076	32.3706	8.29861	0.876323	20.5709	5.12959	0.561794	17.4662	5.29752	1.37711	24.0123	2.74138	0.68985	5.79881	5.09376	1.49474	13.7761	8.49953	1.82597	31.8403	6.95424	0.556905	26.5491	2.00253	0.696439	6.634	8.44024	0.787791	35.7901	2.56233	1.59608	9.70857	2.17755	0.653386	4.43719	2.64997	1.68494	10.1364	8.00002	1.97089	24.967	6.43155	0.512866	15.1622	8.13672	1.44945	27.9257	1.83194	0.577819	6.58614	3.95125	1.40892	15.1973	5.45267	1.01195	23.6994	3.38273	1.90523	9.57178	4.70753	1.09831	20.6945	9.59797	0.733289	44.684	5.78313	1.57672	18.3637	9.54689	1.50683	21.239	
7.61166	1.2789	20.1168	6.06295	1.44072	27.2048	3.53651	0.870588	11.271	2.86918	0.733858	8.2045	1.45882	0.832847	5.01051	3.96427	1.34243	15.7579	6.36119	1.31223	31.3741	5.61333	0.885539	25.678	0.978885	1.0883	3.05309	6.08502	1.08731	14.1863	2.07843	1.37685	8.0639	0.77724	1.43679	2.80115	0.437201	1.57968	1.75368	7.43319	1.33536	21.7489	4.00524	0.72699	16.9176	7.19152	1.02296	27.4703	1.81564	1.45049	8.59085	2.18329	1.54732	6.0933	3.20871	1.23745	14.8225	0.974585	0.712782	2.60773	2.98405	1.98821	12.6115	7.22275	1.62757	20.9959	4.41758	1.545	21.2798	7.45569	1.86307	27.9332	
6.48155	1.32652	28.9039	0.839839	1.93867	2.78159	2.96563	1.78067	10.2899	3.2088	1.84475	10.019	4.82581	1.75061	19.4358	3.85021	0.880715	8.5996	1.0977	1.15063	3.85894	3.363	0.787152	10.7718	5.48754	1.77513	22.9889	1.58313	1.01048	6.29406	7.04533	1.84909	34.2713	5.97003	1.63511	21.3588	5.34632	0.708465	25.9974	6.16884	1.70102	19.9647	2.54067	1.28785	10.8803	5.10946	1.99147	23.6198	5.91331	1.33036	23.2741	3.6216	0.910664	17.6109	2.08676	1.03524	7.05393	4.64852	1.13296	16.3577	3.04704	0.715894	10.4327	2.63253	1.52494	5.70035	7.38311	0.968907	22.3533	2.21588	0.608621	7.96852	
3.07679	0.709871	12.3712	4.99184	0.956145	24.4573	1.67228	1.07511	5.70493	5.06153	0.516363	10.7503	3.21155	0.743935	10.4957	0.708911	1.4223	3.20553	4.71686	1.25376	10.6114	1.62772	1.14562	5.94748	3.99535	1.75018	8.01126	5.81593	0.989411	15.9073	6.66044	0.758633	25.8138	5.35588	1.95252	19.3601	4.97678	0.964684	23.232	2.85967	0.677473	11.9106	5.43086	1.97004	24.9441	2.62747	0.696513	9.53798	3.73596	0.664289	16.7427	2.63835	1.61342	8.09568	3.60498	1.84753	15.2695	4.79217	0.65454	14.8455	2.13067	1.80145	5.08126	6.88007	1.83549	27.6142	8.69903	1.01779	22.0711	5.37671	1.59643	21.82	
7.11429	0.533761	18.2887	1.90277	1.57539	4.89189	2.86811	1.83824	11.9212	1.89094	1.80087	8.22577	4.08352	0.642335	18.1772	3.88955	0.951612	16.7574	2.39609	0.530178	11.9784	4.03182	1.69514	14.0512	4.61913	0.617866	17.6297	1.86798	0.992144	4.43318	5.84443	0.857035	29.1471	4.85845	1.73537	10.981	4.23048	1.89165	9.53733	6.8182	0.676264	30.748	1.28254	1.86808	6.06391	5.90455	1.27001	29.3999	5.18197	0.617769	13.0405	2.99137	1.55658	9.75854	1.19449	0.816995	4.9541	3.49005	0.791722	16.1182	2.68778	0.616908	7.61359	3.04287	1.45188	12.5947	6.05529	1.463	18.3193	3.50316	1.281	15.283	
5.71343	1.28189	23.4314	5.90053	1.66993	24.3778	2.39464	1.44529	4.92084	3.86241	1.36272	13.9049	0.596937	0.722496	2.5345	2.33936	0.522464	7.81716	5.97463	1.20815	14.1112	4.18524	1.2335	13.7348	1.16849	1.73766	3.16341	6.27948	0.606826	13.7951	3.89405	0.931451	17.4773	2.6334	1.42103	7.76639	2.42289	1.46487	8.27129	5.56248	0.609819	12.0825	4.7718	1.0492	13.2968	5.49289	0.752626	25.2521	0.954336	1.28952	3.45742	1.46577	1.31585	5.30212	3.25381	0.903933	6.55893	2.58524	1.67105	8.75151	2.05959	1.20471	5.73444	7.46172	1.69429	16.6447	6.39559	0.590811	25.9832	6.95635	1.12288	33.7883	
3.57313	1.46679	7.65431	5.97828	1.62529	28.845	2.27471	0.901962	7.30196	5.29944	1.47895	11.0877	2.67753	1.5301	10.7103	1.34328	1.33616	3.85552	5.79129	1.77398	12.5614	2.87285	1.20693	13.3182	3.33263	1.45494	10.1549	6.68999	1.45822	29.3014	6.05945	1.79074	22.0985	4.80115	1.13288	21.8001	4.54815	1.80484	10.6871	3.44942	0.550186	10.6334	5.90016	1.03242	29.1445	3.60402	1.93368	10.8529	2.85918	1.8212	6.40784	2.61786	1.83653	11.1242	4.08723	1.19034	8.38587	4.55835	1.83175	9.78836	2.4804	1.30304	7.10402	7.81082	1.07247	30.6118	8.46913	0.954268	36.2936	6.53603	0.710136	20.5158	


# This instance was randomly generated with the following parameters: 
# SIGMA_MIN=0.5
# SIGMA_MAX=2
# CAPACITY_OVER_DEMAND=5