11	22
0.456293	1052.85	110.318
52.873	878.977	75.5466
143.718	401.356	16.0385
141.545	983.513	84.0793
47.9418	634.624	36.7809
68.9849	943.393	77.7355
93.5	572.153	32.3796
137.938	1081.74	116.81
172.603	397.456	14.4017
55.1712	1016.66	94.3098
53.5429	879.679	75.6222
11.9391
7.7195
43.3162
10.1088
3.20951
10.2834
17.1451
54.0841
10.5875
27.9698
17.2446
40.7379
13.4826
39.9467
11.5093
24.6234
1.45005
14.9648
28.0806
24.2491
54.2661
22.4299
3.43779	0.950315	13.3153	2.76962	0.567309	11.2064	5.56263	1.31696	18.7817	3.46761	1.25923	11.9318	7.06519	1.13862	21.3144	6.44807	1.73939	20.6521	5.35981	1.03182	17.0129	7.48904	1.99325	24.3525	1.99462	1.0066	9.78003	6.67133	1.52299	19.0192	7.85386	1.61171	21.0467	7.75586	1.1988	37.8536	3.45074	1.29839	11.3224	6.56642	1.46678	16.5728	8.45123	1.34171	38.9354	0.874967	0.873127	2.91784	7.96539	1.94635	25.1435	1.98399	0.736855	6.22693	3.80301	1.39432	14.9637	4.46945	0.582612	19.811	4.30783	1.88857	20.0162	3.93896	1.56979	11.5658	
1.96141	1.93382	5.73524	4.112	0.713613	12.5154	8.06947	1.84649	36.9224	6.02737	1.57258	21.9453	7.62737	1.21905	23.9904	8.71227	0.566885	19.6021	7.41934	1.90274	25.7253	9.2908	1.28082	32.0035	3.93436	1.27303	10.3967	9.19062	1.97447	39.9642	8.91648	1.5364	24.6447	8.78814	0.5138	25.9735	1.10846	1.73179	4.69666	7.81852	1.66963	36.7427	9.98424	0.736043	21.8704	1.81436	0.961508	9.01008	10.2657	1.34876	24.6977	2.4821	0.886667	6.26207	5.56568	1.29015	24.3026	5.98816	1.35275	15.963	3.33194	0.64321	7.73138	2.23686	1.64228	11.0608	
9.6534	1.58076	38.4883	6.32824	0.878368	24.8988	7.5082	1.28531	15.7608	6.8902	1.1274	20.9191	5.70121	1.64951	20.2299	2.51959	1.66097	10.1861	3.07478	1.33683	12.7233	1.33193	1.09363	6.519	6.53981	1.11588	22.7399	4.47558	0.824793	15.8902	4.04902	1.70841	12.8786	4.16062	0.834605	9.97779	10.6549	0.540365	40.8604	3.71034	0.712026	14.4577	2.16596	0.867479	7.69679	8.76745	1.55592	37.2993	2.18664	0.935856	4.68819	7.97753	1.43585	28.4704	4.83612	1.43743	12.9435	4.54205	1.03401	16.8767	9.06214	1.47482	42.6959	10.0404	1.17576	37.7438	
4.84333	1.1912	14.1594	3.59889	1.94261	11.3024	9.64155	1.83359	35.4828	7.68601	1.92581	25.1168	1.19388	1.77366	3.87909	6.44391	1.42738	27.9734	4.95876	1.38476	11.5558	5.08894	1.31727	14.937	4.65435	0.624891	20.7265	8.36437	1.94666	22.4785	2.99714	1.63183	10.1984	2.84073	1.5169	7.81766	6.12046	0.984162	19.691	2.70509	0.50746	13.2114	4.83677	1.63817	20.4864	5.8204	1.49107	26.6716	7.66561	1.32467	36.0535	4.4034	1.09672	16.6489	3.77349	1.59317	14.6017	3.10113	1.75862	14.0348	3.63103	1.09127	16.8021	4.96852	0.767617	22.9041	
5.25868	1.21171	25.9324	2.99253	1.28033	8.27332	8.48087	1.80763	30.787	6.64805	1.03514	23.0513	1.46114	1.52636	6.48052	5.02744	0.577111	24.1802	3.56429	0.511965	12.4078	3.75182	1.09535	13.0626	3.94356	1.61413	11.2994	6.99069	1.83541	24.6172	2.27903	1.42538	5.05306	2.1465	0.923412	6.71093	6.4756	0.73144	29.5788	1.45199	1.41918	4.0651	3.73717	1.87998	12.0218	5.57579	0.678493	19.8885	6.24754	1.48028	30.131	4.25887	0.662616	12.9719	2.64558	0.824821	12.7557	1.86814	1.37051	4.47631	4.29566	0.919907	13.3629	5.50986	1.03882	15.6356	
7.19625	0.602775	33.9281	3.79211	1.43564	15.9221	4.48654	0.974624	18.1217	3.40989	1.89114	8.68437	5.77425	1.71961	19.0383	1.27697	1.95225	4.94854	0.98986	1.2473	4.70559	3.05475	0.66835	12.6572	3.53144	1.44822	8.1486	2.54965	1.40272	10.8777	5.13001	0.679583	23.4285	5.13625	1.86001	13.7829	7.94436	1.35328	19.4239	3.90825	1.98034	18.2928	4.4547	1.64979	17.8621	5.67752	1.36745	26.3468	2.8186	1.45314	8.5518	5.26543	1.36686	26.2498	2.40838	1.79447	5.08211	2.77717	1.36192	9.11668	7.05023	1.60272	20.7855	7.66868	0.998964	27.5561	
11.4516	1.37412	27.1418	8.04389	0.833121	21.2554	7.66783	0.539758	35.4831	7.63936	0.953277	30.1058	7.76891	0.674675	30.8669	3.38341	1.76479	7.003	4.58871	1.70359	9.7018	3.38539	0.864863	8.82512	8.06734	0.591226	22.6055	4.41969	0.579846	18.1062	6.07386	1.17396	16.5062	6.19402	0.544219	30.8597	12.3688	0.567895	53.9929	5.77508	1.41668	28.6679	4.09122	1.264	12.6101	10.2746	0.55084	36.0541	2.02058	0.812105	9.42919	9.66306	1.68359	26.8323	6.52315	1.16341	21.175	6.3835	1.67979	19.4346	10.9742	1.38644	24.8174	11.8692	1.39438	45.4437	
1.8978	0.836021	4.16701	1.53857	0.736169	5.66555	7.44166	1.33708	17.8314	5.25236	1.28203	23.8101	4.84781	1.56302	12.753	6.48408	0.925415	32.2742	5.01126	1.44193	19.2917	6.60403	0.729582	31.6014	2.04469	0.764941	8.79605	7.52346	1.40312	15.4091	6.05179	1.16277	22.231	5.92463	1.21967	16.8477	2.8686	0.964446	8.45385	4.96566	1.42491	15.7443	7.17161	1.78297	35.2944	2.03346	0.951524	8.37026	8.03102	1.59603	37.7244	0.615587	1.18353	1.59846	3.04978	0.539378	12.8709	3.27036	1.72057	7.91516	1.97963	1.28836	4.48425	2.35588	1.53734	10.6989	
7.63755	1.1223	17.2346	4.97943	0.673519	16.1187	1.48107	1.39825	4.34714	1.02793	1.95829	4.37654	8.4504	1.71562	29.5671	3.95716	1.64163	18.8139	4.10301	1.88115	18.1658	6.22369	1.17091	22.8332	4.07158	1.87868	12.5072	2.75492	1.75131	12.5995	8.17813	1.90147	28.1807	8.16105	1.66436	18.0264	7.8995	1.04669	25.2805	6.86617	0.680736	29.6125	7.63968	1.48774	21.3452	5.29978	1.37687	17.5997	4.96197	1.34376	21.5117	5.71484	1.26517	14.4704	4.39326	1.05685	13.2043	5.13904	0.99239	25.1595	8.06407	0.652831	24.2986	8.15709	1.01136	25.8673	
3.23413	0.913317	9.82137	0.450493	1.52683	1.87268	6.25094	1.58717	24.1864	4.09368	0.783248	12.6637	4.7671	1.86117	19.5456	5.16356	1.71615	17.7378	3.74746	1.46655	11.2025	5.55786	1.39231	27.2169	0.784849	1.80888	3.37235	6.14988	1.92311	23.5712	5.55399	0.822668	24.1025	5.45046	1.07301	24.5389	4.03702	1.57414	20.0435	4.30183	1.71144	20.8512	6.32792	1.01875	16.4461	2.25373	0.642788	8.12893	6.71978	1.78287	20.1969	1.32999	1.93344	4.09543	1.83514	0.612622	7.29048	2.29364	1.06551	7.25125	3.28308	1.07062	15.7998	3.71419	1.73229	11.9747	
4.53649	1.30719	19.6578	2.50368	0.925537	9.61472	4.35856	1.51247	14.4134	2.17397	1.51169	6.09933	6.75705	1.27394	18.1905	5.06038	0.649349	19.0659	4.1279	1.11274	15.216	6.36592	0.575805	21.8508	1.44205	1.5976	7.02671	5.19221	1.59122	17.8525	7.19268	0.601942	22.0022	7.11793	0.99598	24.4844	4.80493	1.94246	23.1743	5.84235	0.613339	19.3133	7.47322	0.849397	33.6888	2.22153	1.50619	10.5179	6.54726	1.1912	29.9404	2.67521	1.76554	12.128	2.92991	1.36418	8.02192	3.71656	1.43984	10.5946	5.09382	1.61953	10.4369	5.0558	1.67138	10.9732	


# This instance was randomly generated with the following parameters: 
# SIGMA_MIN=0.5
# SIGMA_MAX=2
# CAPACITY_OVER_DEMAND=1.5