6	12
58.3393	1014.02	95.3929
83.4619	1121.3	117.725
102.468	950.727	79.275
88.3303	1306.34	149.471
45.1803	420.365	16.2215
133.072	491.779	20.3238
5.48915
42.4685
35.2485
3.47095
16.9959
22.2801
19.1228
29.5571
2.9194
16.6344
4.52086
40.4971
10.3176	0.792643	46.0536	6.13485	0.22119	20.7341	4.3926	0.239075	15.4677	6.39633	0.200229	29.1479	8.66686	0.227838	29.5068	1.7937	0.147451	6.06127	4.47108	0.840519	21.4514	2.21224	0.671984	8.29519	3.69586	0.99543	12.7915	3.10476	0.49978	10.5843	8.38054	0.886104	34.3837	9.7575	0.977845	22.418	
7.25375	0.690807	18.8819	5.22582	0.778355	17.8839	6.79572	0.835452	21.4976	5.63908	0.497245	17.8961	2.18026	0.541132	10.1337	7.97072	0.5763	30.002	6.17485	0.74362	20.6861	7.52211	0.794372	16.3232	10.0724	0.57415	28.0124	6.62261	0.198205	18.2987	2.11355	0.573207	7.86209	0.740737	0.258521	2.99471	
7.96063	0.79632	17.0508	4.0679	0.347883	10.3252	2.1658	0.195346	9.87592	4.20106	0.308281	20.0201	7.03206	0.476598	32.5177	2.28404	0.135269	11.0388	4.75736	0.915321	18.4136	1.91431	0.862998	4.68676	2.06799	0.443398	8.36142	2.59997	0.996326	7.1364	7.61341	0.318855	33.6721	8.36458	0.479469	26.7269	
3.98341	0.264723	10.6858	0.742744	0.966162	2.95661	2.6294	0.703764	10.2651	0.745674	0.52229	1.94221	2.86879	0.271077	9.59069	5.60713	0.709876	22.7551	5.8195	0.97773	13.6331	4.94388	0.357482	11.3382	5.7009	0.900398	16.7311	4.46898	0.709583	14.624	5.28334	0.40412	11.9224	4.4886	0.570089	10.1651	
7.04756	0.82844	27.9462	3.98351	0.914594	12.204	5.29864	0.880209	12.5401	4.50077	0.352671	10.2677	1.94413	0.74771	6.72518	6.23826	0.34143	28.1682	4.54738	0.146066	17.4724	5.79608	0.283832	17.951	8.52642	0.876648	22.4366	4.89209	0.535672	13.3918	1.43496	0.714811	4.01593	1.92381	0.21511	4.28883	
0.749177	0.644215	3.39022	3.91367	0.633442	10.3443	5.20669	0.353555	24.7791	3.40131	0.412081	10.7755	4.89081	0.271103	20.542	8.61726	0.255452	36.2838	9.14785	0.41148	21.5238	7.9473	0.110103	27.5761	7.26019	0.455952	26.0629	7.64421	0.138293	20.2665	8.06261	0.306008	23.083	6.32104	0.237485	24.9329	


# This instance was randomly generated with the following parameters: 
# SIGMA_MIN=0.1
# SIGMA_MAX=1
# CAPACITY_OVER_DEMAND=2