8	16
112.669	1264.15	150.149
11.4605	516.744	23.799
91.4324	850.628	69.8537
34.0428	1151.54	120.418
145.923	1206.49	126.475
152.258	946.405	83.2786
37.7879	1296.24	158.66
63.2801	602.194	31.7481
30.7497
18.9437
13.1077
27.4534
15.9722
32.1313
35.4301
39.968
19.5794
19.4931
14.9271
16.4714
25.1912
29.3
12.8938
30.5784
6.49419	0.473489	31.7432	4.85276	0.450887	24.1227	2.15437	0.220526	5.59413	4.20564	0.500962	9.78601	3.91639	0.191207	9.48105	7.00286	0.6888	21.9732	2.9045	0.423204	11.9184	9.62306	0.24745	40.283	6.41113	0.267346	14.5954	6.71719	0.700505	14.305	3.8693	0.664732	12.1359	6.87251	0.252844	14.3026	7.96995	0.349244	17.2114	1.58901	0.511803	4.3682	6.71824	0.345612	25.7949	4.7677	0.661577	17.2154	
7.02599	0.444811	17.0782	5.75344	0.762032	21.6174	10.2515	0.175549	50.5674	7.80796	0.485346	17.223	9.92207	0.252457	28.4154	8.71732	0.230799	31.3289	9.36164	0.395119	39.018	1.64335	0.952321	3.57885	6.9445	0.986514	27.5273	4.01734	0.553549	11.7517	9.46153	0.885679	46.508	7.34991	0.327469	32.9668	2.86389	0.465183	12.6424	9.99103	0.748606	22.8207	9.57144	0.666815	47.5592	8.10299	0.336427	35.9858	
7.58617	0.779476	17.8398	3.01628	0.797925	6.87995	6.08671	0.261135	21.4284	5.92837	0.756903	25.3319	7.2301	0.764483	32.3903	2.57543	0.717511	12.5207	2.09668	0.939471	6.81142	7.55341	0.662659	31.0191	7.45651	0.331134	19.9908	3.90211	0.356148	12.9637	1.75112	0.126711	6.20725	8.12231	0.685715	36.1664	6.16145	0.862711	24.4191	3.33138	0.302035	10.698	9.20759	0.644821	29.9351	6.72431	0.426606	32.1304	
2.69161	0.559912	6.36528	2.23368	0.688201	9.28012	3.73069	0.846679	16.9246	1.46103	0.616012	4.42612	3.53768	0.379631	10.9446	7.37685	0.363771	17.9868	4.90452	0.356469	16.8388	5.32737	0.405233	17.052	2.56475	0.42376	9.18763	3.54004	0.451706	7.85698	5.64965	0.736817	19.8378	3.22166	0.562489	10.8565	3.71991	0.788944	14.4132	4.69327	0.22759	12.2716	4.49576	0.308106	14.5469	2.10871	0.901776	5.84944	
7.00778	0.597301	31.0874	2.98396	0.844018	7.66722	8.00104	0.756998	26.3031	6.44211	0.770864	13.4367	8.41359	0.724469	39.9658	4.53952	0.511026	12.5089	5.58639	0.79217	18.8881	4.4511	0.61246	14.9766	6.88069	0.148985	30.0652	1.56324	0.986207	4.73237	5.46028	0.749379	19.3024	7.51956	0.410733	32.683	3.59992	0.760658	12.6711	6.52054	0.390772	25.8812	9.33289	0.773273	23.927	7.08536	0.267471	33.1476	
3.3964	0.263821	10.8553	4.61389	0.442525	12.6638	7.53788	0.570917	21.1754	4.79671	0.647394	20.3846	6.74026	0.272393	16.221	9.44819	0.838618	28.5439	8.36839	0.490596	32.666	2.13891	0.770909	8.27456	3.34022	0.450426	8.04922	3.99265	0.886042	18.9216	8.86138	0.440588	19.841	3.64019	0.828083	11.4911	1.73479	0.699945	7.17566	8.49112	0.586584	25.6916	5.87678	0.879832	14.7393	4.82908	0.657725	19.8906	
6.05321	0.870886	26.8181	5.09362	0.891157	10.9535	1.39054	0.915796	5.75336	3.79711	0.843425	18.4005	3.17905	0.729972	13.8963	7.74902	0.253276	17.1778	3.67985	0.222826	9.86552	9.63059	0.390458	46.8741	5.98267	0.657506	12.6859	6.96647	0.900977	14.214	4.66446	0.781761	11.2629	6.38696	0.299284	31.7361	7.98486	0.76937	34.9152	2.40018	0.59189	6.45641	6.02933	0.197471	26.426	4.25781	0.173509	14.5505	
2.23582	0.845082	5.39293	4.57288	0.428376	18.5324	2.71797	0.122092	11.6174	0.976374	0.655801	3.95847	1.46027	0.122441	5.52107	9.39922	0.911454	34.8825	6.17821	0.564916	18.2527	7.11655	0.46328	18.9757	2.20417	0.186852	9.33197	5.9415	0.648019	24.5964	7.10532	0.47216	29.5029	2.46473	0.688028	11.6851	5.68263	0.943717	25.3398	5.44873	0.339723	23.244	2.41567	0.168554	5.19138	0.45421	0.217656	1.76526	


# This instance was randomly generated with the following parameters: 
# SIGMA_MIN=0.1
# SIGMA_MAX=1
# CAPACITY_OVER_DEMAND=2