4	8
165.109	345.566	10.7819
152.835	1004.98	91.0452
56.0764	563.509	27.8037
105.555	692.937	44.564
9.02292
7.60025
4.59903
1.18336
10.8855
3.53379
8.93169
12.3084
3.28221	2.93499	12.2101	6.00631	2.83812	28.8882	2.25951	3.70086	10.5545	7.15529	3.53804	23.1004	7.50125	2.12841	16.9788	7.37402	2.58063	28.8819	6.7769	1.64024	19.977	9.14361	1.95797	23.6196	
8.80719	3.29177	19.673	0.878833	2.13023	2.75064	5.22063	3.85204	24.9891	2.12182	3.02234	8.53799	1.72914	2.07353	8.6278	3.36826	3.14821	7.52414	5.20029	3.18944	24.2302	4.72262	2.4204	18.2596	
7.44026	2.43533	35.9873	6.87915	1.15812	27.5736	5.96799	2.94834	19.9715	6.09482	3.96056	29.1859	6.92658	3.47285	23.8886	4.85575	2.77041	18.4933	2.55287	2.76022	11.0058	5.16738	3.15148	10.5138	
8.21364	3.10217	16.7667	9.29109	2.27179	38.6182	7.72211	3.40647	38.0326	8.53544	3.19797	26.8998	9.36623	2.21108	42.7159	7.28591	3.2567	19.7928	4.98488	3.88279	19.445	7.42597	3.59401	19.7069	


# This instance was randomly generated with the following parameters: 
# SIGMA_MIN=1
# SIGMA_MAX=4
# CAPACITY_OVER_DEMAND=3