9	18
38.5566	960.073	84.0512
138.374	785.945	53.7356
102.759	1225.57	138.122
30.2796	1133.51	124.108
125.927	1108.16	105.686
168.233	368.97	12.346
160.3	910.642	73.8825
155.373	820.775	56.1723
158.106	657.559	36.6647
18.5667
41.2673
12.7665
8.35365
16.4196
7.45083
19.4499
1.91078
32.0587
10.684
18.0347
14.789
36.4221
27.4151
16.3835
19.9514
26.7051
13.7556
7.99346	0.531479	29.329	7.82513	0.507094	21.2357	2.35508	0.229195	10.8643	2.17898	0.182266	5.05737	9.36432	0.613567	32.4937	4.98998	0.613226	12.0068	10.0911	0.189247	43.184	3.07652	0.486057	8.72901	2.61356	0.232894	12.3802	5.3672	0.18742	17.4924	6.37687	0.258726	12.9351	2.3344	0.247203	9.91556	9.49401	0.951458	44.903	8.75357	0.138297	27.383	4.89988	0.663573	12.4719	8.69254	0.179196	38.5354	5.13974	0.476535	17.0592	5.41533	0.278085	26.3937	
4.461	0.390079	14.6183	2.6246	0.147116	7.54917	4.90016	0.755428	21.763	7.21396	0.533095	26.4677	5.12342	0.424793	14.9915	2.66915	0.988412	11.8715	5.36954	0.327178	14.9045	3.09804	0.26302	8.35612	7.77822	0.109788	30.5064	0.852449	0.211112	3.19834	4.21261	0.182755	12.0739	4.43856	0.975423	13.9016	6.47615	0.201707	28.2947	4.393	0.958442	11.6364	1.8466	0.824561	9.10482	2.5649	0.521607	11.9867	4.62015	0.792719	19.7601	3.92375	0.280281	16.8068	
5.03304	0.142064	24.522	4.12347	0.699395	13.8303	3.0342	0.154562	10.6271	5.01271	0.962199	15.9709	6.15762	0.788593	18.2082	2.38901	0.65331	11.0328	6.69344	0.829326	25.6536	0.896653	0.917674	3.76996	5.58186	0.359487	20.6668	1.51859	0.6189	7.37157	4.36027	0.716112	19.4406	2.50135	0.193071	8.45519	6.93367	0.564068	24.6541	5.45303	0.320809	11.2003	1.28558	0.524664	5.72445	4.81875	0.22232	16.8744	3.58321	0.643858	15.5037	3.62167	0.436762	9.9667	
3.47303	0.711964	9.32155	5.57455	0.919985	27.368	8.54377	0.519377	22.8449	6.40418	0.722617	22.6484	4.5514	0.379621	20.8546	8.62722	0.565161	27.4923	5.4948	0.993711	12.0932	6.64426	0.884924	16.8573	6.62937	0.468264	27.063	6.92832	0.286552	25.0673	10.5849	0.437268	28.6547	8.04534	0.681622	30.7902	3.13407	0.551221	6.52385	4.55237	0.208968	9.84005	5.39064	0.139959	11.6432	8.54641	0.519612	34.4776	2.75635	0.113093	8.83087	9.90697	0.285006	33.2776	
3.64827	0.146138	13.8904	2.73322	0.803497	10.3619	9.7968	0.83157	37.2609	10.8743	0.752606	38.6963	2.5635	0.161099	7.36677	7.64834	0.642072	23.6419	1.76069	0.210473	4.0976	7.72004	0.332275	38.2094	11.3672	0.961226	54.657	5.82653	0.706961	25.7543	8.8362	0.387003	24.7819	9.29011	0.536086	30.7894	4.4833	0.344815	16.6775	2.52239	0.572924	10.0083	5.67359	0.952851	14.4855	3.97917	0.919862	13.2751	6.60148	0.6873	24.6337	8.79923	0.276234	26.2209	
4.43176	0.651853	19.9287	5.26353	0.731962	18.0936	5.17818	0.467008	15.6368	3.36764	0.593856	8.21411	5.88224	0.59255	21.8979	5.9045	0.959126	21.9328	6.75898	0.267	18.5851	3.55931	0.86688	15.1117	3.77019	0.402708	15.1315	4.734	0.411662	15.4367	7.8566	0.169857	25.0847	4.71502	0.510157	12.338	5.55153	0.844074	20.9727	5.43385	0.319136	18.4378	3.26383	0.198217	10.1975	7.45862	0.316401	24.073	1.21366	0.929636	4.34209	7.03893	0.710879	15.2975	
6.32949	0.30529	24.9985	4.24645	0.734793	12.4328	5.07056	0.299519	21.2121	8.38758	0.425862	29.336	6.80229	0.41615	16.9347	2.14202	0.8222	9.91665	6.86996	0.815648	23.6242	4.0078	0.270956	18.321	8.95694	0.730527	34.364	2.08369	0.420551	4.63853	2.73881	0.201401	8.27586	4.76252	0.573199	19.2075	8.32504	0.213908	34.8392	6.09643	0.424489	23.3176	3.61934	0.485051	12.3942	2.41825	0.163285	9.95051	6.48416	0.810804	23.3331	2.87064	0.710766	7.78782	
1.81799	0.592335	8.50488	2.32108	0.258719	7.74256	9.20118	0.289069	27.9152	9.5025	0.33138	35.125	0.558641	0.154017	2.78222	7.5814	0.551788	16.2402	0.565419	0.419005	2.0189	7.00607	0.306622	18.4605	9.95088	0.80208	32.0935	5.58251	0.927017	17.3246	9.11342	0.885976	32.4033	8.66349	0.924105	19.987	2.52586	0.863927	12.4461	0.784022	0.527108	3.85489	4.89517	0.446129	19.0055	4.93895	0.413803	13.5665	5.00757	0.174962	23.0951	8.86272	0.200606	34.0207	
4.21586	0.958843	8.76396	5.72677	0.504544	26.3931	6.83961	0.304524	32.6498	4.40189	0.733794	15.5496	5.59229	0.118294	21.5881	7.43309	0.303825	32.2904	6.53909	0.113461	19.5467	5.1768	0.152104	10.8201	4.64636	0.51501	15.3517	6.03964	0.756152	21.8653	9.40202	0.784804	37.0977	6.37915	0.26072	13.3211	4.71838	0.202411	10.4647	5.3347	0.304604	25.3751	4.48088	0.872705	13.7569	8.35421	0.978287	21.9401	1.63313	0.300019	7.26385	8.62137	0.88447	20.7013	


# This instance was randomly generated with the following parameters: 
# SIGMA_MIN=0.1
# SIGMA_MAX=1
# CAPACITY_OVER_DEMAND=2