6	12
123.224	506.684	24.6402
58.2754	1210.08	121.654
134.833	976.903	81.1661
12.8563	562.916	27.1795
147.63	866.714	74.1746
155.094	725.676	46.6791
5.88009
15.2522
1.59979
20.356
19.9489
13.9518
11.8932
11.4567
14.636
7.41545
0.0322814
2.74216
3.75654	1.49808	9.83648	7.03392	2.88105	20.9557	3.73476	3.35016	14.8676	2.3097	3.54806	5.07236	5.60898	2.65342	24.0976	1.57528	2.76151	4.25479	7.57919	2.22223	25.5527	3.14376	1.24815	13.6762	7.77183	2.0462	37.25	2.0524	2.20385	9.45502	4.39373	1.24335	17.8029	5.74945	1.75099	13.0708	
6.00168	2.79221	24.3934	2.8371	3.70055	10.9556	4.45527	2.84543	11.824	5.82443	1.97849	28.0815	2.95831	1.24609	13.0829	6.43349	1.383	21.4295	5.15189	2.87109	18.9917	8.04953	2.66939	22.8653	1.14727	2.17377	5.19789	7.32696	3.54103	36.0611	4.06492	3.683	18.4047	2.30069	3.56348	8.09626	
1.676	3.52759	5.05362	5.6383	3.9188	26.522	3.30425	2.51757	16.4639	3.68106	3.71202	14.2184	4.6634	2.72756	9.70351	2.98343	2.15957	11.5976	9.01971	1.40782	37.3984	5.91414	3.55658	18.3323	6.94324	2.1952	19.1681	0.972308	3.16394	2.33001	3.52238	3.49545	15.3927	5.74633	1.6064	22.2866	
6.67909	2.54376	25.4131	9.4334	2.1463	28.6473	6.09383	3.93408	24.6146	4.07428	2.38294	16.4625	7.8997	1.80497	22.3256	3.87678	1.20732	14.2944	7.49216	2.00871	23.1668	1.89751	1.85666	8.37918	9.76586	2.46688	39.887	5.06823	3.75034	21.1678	6.82861	2.52699	14.1035	7.40521	2.80422	35.2083	
2.76815	1.51842	10.1089	6.3604	1.30103	26.2403	4.77404	2.46946	10.2683	5.43579	1.56791	17.4454	5.74579	2.82707	20.62	4.74763	3.72657	11.7542	10.6875	2.10252	24.8486	7.62278	1.35489	18.946	7.8988	2.01123	18.7401	2.71331	3.14773	7.42151	4.79267	1.93569	12.074	7.12969	1.28778	33.7431	
3.39641	2.17631	13.888	5.81319	2.38886	12.0585	2.46465	2.79991	10.8957	0.597287	1.57202	1.85962	4.29292	2.6677	20.2123	0.456708	1.91004	1.53027	5.9832	3.82471	19.9147	2.73782	1.55638	6.97448	6.29314	3.12181	15.1151	2.5069	2.30067	5.80797	3.19924	2.53945	10.367	4.11498	1.2286	16.4979	


# This instance was randomly generated with the following parameters: 
# SIGMA_MIN=1
# SIGMA_MAX=4
# CAPACITY_OVER_DEMAND=3