4	8
93.5423	1291.31	155.762
59.5893	1109.28	115.682
59.9045	354.935	12.4053
79.0384	1200.64	130.096
14.6547
16.507
7.92275
14.2135
8.22907
34.6934
22.1536
19.6078
6.6763	1.7181	13.4443	5.29724	1.81162	17.3106	3.9584	1.33274	8.29351	1.59279	1.92571	3.20483	3.74781	1.28797	14.7577	3.32578	1.1848	13.5143	3.58624	0.844893	11.1799	3.68872	1.60987	13.9087	
4.44372	1.35332	17.7006	6.28775	1.86285	26.6719	5.59271	0.55627	21.6168	3.3804	1.28593	15.9842	5.494	1.93117	14.9455	3.57446	1.28024	11.1644	4.64396	1.44052	15.5407	6.17413	1.49309	15.65	
4.32424	1.72554	21.3212	6.23643	1.16053	21.3957	5.71793	1.64204	25.9204	3.39679	0.945807	16.3651	5.61665	1.45061	27.5156	3.7063	0.835205	9.09288	4.60566	1.2288	12.4766	6.24837	1.49368	22.043	
8.65469	0.530047	39.8223	8.34117	0.567877	21.1612	1.50086	1.38927	5.37605	4.62634	1.71407	23.0864	1.56704	0.649539	5.90448	1.33562	0.863095	3.60924	6.67877	0.60287	20.739	4.416	1.77931	16.8033	


# This instance was randomly generated with the following parameters: 
# SIGMA_MIN=0.5
# SIGMA_MAX=2
# CAPACITY_OVER_DEMAND=3