11	22
173.178	1290.08	140.707
116.916	1297.69	152.156
177.063	1332.1	151.932
153.176	1258.89	132.96
44.5482	1244.18	131.341
150.109	956.481	80.8239
85.6789	1106.74	106.221
73.0563	358.263	12.6177
70.7419	1042.93	98.288
83.7429	757.005	54.6893
45.2636	917.381	79.9062
17.651
1.83332
10.6683
8.90337
1.3877
13.0567
11.6661
2.17961
9.7061
12.2919
11.9167
10.3079
8.89628
17.2264
15.8994
17.5237
13.5844
1.477
1.27135
17.8682
7.64416
15.3686
2.09208	1.46418	7.30091	5.58693	1.737	24.1986	6.49661	1.44988	21.3259	7.06764	1.05686	31.6872	1.86408	0.599186	6.80018	7.36564	1.36348	30.7189	7.26808	0.74829	35.6135	3.35965	0.765502	10.9921	7.85895	1.82119	25.5423	5.26028	1.98802	23.2096	4.4637	0.556539	20.4348	7.31756	1.78993	33.0989	2.35607	1.59519	11.4824	3.84224	0.794603	17.6	3.68377	0.952698	12.7475	2.50719	1.18332	5.45565	0.816562	0.945896	3.43168	1.27259	0.92953	5.23697	5.71028	1.15453	21.6451	8.06687	1.75309	23.0766	4.70387	1.34921	17.9056	3.21178	0.605431	9.13003	
4.81628	1.04674	20.6336	2.56698	1.62737	12.7174	7.84279	1.47631	16.0856	8.05427	1.66094	37.8067	2.61772	1.47953	8.14373	7.59555	1.43126	21.8342	4.64542	1.85276	10.2947	3.41286	1.7224	14.6786	7.65738	0.835658	35.8159	4.49604	1.91973	10.819	6.49829	0.861381	14.3049	4.816	0.516955	22.7236	4.38131	1.18174	21.3284	2.72067	1.43708	12.2876	4.39727	0.965718	13.0404	4.47277	1.59357	11.433	4.60533	0.92069	19.9865	4.67754	1.78081	21.4722	9.1352	1.17597	44.2742	9.65479	1.43685	34.5252	4.74515	1.29707	15.1847	7.09307	1.77658	17.0209	
5.97207	1.13088	23.9739	8.07901	0.515652	37.5735	3.87252	1.35471	17.9313	4.68497	1.32182	18.2483	4.98925	1.00853	20.3453	5.81278	1.56918	18.0505	8.87765	1.87068	30.3074	7.82344	1.72528	36.5653	6.64728	0.751869	29.4457	5.87889	1.14229	13.4635	2.20483	0.652229	4.93889	8.78785	1.93251	21.5552	3.27356	1.75666	11.6703	8.29224	1.44092	18.7377	4.10495	1.75633	16.0898	3.21795	1.72173	12.1798	3.69574	0.747986	8.12052	3.22704	1.57062	9.5317	1.6703	1.53737	5.96574	4.65025	1.20138	12.5611	4.87482	1.68209	20.9105	3.92789	0.764447	12.2997	
3.90791	1.1609	10.9876	3.97497	1.75175	18.8152	8.71127	0.524437	34.8661	9.02162	1.38658	30.3308	3.03222	1.00404	10.4749	8.72469	1.08333	29.7405	6.05548	0.76622	29.8301	2.07105	1.63064	6.58267	8.87152	1.24638	40.4433	5.71695	1.14744	12.9496	7.11865	0.514206	14.3995	6.22871	1.40423	29.8238	4.84653	0.530676	10.1664	1.3073	1.60179	4.58728	5.25878	1.19079	18.0658	4.96879	1.57458	17.8354	4.42736	1.84568	15.3305	4.69093	0.96098	21.5811	9.253	0.855313	25.7054	10.4946	0.500531	38.4104	5.80685	0.901867	12.448	6.60189	1.58215	31.2221	
6.6853	1.80226	20.5996	9.86646	1.35743	27.0983	5.38714	1.24274	13.6964	6.19645	1.1145	22.2045	6.56417	1.46162	17.4141	7.4642	1.34236	25.0775	10.7315	0.767679	45.9952	8.8577	0.772906	36.4625	8.32915	1.1511	32.5164	7.73772	0.52945	31.7383	4.02319	1.60333	14.8105	10.6446	0.688571	52.7022	4.98662	1.34433	14.6337	9.47565	0.701144	42.9124	5.94941	1.40089	18.1798	4.95618	0.90467	20.1838	4.83802	1.11504	10.995	4.54867	0.612507	22.0947	0.366764	1.47674	1.38313	5.68945	1.95101	17.3905	6.73344	1.29445	22.4047	3.93088	1.14062	15.9088	
0.918822	0.766734	4.58848	6.90977	1.03412	18.1288	9.14503	0.5131	24.5847	9.70723	1.62538	29.2966	3.93218	1.85064	10.5262	9.92839	1.38888	22.4506	8.88679	1.14954	18.318	1.67086	1.5361	3.65964	10.3542	1.11968	51.4984	7.51136	1.21083	15.4456	7.10149	0.966584	27.2702	9.00136	0.593822	28.949	4.98504	1.22203	20.4009	2.65724	1.77317	12.738	6.19297	0.829351	25.8294	5.13753	0.656846	15.0323	3.22385	0.589024	12.7687	3.83847	1.30212	14.1141	7.74136	1.82437	32.6075	10.702	1.82179	49.4446	7.13625	0.676684	26.1215	4.02346	1.81304	13.5982	
8.77566	0.826071	26.9213	2.6211	1.64822	7.92006	5.68121	0.972053	15.2204	5.35744	1.0774	25.1326	5.10981	0.862562	15.4233	4.13705	1.56441	15.1031	1.24705	1.1933	4.00006	8.22719	1.5813	38.1829	3.67392	1.32377	8.52223	2.08607	0.758344	5.33451	5.86012	0.501391	27.2946	1.02366	0.626673	2.92279	5.36563	1.54262	25.2599	7.68497	0.768035	37.4347	3.97572	1.2724	19.5419	5.30387	0.675612	20.9348	7.1504	1.81083	23.3361	6.73943	1.13045	30.3222	9.60365	0.806444	34.5909	7.24182	1.67889	24.5239	3.08578	1.94197	8.85017	9.73164	0.795524	41.2831	
9.88729	1.93789	48.4472	6.2841	0.81774	30.3904	2.54696	1.76402	11.7179	1.80557	1.07506	5.61809	6.51627	1.4362	25.164	0.461381	1.5653	1.61015	5.40791	0.551002	26.4219	10.36	1.68299	21.0644	0.591589	1.63945	2.55241	3.40396	0.647254	11.6332	4.18612	1.41751	20.4243	5.16795	1.74429	14.1077	5.47317	1.87123	23.3433	10.1814	0.547968	36.994	4.15104	1.10837	9.24258	5.33012	0.566598	24.7164	7.54779	1.49263	36.6135	6.92765	1.57217	18.7018	7.5727	0.714953	35.2176	3.43472	0.696909	15.8677	3.29246	1.2108	14.1998	9.4847	0.899512	47.0631	
7.91735	0.677672	35.9535	3.51127	1.16305	9.65059	3.79035	1.86245	16.8632	3.56758	1.34507	12.5734	4.26515	1.68963	13.9499	2.60009	0.747788	10.8065	3.08889	1.96667	11.2684	7.92273	1.55157	36.1865	2.50522	1.64384	5.97282	0.701704	0.586315	1.93881	3.97173	1.82983	12.7297	2.91517	1.17202	6.8875	3.9113	1.69806	12.3359	7.60688	0.662342	18.6013	2.40124	0.509308	11.4719	3.81346	0.789058	14.0128	5.91357	1.54411	13.8025	5.39891	1.11989	21.8205	7.74086	1.36264	19.0733	5.44135	1.22111	15.134	1.34755	0.56411	4.59118	8.32496	1.61943	17.4381	
5.01799	1.15804	23.7078	2.26381	0.675714	4.85649	7.63461	1.44022	19.0267	7.82336	1.43151	20.5569	2.57621	1.67129	8.63812	7.32977	1.65094	28.5861	4.33916	1.13671	14.7997	3.70563	1.16606	8.14379	7.37352	1.89271	33.4984	4.21591	1.1121	20.337	6.35219	0.826488	25.7647	4.50679	0.631987	19.5976	4.28907	1.86581	20.6844	3.03232	1.32957	7.49222	4.20675	1.48498	10.2413	4.37195	1.40132	17.2995	4.65813	1.98855	16.825	4.687	1.00259	17.961	9.09283	0.930793	22.6045	9.44925	0.738926	19.0298	4.50249	1.45704	16.0896	7.1937	1.52332	17.9344	
2.86784	0.858812	14.1182	4.70705	1.64425	13.4248	8.54048	0.591622	30.0165	8.9372	1.417	19.4389	2.77494	0.749023	6.1641	8.81199	1.23692	25.1451	6.75903	0.722687	17.8325	1.29159	1.34398	3.48327	9.05988	0.596196	30.2317	5.96976	1.67483	18.0708	6.77544	1.27598	21.4465	6.90659	1.93907	26.3013	4.46778	1.42519	11.3073	1.09969	1.60103	4.67179	5.17024	1.9742	13.713	4.60623	0.994781	14.1324	3.65306	1.68667	17.2573	4.01769	1.27677	11.7765	8.54308	1.01634	36.5032	10.2764	1.46429	50.7399	5.88208	0.712385	13.1942	5.63996	1.82664	16.6123	


# This instance was randomly generated with the following parameters: 
# SIGMA_MIN=0.5
# SIGMA_MAX=2
# CAPACITY_OVER_DEMAND=5