4	8
10.7472	1225.25	138.527
2.50609	1261.66	133.746
0.0334286	1212.73	130.666
53.7036	1051.82	97.4528
22.1826
24.8472
25.7252
21.586
22.2314
20.367
20.6922
9.16595
7.20212	0.617256	32.1338	8.61554	0.511547	42.8966	12.1895	0.618947	36.6274	6.33944	0.309386	21.0779	6.81868	0.834629	31.5412	4.2531	0.115658	9.68503	8.52177	0.612031	38.8618	9.51631	0.604822	19.6789	
2.88583	0.989738	14.3253	8.9128	0.555027	33.7049	5.7786	0.19144	24.6227	2.50418	0.707767	12.1847	8.78466	0.837257	39.3515	5.50093	0.665306	19.866	0.74681	0.345143	1.79368	4.81592	0.485951	22.0346	
3.83006	0.711742	18.5272	2.81232	0.93799	7.70554	4.7907	0.619208	23.2059	5.07126	0.467672	15.5425	3.86085	0.396364	13.7097	4.68365	0.485201	14.8643	5.80025	0.177873	22.4659	2.31038	0.860182	11.391	
3.81182	0.485176	7.8702	7.33874	0.985106	23.6688	1.48616	0.260972	7.39952	4.94458	0.580496	21.9315	8.18484	0.112547	36.4766	6.9117	0.778441	25.1327	3.64666	0.673043	17.6714	2.24357	0.869092	6.49663	


# This instance was randomly generated with the following parameters: 
# SIGMA_MIN=0.1
# SIGMA_MAX=1
# CAPACITY_OVER_DEMAND=3