12	24
152.041	442.648	18.7067
119.862	1344.38	159.812
157.541	796.129	54.5456
137.598	863.85	62.5699
71.0755	1104.87	104.882
178.853	1222.9	135.325
20.0356	1015.86	101.343
74.6039	500.845	21.2084
48.6689	1126.31	125.581
34.6453	1160.76	115.272
9.38559	1062.5	94.4155
72.9273	1068.7	97.6515
36.0001
13.0594
27.1249
24.8872
10.5189
29.1669
45.7036
58.119
8.34697
14.7322
6.65061
17.0695
8.85784
40.5539
10.2614
16.1207
31.0089
3.8023
21.0656
10.0926
16.2801
28.2581
30.4114
37.5641
7.02992	1.24028	21.5618	6.50662	1.61629	16.6908	6.27926	3.97446	20.2013	7.62445	2.96561	22.0394	7.26209	1.72539	31.7348	2.23541	2.22377	10.6039	8.17745	1.09025	32.6433	6.79124	1.37529	16.7212	3.96462	3.86414	11.9236	9.65014	2.37951	44.1238	1.35634	1.18143	5.81491	4.71416	1.08792	13.0944	3.44601	2.62009	15.9989	5.68246	1.78888	16.3769	9.24099	3.0597	21.1079	1.9684	3.8564	7.71774	3.37189	1.91954	14.8197	7.30955	2.74299	34.398	10.2349	3.14769	30.0172	6.32716	2.01531	26.973	4.35857	3.66746	21.398	8.85339	3.92176	21.9611	5.62739	3.40085	24.7029	7.88246	2.70898	24.0274	
1.7366	3.43655	8.21825	4.39247	2.39957	10.496	5.48125	2.92376	22.3818	4.68639	1.81966	18.1028	1.58998	3.71151	5.11681	8.32191	2.21124	37.0402	4.38397	3.35582	18.2212	1.40895	2.85342	4.19565	6.2867	3.29928	14.3999	2.79282	3.11942	8.99078	6.86083	2.3064	26.2238	4.52868	3.32223	21.1789	6.05341	2.71013	24.471	8.50627	1.43966	27.044	4.64227	1.9639	20.6237	8.59315	3.7566	35.6022	7.07187	2.76233	17.9215	5.78488	3.95513	27.1031	4.86623	2.22395	12.3796	4.48213	2.23737	9.19297	5.47919	2.87842	10.9635	1.55912	1.20208	5.78116	3.53638	2.00231	8.62534	0.447547	3.25104	1.96628	
3.47815	3.93238	7.27238	6.80532	3.59061	25.0211	7.39965	2.08683	23.8923	2.52382	3.85183	6.5961	5.38368	3.68465	14.9004	6.65258	1.0279	18.7668	3.14259	3.64768	11.374	4.40179	2.46388	20.6946	6.29521	3.76076	14.2662	5.29959	3.01113	25.2058	3.92858	2.1914	17.4127	5.32896	2.19086	17.5044	1.71075	3.72334	6.46018	3.3208	1.37365	14.0569	4.21563	3.61104	16.7129	6.65126	3.13034	31.6456	2.34095	3.42082	6.19423	2.25204	1.57851	6.03584	5.26016	1.77246	12.2374	6.73139	2.86927	17.5878	5.91409	2.86477	15.1328	6.57989	2.54781	15.0958	5.31279	2.90916	20.7185	5.19147	2.18403	10.4479	
3.3195	2.7751	14.4597	8.12809	2.24343	35.6316	9.14572	3.43582	38.5323	2.58467	1.80022	8.27555	5.41651	1.02043	22.0061	10.6558	2.70017	51.5712	1.87912	3.2945	6.07712	4.67779	3.8082	21.3973	9.28458	1.81085	32.4658	1.43933	2.98189	5.61391	8.34581	2.35452	30.7087	7.6633	2.66621	34.115	6.49156	3.47748	29.7942	7.38395	1.86314	19.8985	1.12545	1.36161	4.16297	10.7927	1.81067	26.8354	7.2083	2.81618	25.9614	3.71886	1.23847	8.2808	0.891993	3.40053	4.38503	8.17529	1.05615	31.5559	8.5814	3.94176	21.4104	5.36861	1.20234	24.7392	6.93139	3.44626	14.5689	4.36612	3.13286	11.5562	
7.74082	2.16154	32.21	5.28928	3.06924	13.1718	4.6426	1.26579	10.9405	9.26056	2.64501	37.8807	7.05759	3.53553	28.7224	0.505667	3.09773	1.99069	9.68199	3.78483	41.2909	6.96793	1.5338	30.5485	2.37856	1.64379	5.43194	10.4719	2.81246	22.3833	3.2377	1.10693	14.4026	3.96784	1.08229	10.3112	5.52759	1.98865	20.3232	8.28157	2.46303	33.1277	10.6771	3.0689	21.5733	0.893607	2.16938	3.54211	5.81136	2.20114	14.815	9.24927	3.27984	33.347	11.5589	2.97635	42.9281	5.09625	1.83363	12.0551	3.14821	3.90115	13.8938	8.56846	3.66938	35.8599	5.04721	2.64861	21.4161	7.97963	3.38039	26.6023	
1.30788	1.98959	4.37827	5.79696	3.65659	19.198	6.83715	1.14896	14.4372	3.21952	3.43238	13.1596	3.06067	3.27627	9.97013	8.90098	3.89627	43.5636	2.80732	3.06593	8.71371	2.37798	2.58632	11.7702	7.21341	2.05797	21.3029	1.45461	3.42719	3.58402	6.96582	1.23298	28.9976	5.51164	2.28606	19.9963	5.62102	1.45498	12.268	7.53705	3.29615	26.9724	2.9776	1.3938	11.6306	9.10484	1.23271	36.3401	6.55226	1.13866	27.9739	4.40527	3.9842	20.3982	3.24606	2.39878	12.3309	5.8543	3.86875	13.0774	6.45833	2.96098	14.5407	3.17175	1.25665	8.63375	4.67884	1.01141	13.8805	2.02467	1.41409	5.04948	
2.97254	1.9031	11.9134	2.67082	1.63955	6.77507	3.77757	1.50955	18.8572	6.11936	3.72339	21.8938	0.577902	2.00986	2.34859	7.3545	3.91589	22.742	5.95127	1.73822	20.3134	1.58699	1.42118	3.87275	5.02091	3.155	12.4691	4.62847	1.7545	15.8478	6.50022	1.11486	18.7075	3.32818	3.24568	9.2659	6.34235	1.43644	29.1809	9.2404	1.94114	38.3039	6.36467	1.79654	14.9907	7.68953	3.93453	17.2822	7.38169	2.92411	18.0486	7.07722	1.96381	24.486	6.67663	2.95985	27.6079	2.79202	1.29425	11.8331	4.20004	3.99648	17.2163	1.2744	3.51849	3.85203	2.24883	3.77167	10.2142	1.42016	1.03909	3.2992	
3.78058	3.14209	10.3381	8.30401	1.10634	22.3566	9.09271	1.9151	35.6383	0.739071	2.93638	2.56092	6.19997	3.77726	30.0803	9.01075	2.70478	23.7261	1.36525	1.36673	2.73291	5.19458	2.68793	24.0059	8.39442	2.86727	40.6856	4.20162	1.43159	18.49	6.31465	1.1267	20.8672	7.15421	1.50752	32.5426	4.0706	3.86772	18.8797	4.18599	2.66024	11.0436	2.23087	2.35971	10.2886	9.02679	3.09194	24.2069	4.47935	1.61852	19.6262	0.510057	3.65038	1.52821	3.27895	2.17533	13.0278	8.27582	3.30393	28.1896	7.89156	3.00417	32.759	6.93189	1.34632	14.2661	6.84221	2.67985	16.9914	5.56745	1.76538	13.6268	
5.37502	2.85195	16.9583	7.15314	2.68708	14.3762	7.41082	1.07953	18.9982	4.87391	2.66744	13.749	6.64003	3.97888	23.9111	5.07976	3.13441	20.6413	5.51657	1.367	22.844	5.81676	1.67527	20.1216	5.63897	1.77555	16.9372	7.57731	1.11768	17.8997	2.29727	3.42838	5.95154	5.35797	3.49792	17.6605	0.887549	2.09292	2.70302	2.84863	3.19911	6.98819	6.58655	1.00082	31.8015	4.94742	3.73448	21.3576	0.305375	1.39216	0.769333	4.32356	1.858	16.6234	7.63719	2.84316	35.2316	7.02356	3.81011	32.773	5.57244	1.22484	20.3269	8.0895	1.24042	32.3808	5.80111	2.21022	22.3381	6.81062	1.29265	24.5074	
3.29718	2.4637	13.5573	7.7975	1.13242	34.4337	8.86031	3.85644	29.6846	3.49534	1.09226	8.11797	5.00794	3.33264	17.4606	10.8703	3.77984	27.655	2.81291	2.28402	9.41678	4.43138	3.9123	21.4449	9.2735	2.46571	43.1302	0.662214	1.01719	1.81838	8.74621	1.76549	36.4757	7.57894	3.0407	33.4189	7.08131	3.91066	28.3234	8.2925	3.7356	29.096	2.19318	2.41408	5.7982	11.0472	2.97964	29.6436	7.88387	1.23912	23.3973	4.68695	3.56028	21.4448	1.73122	1.87737	4.51891	7.86824	2.83949	20.5061	8.52422	1.27998	26.3638	4.67711	3.46356	9.62371	6.73857	1.89396	25.7881	3.88674	3.35539	18.0272	
2.31843	1.18855	7.93538	4.88119	1.65605	18.3194	5.52552	2.72664	22.4305	3.42898	3.43774	17.0738	3.60078	2.31855	14.5533	5.6964	2.91767	24.8879	3.76903	3.01015	17.364	2.69886	3.60417	9.81347	4.72105	1.96071	11.4237	4.85891	3.88135	18.8269	3.43605	1.20934	11.4741	3.50344	2.43825	9.36884	2.26696	1.46936	11.2919	5.09153	2.66846	22.6723	4.74427	1.78739	10.6869	5.81663	2.77874	14.2571	3.29833	2.0796	13.0071	3.77896	1.06147	9.95659	5.6354	3.78558	23.2368	4.81405	2.233	18.6979	4.20585	1.41644	15.2942	4.96701	2.66704	24.2769	3.38631	1.51072	15.8159	3.6619	3.74521	17.1039	
2.71355	3.03089	6.59287	5.75061	2.3766	23.542	6.37281	1.816	15.9137	2.87572	2.11051	8.23518	4.37852	1.32571	10.0313	6.0938	2.78857	26.9557	3.34058	2.78788	14.4861	3.42399	1.04532	15.1878	5.41777	2.6998	20.0107	4.94374	1.40464	18.5426	3.56412	3.53655	9.78539	4.32384	1.4814	19.2781	1.81854	2.6529	5.11355	4.28626	2.21096	16.7452	4.38416	3.21993	9.76041	6.15633	1.17098	22.1483	2.76491	1.74488	9.45836	3.01821	1.79539	8.70045	5.35779	2.96399	23.2087	5.68067	2.2838	23.6208	4.96833	1.16312	19.5555	5.65454	1.45265	27.2402	4.25644	2.12624	19.6737	4.29508	3.84117	11.7964	


# This instance was randomly generated with the following parameters: 
# SIGMA_MIN=1
# SIGMA_MAX=4
# CAPACITY_OVER_DEMAND=2