12	24
89.1555	671.361	43.4572
21.2732	1078.67	98.355
65.8905	1080.28	98.6292
23.6778	1357.19	158.874
11.9027	583.71	29.2239
130.131	651.726	37.0254
58.3667	1130.75	118.624
8.42066	1025.6	99.9795
122.329	1244.55	154.872
142.787	1072.74	99.2813
167.43	945.56	76.7404
24.5706	366.973	12.2981
8.17622
0.913086
1.75693
3.08146
6.54615
8.33869
6.93186
1.21055
0.546149
4.20518
7.0979
3.07077
0.985136
1.96912
6.85171
2.31362
7.34793
7.62492
2.60721
0.0474217
4.81117
5.77053
2.68774
7.84455
5.02888	1.68764	23.3704	2.04989	2.38017	8.4061	4.7459	3.43487	20.9183	9.12468	3.89435	21.2673	3.57655	1.2567	15.3791	7.23295	3.28453	21.9838	9.12524	1.47061	42.1067	5.56173	2.35086	18.5948	0.474919	1.38951	1.00177	3.09302	2.66516	9.20067	6.29764	3.06038	12.999	5.18669	1.4326	22.9294	3.86294	1.44565	15.2544	7.84453	2.3939	36.1164	3.7635	1.14307	11.6796	4.38161	2.50782	17.615	1.83822	3.22907	8.61127	7.19724	3.65451	23.2329	5.99263	1.9139	17.3309	2.49651	3.89767	10.0546	2.48262	3.05804	7.46459	3.41027	3.48508	14.3939	2.78341	3.50766	13.7154	6.44253	3.76176	18.5614	
5.95499	3.19805	15.2086	6.68866	3.33847	27.2504	4.26136	1.18414	18.1651	1.82477	1.33754	7.69392	9.17759	1.98503	31.014	1.46869	1.26099	6.90722	5.9525	3.07731	19.5635	4.5561	1.04696	11.1887	7.84386	1.67611	28.3232	5.28646	1.66368	26.204	5.96681	1.39991	22.8546	3.76477	2.1373	17.5027	4.42499	1.12801	9.19997	1.79792	1.0945	8.52352	6.53369	2.56906	16.3776	3.92835	2.34432	17.5179	7.68187	2.3929	36.9514	2.14866	2.84692	9.84181	2.36197	2.31111	9.96491	9.83441	2.17073	20.8604	5.81934	1.71441	25.468	5.28834	3.45641	14.5357	7.61444	2.95205	35.594	1.85065	1.96154	6.13051	
3.92838	2.27306	13.7956	4.10686	2.65769	11.3987	6.28593	2.24508	20.1524	10.1	1.65613	48.123	1.11186	3.97399	2.68015	7.55833	2.89619	31.5447	8.00729	1.88941	23.6114	7.31929	3.05503	14.7307	2.36299	3.58979	10.9119	4.50497	3.61204	20.7008	5.0617	1.05051	16.3405	6.60841	3.8302	18.7263	4.65877	2.8653	11.6049	7.93886	1.58108	33.3563	2.68795	3.93972	10.3975	5.4155	3.11219	12.5056	1.28981	3.54071	5.82156	7.26699	2.67727	25.9398	6.50697	2.31292	32.1686	1.14512	1.07111	3.14696	3.45335	1.68908	12.6299	5.07001	3.58537	17.4058	5.19451	1.17773	14.1839	7.04007	1.71109	19.1558	
5.01479	2.14026	15.3852	3.13656	1.65866	10.5784	5.74505	1.39095	20.9134	9.9967	3.97176	31.7934	2.74474	1.48843	5.58947	7.8637	3.81168	29.8784	9.17025	2.17396	38.8433	6.62218	3.11301	15.9369	1.3162	1.49078	5.39751	4.01817	3.9485	17.9943	6.2513	2.57326	19.9602	6.15805	1.31129	19.1108	4.59431	3.62469	19.3129	8.395	3.02464	30.3861	3.70259	3.18557	9.48326	5.21493	3.86998	18.273	1.66925	1.285	6.29257	7.7298	3.37036	31.3898	6.67448	3.02538	17.1404	1.39006	1.28649	4.49054	3.2076	1.43755	15.1401	4.42157	3.62866	21.4728	3.87394	1.68679	11.4179	7.16191	1.17692	27.6258	
4.91131	3.42068	12.7745	0.281393	2.80965	0.723934	2.96866	1.56492	10.3248	7.44715	1.8966	27.4361	4.81103	1.43197	19.0456	5.91428	3.72639	24.4482	8.67379	2.92532	43.2946	3.75415	2.28738	12.2618	1.58256	3.72574	3.28334	1.49082	3.02483	4.73414	6.12476	1.96305	12.8047	3.43302	1.37048	14.5674	2.56941	3.2341	9.21143	6.63206	1.23685	29.0898	3.89564	1.39785	8.4997	2.85282	1.21059	14.2434	2.69697	2.57476	6.03663	6.03351	2.71043	28.5898	4.63686	3.85108	13.7844	4.18484	1.38911	16.3016	1.5226	3.74589	6.20418	1.63737	2.89383	7.86076	1.70626	2.89283	8.05431	5.01136	2.23575	19.2918	
4.31132	1.60409	13.5606	8.12288	1.69459	32.1424	6.86777	1.16879	22.1697	5.9999	1.588	25.0735	7.99523	3.56664	30.6675	3.28826	3.16704	6.58076	1.79521	3.42549	5.51314	7.71005	1.97038	25.0605	8.37472	3.71107	27.4324	6.78849	2.55507	33.6769	3.42426	2.6416	7.63812	6.54818	3.4556	15.3321	5.57784	2.68153	20.4133	2.50889	2.44611	8.57489	5.53428	1.60925	20.9111	5.72208	2.5757	24.2098	7.45755	1.90069	15.026	2.60066	2.82216	12.455	4.10067	3.71774	12.7515	9.35687	2.25607	27.1023	6.59221	3.42707	31.817	7.19901	2.4125	23.6126	9.50458	2.59366	36.2458	4.18364	3.37143	12.0855	
3.69243	3.84888	11.4636	1.69481	1.63506	3.90225	2.23051	1.1109	5.42619	6.20929	1.17705	12.8154	4.81243	3.21401	19.6894	4.31789	1.10289	16.8431	7.14394	3.68288	23.1827	3.34025	3.8911	12.1587	2.55542	1.66732	12.0942	0.58021	2.28455	2.82954	4.79633	2.82899	22.8075	2.52153	2.96359	10.8257	0.932005	3.26262	3.1972	5.00266	1.1195	24.5163	3.00323	3.69832	7.99877	1.42748	3.96033	4.6677	2.79791	2.05749	6.43495	4.39229	2.83052	11.9239	3.05166	3.85479	6.88947	4.82355	2.62904	18.2906	0.634761	3.67853	2.68076	1.25788	1.03709	6.00871	3.11942	3.78868	10.6342	3.4765	3.62474	15.552	
3.24371	3.99185	16.1311	2.37912	3.86888	5.26186	2.29628	3.94239	5.36624	5.80929	3.90227	15.1055	4.91337	3.43781	21.7902	3.6951	2.12357	8.21679	6.49925	1.89253	25.5294	3.46065	2.12131	9.98352	3.09684	3.97097	6.88259	1.1051	1.73629	5.15819	4.26418	1.76457	12.0566	2.45397	3.68126	10.6098	0.345576	1.866	1.35762	4.34784	1.15694	15.0334	2.77513	3.08855	5.79404	1.11419	2.58457	5.24934	3.0515	3.09474	12.3768	3.72612	2.08265	7.56105	2.4507	2.85941	8.04564	5.16796	2.72944	24.8524	1.06324	2.09946	3.56043	1.69574	2.0354	7.74071	3.78151	1.67082	15.4181	2.91473	3.73673	14.3867	
2.00018	3.16075	6.86175	6.56596	2.26405	21.2903	7.35445	1.38074	14.9133	9.51234	3.73185	29.0379	3.2632	3.77198	15.7813	6.35489	2.1771	25.4181	4.49289	3.49138	13.6829	8.52025	1.25062	38.2147	5.56919	2.55063	26.1392	6.00141	1.6895	15.0075	1.99783	2.18243	4.77745	7.40752	2.7677	21.6775	5.26249	1.91326	14.5943	6.27341	1.34893	15.2359	2.45955	2.45118	11.7947	6.00796	1.6458	22.5688	4.08701	3.74016	13.0064	5.72029	3.23145	26.6239	5.9057	3.98057	20.3845	5.05834	2.75288	24.7183	5.03083	3.9843	16.4761	6.67708	1.67863	15.3374	8.03326	2.95453	33.6108	6.4122	1.49876	29.0976	
5.63178	3.12936	13.357	3.73293	3.28157	9.415	0.977923	2.25404	3.59732	3.59018	1.10714	12.2763	7.67956	2.43696	28.8099	3.23551	2.37335	9.03246	7.72695	1.16367	29.3858	1.32002	2.13496	2.70446	5.30635	1.09944	17.4164	2.59068	2.95762	11.3893	6.32974	2.10209	23.5772	0.47336	2.1701	1.40369	2.48986	3.70699	10.3694	4.11037	3.65048	11.9568	5.48593	3.8421	14.1908	1.68013	3.62473	8.22251	5.71906	1.2073	28.2883	3.80735	2.65579	13.6426	2.32597	2.26219	5.46161	7.72978	3.63907	38.0176	3.55829	3.41992	7.63311	2.26698	1.23445	10.9346	4.35561	3.37055	16.2012	2.23267	1.81367	10.0832	
1.62148	1.07134	6.62748	3.60351	1.86744	7.80841	3.86076	2.62542	15.1147	6.60495	2.35954	23.9157	3.98393	3.22586	15.0002	3.83441	2.25386	11.7836	5.24553	2.63542	13.2969	5.02627	2.25592	19.0897	3.51425	2.91599	10.8512	2.64596	1.908	11.1797	2.7131	2.67038	7.02998	3.92531	1.95391	15.8029	1.7695	2.81434	6.45412	4.20266	3.10809	15.7918	1.39847	1.33262	3.02777	2.52151	3.42856	5.12392	2.70897	1.39978	10.916	3.53001	3.85632	9.32438	2.89152	3.84136	9.23375	4.80036	1.80901	15.8484	1.93628	3.98149	5.11895	3.29204	1.17118	7.07895	5.10638	1.85924	15.4443	3.43943	1.47197	9.91907	
6.36832	1.63953	29.0562	7.50557	2.50811	21.4184	5.11205	1.61225	13.0939	2.08084	2.84524	8.62833	9.74333	1.30491	48.3095	1.94819	2.59373	4.3568	5.78589	1.79392	15.1223	5.39202	2.74879	23.7709	8.59949	2.55507	41.4534	6.09152	2.51233	25.4816	6.21806	2.80061	18.5898	4.6162	3.40349	18.2211	5.17637	1.8653	24.4726	1.88668	2.11953	8.68584	7.07173	2.78558	23.4504	4.72975	2.93628	14.1032	8.35257	2.45358	35.128	2.43616	1.28829	11.0669	3.06234	3.16107	13.0941	10.5026	3.50164	33.9735	6.56725	2.12489	31.544	6.12074	1.16163	20.975	8.45886	1.03271	25.5595	2.59601	1.75245	11.9479	


# This instance was randomly generated with the following parameters: 
# SIGMA_MIN=1
# SIGMA_MAX=4
# CAPACITY_OVER_DEMAND=10