4	8
157.153	1217.43	142.261
126.128	978.702	79.5224
57.5137	1217.95	142.469
162.56	1099.24	114.185
17.4309
16.564
10.1663
28.4535
7.52871
24.7882
28.3968
26.1507
7.84153	1.09059	23.8192	5.63005	1.57209	20.4708	7.32766	0.964658	27.6194	11.4898	1.74527	31.4318	8.76021	1.96512	24.927	8.62742	0.831263	36.1223	2.0308	0.686289	5.92942	9.327	1.90301	29.895	
9.87201	1.19158	28.3198	1.72789	1.94552	3.64127	7.98194	1.07693	24.7916	8.79328	0.863136	30.5363	9.63152	0.797784	35.5384	6.193	1.16014	22.7522	5.32547	0.711443	24.5752	1.97901	1.0076	8.49315	
5.13802	0.782182	20.9147	4.22187	1.81678	18.9463	3.93337	1.27315	10.0262	7.72187	1.92921	31.4606	5.59053	1.21112	26.3475	4.86166	1.69577	13.1071	2.73449	1.82992	12.3564	7.3841	0.681772	16.3254	
5.20301	0.893995	20.8417	5.16826	1.27261	25.2867	4.52055	0.91528	18.9843	8.80609	0.750907	36.0193	5.99229	0.723947	14.693	6.06816	1.98401	16.4609	2.58471	1.67879	9.04776	8.56923	1.28733	22.8824	


# This instance was randomly generated with the following parameters: 
# SIGMA_MIN=0.5
# SIGMA_MAX=2
# CAPACITY_OVER_DEMAND=3