8	16
23.9466	1302.06	148.569
133.914	660.884	36.5454
165.955	1155.94	119.217
134.007	993.316	88.968
102.534	575.345	29.9728
178.667	391.802	14.0637
125.545	380.8	13.5629
152.412	1305.18	148.079
9.35525
20.5677
2.8494
12.2234
17.6559
25.6764
9.09805
0.715214
14.5379
4.43559
9.1038
5.76194
4.63795
25.5042
14.4679
23.0685
9.45897	0.296823	43.3168	0.498046	0.778971	1.95991	2.64386	0.973099	7.26293	7.61153	0.33702	19.2624	8.84497	0.113043	25.5399	8.49606	0.667108	17.3031	9.96031	0.352879	45.7724	9.08539	0.709952	25.7112	12.8674	0.36964	50.7759	7.59499	0.733994	16.5577	8.80262	0.502167	29.327	6.60601	0.384294	15.7479	8.52614	0.28568	34.2899	8.6286	0.596254	19.8597	7.02386	0.7603	31.2253	8.87548	0.791309	37.697	
3.71134	0.409024	10.5178	7.61028	0.22122	34.8342	5.71366	0.962875	20.5913	5.9632	0.844438	15.6569	5.66379	0.494279	25.8502	1.03451	0.342865	3.89702	5.32553	0.588683	15.124	3.33552	0.779024	6.87948	5.22576	0.882071	13.2229	1.73607	0.377609	4.56426	4.69002	0.906128	19.7377	2.81173	0.520613	7.95894	2.54104	0.445697	6.33227	1.30538	0.221448	4.88326	1.95559	0.215732	8.73303	4.25897	0.434501	14.3278	
7.33507	0.799848	16.9719	6.7956	0.552246	33.6819	5.94815	0.354385	18.5221	2.36889	0.734219	7.68068	8.83128	0.114172	43.6727	4.64022	0.939529	23.121	3.4061	0.271103	7.21063	6.93923	0.144315	24.2821	7.71237	0.710768	25.9164	5.14121	0.249204	17.7581	8.02305	0.545936	29.9974	5.56188	0.801482	11.1466	6.12914	0.30896	19.8999	4.94051	0.723842	18.2813	5.02926	0.813903	23.9045	2.2908	0.351401	7.78044	
3.82979	0.325108	9.61339	5.66021	0.88721	23.1113	3.51256	0.306439	7.11272	6.80897	0.529627	23.8524	4.44791	0.120962	10.1512	2.9126	0.81462	12.0237	7.15865	0.124847	14.5862	3.42355	0.456798	14.4172	7.36233	0.942829	28.6272	1.79444	0.413453	7.74687	3.81729	0.602405	11.3468	1.18287	0.576746	3.84618	2.76517	0.743599	13.0164	2.96189	0.64849	7.4082	1.23283	0.838159	5.1291	5.9748	0.199808	13.5698	
7.86511	0.873161	34.4138	9.49814	0.942016	20.771	8.45723	0.723598	26.7237	3.17608	0.611847	13.4029	10.0172	0.499181	24.6096	4.93363	0.970073	24.2236	0.975107	0.279829	2.26169	7.54157	0.160814	16.8841	6.24045	0.419382	22.8993	6.08945	0.986173	20.5257	9.0328	0.604203	33.2822	7.01639	0.918169	16.0723	6.80161	0.950381	25.5529	5.23093	0.616556	22.6384	6.24494	0.765794	25.7452	0.454944	0.373587	0.951206	
1.73218	0.34541	3.79132	10.5463	0.249788	49.4917	8.29233	0.162984	37.0292	9.69619	0.73943	25.2173	4.48848	0.376792	16.8834	2.87063	0.547564	7.44334	8.27679	0.471398	36.7475	1.89603	0.822059	4.4835	3.86202	0.507459	13.103	3.13384	0.399644	11.9453	3.45218	0.255872	9.27322	4.20145	0.398336	16.039	2.20741	0.273732	8.43502	2.5817	0.215956	11.6193	3.68932	0.683886	17.443	7.50058	0.796822	28.924	
6.14864	0.103399	22.8821	4.14223	0.426928	14.5055	2.77934	0.538654	5.86721	5.17794	0.308282	14.0783	6.64673	0.241495	18.5789	4.5158	0.114017	11.3957	6.50962	0.382384	19.9762	5.7351	0.851144	12.775	8.78913	0.777365	40.0117	3.95615	0.67043	18.3504	6.13451	0.799529	15.8368	3.50925	0.58103	13.9962	5.01604	0.78401	14.252	4.69525	0.235717	17.2311	3.49798	0.179552	7.24943	5.31835	0.677159	25.9524	
3.0779	0.217435	13.4741	7.96357	0.83997	38.786	5.68342	0.671192	17.315	10.9252	0.592391	49.9675	0.557357	0.825969	2.26093	5.24329	0.70621	13.8985	10.8723	0.993998	44.0978	3.07085	0.605466	15.1235	8.56223	0.833624	33.3495	3.83297	0.434141	15.792	1.33361	0.501036	5.31468	3.01416	0.405343	12.044	3.43745	0.822447	11.8984	5.02579	0.622689	22.4374	3.6649	0.638944	9.45464	9.76509	0.170889	48.4604	


# This instance was randomly generated with the following parameters: 
# SIGMA_MIN=0.1
# SIGMA_MAX=1
# CAPACITY_OVER_DEMAND=3