9	18
38.602	643.462	37.4445
145.025	943.873	84.4734
15.2246	360.828	11.2122
166.162	1151.02	117.247
0.22816	1208.43	136.562
45.207	906.359	80.0835
116.786	1304.12	148.371
141.755	1032.84	104.481
51.558	1222.92	131.894
28.4563
7.99922
23.9396
21.5301
5.78049
6.40195
12.5239
0.756721
25.5399
24.1118
25.0391
4.59923
8.33534
14.7208
13.9926
26.7279
11.6598
21.8078
9.45101	1.12684	21.0726	9.51444	0.66132	46.1181	7.85651	0.947677	36.0228	3.84549	0.618033	15.1669	4.56804	1.9813	20.1248	5.33917	1.823	19.5253	7.24382	1.87805	31.134	7.04914	1.57577	35.0086	10.6391	1.53255	33.0261	8.15285	0.734543	19.1402	8.99134	0.510613	20.0204	7.26207	1.25569	32.2459	6.59026	1.33301	30.6507	8.49001	0.803145	18.3836	4.78251	1.82276	21.4805	6.19252	1.71182	19.9815	5.6308	1.78991	14.7874	6.65249	1.39606	15.6416	
4.91498	0.730738	14.6802	2.10234	1.6612	10.5092	2.62974	1.63706	11.5	6.30738	1.07233	25.7727	7.83997	1.59081	22.1959	6.75352	0.951175	30.7957	2.94084	1.38362	12.5136	3.29569	1.07374	11.2377	1.85449	1.47663	6.43679	1.82989	1.69941	7.06916	2.31688	1.94192	9.88237	7.69507	1.73122	35.1283	3.41274	1.97838	13.166	3.42107	0.647801	8.01452	7.23838	1.35288	21.5476	3.5275	1.39526	11.4445	4.23392	1.49076	10.5195	3.59912	1.7721	15.5575	
8.41798	1.63934	21.73	8.60602	0.767748	23.5778	6.94464	1.418	20.397	3.57959	1.42647	9.48047	3.54324	1.95226	14.0071	4.28111	1.07508	13.9192	6.68531	0.89451	33.1037	6.12283	1.06315	12.8738	9.77232	0.891403	34.1553	7.30104	1.42964	15.5193	8.07128	0.956452	25.1289	6.22425	1.37408	15.1188	5.69291	1.2441	19.1052	8.05967	1.75242	22.4708	3.7307	1.69053	7.48818	5.34391	1.62665	21.0873	4.73523	1.22554	23.117	5.72392	1.45515	14.5012	
8.39248	1.75372	38.2062	6.75694	0.879623	18.7819	5.55984	0.524714	21.6522	1.82117	1.23474	7.45716	6.99597	0.825053	14.231	6.67355	1.63667	23.1316	2.66896	1.79257	7.5131	5.19256	1.90899	12.721	7.31481	1.77695	22.3283	5.22105	1.47189	15.8606	6.46269	0.5393	20.8859	8.70041	0.763089	27.7403	4.66234	1.99654	19.976	3.16725	1.99705	8.22507	6.6542	1.82188	22.1186	4.05987	1.86075	18.6532	4.23781	0.611401	12.2397	4.99256	1.5224	24.2433	
8.81001	1.71843	27.9529	9.51429	1.45888	37.7161	7.88063	1.3172	33.3727	5.29588	0.558003	17.3067	3.29254	1.03088	15.642	4.38998	0.927496	19.6562	8.18738	1.7139	35.5109	7.04344	1.02635	24.8641	10.7669	0.623027	38.8925	8.37327	1.1758	27.6095	8.95754	0.629728	44.2324	5.91019	1.91896	27.7289	6.70627	1.6444	24.8666	9.64999	1.51622	25.766	3.73287	1.14198	14.149	6.47998	1.79162	31.8004	5.79386	1.83536	14.5408	6.65244	1.58167	30.0379	
4.8335	1.63446	23.3969	4.04233	1.81732	15.7113	2.42728	0.762418	9.63958	3.1282	1.10673	6.26881	4.12993	1.50475	12.447	3.35929	1.92624	15.0929	2.80047	1.8216	6.16415	1.73372	0.876206	7.96817	5.11536	0.718407	21.4639	2.62734	1.51324	5.49956	3.55579	1.97444	14.6528	5.14027	1.05636	20.9396	1.18254	1.5613	5.03111	4.47324	1.4027	13.0673	3.60299	1.87227	15.0206	0.670901	1.86457	3.00473	0.514368	1.80265	2.33084	1.40728	0.593316	5.52545	
5.46195	1.95771	22.166	6.50366	1.92453	13.5993	4.98084	1.73295	13.8225	5.04566	0.929644	12.7978	0.460364	1.71704	2.12142	1.02885	0.791617	4.10625	6.45329	1.68108	14.8362	4.18548	1.17181	16.1742	7.82204	1.26235	19.5245	5.64333	1.82857	23.0437	5.94165	1.35901	24.4825	2.85562	0.626845	9.85608	4.02805	0.708908	18.9325	8.11141	1.6768	39.5906	0.375132	1.26256	1.14142	4.05715	0.748139	12.0439	3.34141	1.23574	8.09194	3.84505	1.8517	18.6077	
8.19656	1.76634	24.2897	7.92009	0.946737	23.0525	6.28218	1.60072	20.8647	2.16934	0.596539	7.83623	4.16905	1.06131	19.5503	4.54829	0.948749	18.7174	5.46473	1.01342	20.9038	5.51055	1.4463	11.2985	8.98418	0.665167	44.5636	6.49535	0.903868	22.2948	7.41943	1.07139	28.4089	6.66458	1.76916	30.2251	5.01027	1.24006	14.718	6.74164	0.883753	32.9467	4.15047	1.0323	11.2851	4.55278	0.515684	9.51637	4.06778	0.667562	14.3348	5.12498	1.40419	13.3601	
6.70903	1.33824	26.2711	6.82447	1.96952	18.582	5.16355	1.27252	11.9422	2.94438	1.13852	6.12006	2.60758	1.31229	9.23939	2.88703	0.858595	13.315	5.28566	1.35819	20.4349	4.33832	1.2201	11.4231	8.00751	1.05837	21.3631	5.5516	1.41399	18.0781	6.28687	1.56206	24.0071	5.0095	1.47314	23.8629	3.92089	0.865831	12.7236	6.80951	1.49954	26.043	2.51081	1.61525	9.88125	3.6096	1.90322	12.9604	2.96892	1.83218	9.16088	3.93924	0.753251	10.569	


# This instance was randomly generated with the following parameters: 
# SIGMA_MIN=0.5
# SIGMA_MAX=2
# CAPACITY_OVER_DEMAND=3