8	16
159.301	926.78	78.5966
108.749	1360.78	156.414
56.745	1186.47	117.123
13.546	354.18	10.9706
90.9458	1276.46	158.437
10.1609	1023.06	98.8701
98.1995	1272.92	140.048
112.455	1172.61	134.501
43.6975
4.14912
63.4297
72.4021
25.0766
41.8507
31.0387
78.8821
0.479431
6.68198
13.0424
82.4736
66.415
9.88796
14.4373
42.6964
3.40704	3.2003	9.80855	7.0072	2.62215	17.0417	5.72875	3.36303	14.4742	4.09768	1.04749	13.3758	3.58008	2.9524	13.9371	7.82074	1.27353	18.2305	3.44291	3.12595	14.5033	6.19728	2.01803	18.0079	3.27421	2.85151	8.96184	9.313	2.15905	36.7952	6.09675	2.73907	15.4737	2.62488	3.17487	12.2155	3.56899	1.62393	10.5085	5.37273	1.27478	11.3963	6.81899	3.55863	20.0259	0.805017	2.32586	3.03491	
3.1627	3.47994	10.117	3.66884	3.5109	11.4339	7.07046	1.73074	26.4014	0.929483	1.82348	2.57314	5.67605	1.21977	17.537	9.80548	3.32207	31.4237	1.68889	1.66427	4.35685	2.91287	1.01309	14.3677	3.44439	1.26442	12.2519	9.05703	1.37967	18.5849	4.11673	3.69683	17.4806	5.09499	1.55665	13.1542	5.99073	3.19011	21.5438	6.69486	3.63964	30.4883	3.87832	1.83328	13.1331	3.41348	3.24287	12.9497	
3.79507	1.18597	17.2723	8.41886	1.84369	25.1479	1.06155	3.7271	3.16687	6.51748	3.52689	31.755	1.36703	1.77218	3.74511	3.05108	3.41692	10.6321	5.29383	3.03872	24.0818	7.74676	2.49469	30.5466	3.42806	2.77092	16.2693	5.51951	2.5596	15.9097	5.82005	1.49362	25.3163	2.34354	3.72469	7.89177	1.54939	3.54441	5.11974	0.92619	2.35061	2.3554	7.5614	2.26894	37.0699	4.29897	2.20343	16.4763	
3.29768	1.6839	8.69711	6.77466	1.5453	29.5474	5.80168	2.91487	15.4828	3.85838	1.1864	17.7731	3.69148	2.98577	16.1708	7.96166	3.62068	31.4859	3.24072	2.17621	14.5791	5.96576	2.37139	17.9316	3.192	3.69815	12.7363	9.29013	3.45166	33.0718	5.93544	3.47869	20.3752	2.7557	3.7128	10.3816	3.71435	1.45215	7.84392	5.43989	3.96116	23.0003	6.60866	1.58175	31.5011	0.798205	1.88116	3.52812	
6.25412	2.3305	26.806	10.3163	2.54546	44.1131	2.33446	2.77972	8.73701	8.98292	1.55823	28.489	4.32149	3.27253	9.58533	1.34993	2.39958	3.79021	7.78734	2.47867	16.8425	9.77503	3.30377	21.6651	5.95396	1.78517	22.4041	4.43681	1.63813	20.3457	7.39095	2.02387	27.3719	5.29379	3.43535	19.3257	4.43113	2.82131	18.5793	2.71497	1.84465	12.2205	9.28064	2.96799	32.6269	7.24029	1.93376	28.4387	
6.38797	1.14833	26.1307	6.31061	2.9431	13.2366	6.54582	2.35265	18.1411	7.40758	3.86691	20.9773	7.8962	2.14587	29.1754	8.60914	1.59884	38.815	6.94654	1.84181	15.7812	6.37755	3.81262	25.9307	6.52978	3.79092	30.2271	3.18866	3.57997	11.461	4.19607	3.12054	18.6428	8.47368	3.3731	20.0732	8.42957	3.84799	24.0568	6.52472	1.9218	14.8739	5.21557	2.25169	16.8461	9.01268	3.23383	43.5144	
6.15169	1.98034	17.9361	7.04905	2.30928	16.7906	5.55325	1.14947	26.6125	7.65043	3.69323	36.8162	7.16265	2.60515	16.6363	7.38625	2.36541	34.5397	6.98839	1.7114	30.552	6.97355	2.12786	15.5613	6.21452	3.4211	29.3012	1.84086	2.25454	6.43364	4.50674	1.62283	15.4068	7.85172	2.11217	24.7019	7.66936	2.68276	17.5822	5.59179	1.17218	18.2204	5.89679	3.08669	15.4422	8.67884	1.41269	30.4754	
4.73046	1.63822	23.575	9.51673	3.25935	38.8071	2.65956	2.49454	11.0973	7.25459	1.94679	33.5123	1.7283	1.61619	5.6786	3.31876	3.73856	7.2398	6.0693	2.10625	26.8637	8.78503	2.77027	40.3713	4.33851	3.65373	11.5406	7.12284	1.78686	20.9345	7.1624	1.48377	16.6711	2.23484	2.96535	5.53083	1.3147	1.58102	4.41243	2.58236	2.4092	6.34286	8.77754	3.60956	42.4544	4.24715	2.77498	16.7989	


# This instance was randomly generated with the following parameters: 
# SIGMA_MIN=1
# SIGMA_MAX=4
# CAPACITY_OVER_DEMAND=1.5