8	16
53.2854	1158.64	129.68
97.8614	751.083	51.5212
163.312	474.003	21.4815
82.9062	818.071	59.4128
179.797	1065.07	99.5617
138.305	571.989	28.6958
57.2867	1166.84	124.141
143.549	984.708	96.0772
63.1039
4.70629
24.5989
4.25024
2.34968
36.9961
23.4096
11.257
46.7418
24.8658
30.6705
38.1481
17.8896
40.1548
24.7462
13.1589
5.01042	1.87625	12.6296	1.77508	1.85578	6.85815	4.4627	0.567285	14.9158	4.46303	0.79936	12.3473	8.54313	1.59709	39.297	1.77964	0.971335	8.81279	5.90761	0.690702	28.9457	4.88188	1.99953	22.7107	2.99001	1.29412	11.7775	5.31323	0.992331	23.9165	2.10539	1.17497	5.48927	2.76368	1.58328	8.79157	3.20412	1.18701	11.6882	5.27839	1.05881	14.0785	1.7514	0.967696	3.90501	6.36098	1.49023	22.0889	
4.96947	0.997033	23.0787	1.7135	0.528572	5.08453	6.30064	1.20449	26.3126	4.97677	1.91597	16.3785	5.57965	1.68351	15.2288	4.67269	1.05244	16.7417	6.0665	0.672571	28.843	4.68487	1.80953	15.8361	5.50881	1.1041	23.7771	4.00747	1.07974	13.1871	4.61637	1.21031	18.7897	3.46244	1.3585	15.9343	6.67511	0.758968	15.9722	2.68345	1.55091	6.63908	4.59074	1.53273	9.42131	4.74193	1.32382	23.6425	
2.0283	0.995894	6.51344	5.45138	1.0979	25.9348	4.9409	1.35911	19.114	9.95664	1.10863	46.1691	4.35079	1.71603	17.8205	5.99983	1.79049	13.7497	2.33135	1.48406	10.2359	9.84561	0.902066	32.7192	9.40729	1.26493	26.0406	1.26033	0.642483	3.79865	5.50164	0.633936	26.0301	3.77938	1.68449	10.8453	8.80975	1.56689	37.1231	7.684	1.8329	24.3287	5.91101	0.936317	18.9603	9.92363	1.80425	45.6408	
7.06638	0.651779	23.6697	3.28728	1.11375	12.0362	8.27067	1.76956	21.0239	4.06141	1.93417	18.4822	6.49406	0.586867	25.1555	6.27768	0.829614	29.8896	8.16257	1.4239	39.6236	3.41173	0.716543	8.32749	5.69905	1.39412	23.8412	5.99131	1.5336	16.5669	6.34991	1.96959	29.3726	5.48535	1.64748	18.424	7.70553	0.500802	20.0936	0.607806	0.540398	2.41085	6.21155	1.80399	21.81	2.73721	0.668159	10.5121	
5.62836	0.787159	19.5363	1.42449	1.28372	5.94523	6.47047	1.63832	13.8467	3.87109	1.50377	17.2459	6.69367	1.61405	25.657	4.39752	1.38521	21.4231	6.71735	0.72587	31.7084	3.65716	0.758385	13.1794	4.47492	0.50266	11.802	4.93178	1.6908	23.3583	4.47514	1.61537	20.1506	3.77505	1.71971	16.1336	5.99032	0.761778	17.3931	2.47484	1.432	10.3944	4.33096	1.68206	20.4716	4.10889	0.602908	14.724	
1.85763	1.68491	3.82975	3.10733	1.00456	7.36901	2.25758	1.28578	5.30617	7.45676	1.94334	37.2073	6.98087	1.79938	17.4069	2.37286	0.622606	7.98821	2.69528	1.18012	9.83428	7.65871	1.38825	35.1132	6.16619	1.41605	25.4057	2.83822	1.17256	12.7381	1.86482	1.69376	7.16472	0.661589	0.664831	1.70115	5.17703	0.833373	19.4407	6.74614	1.65043	27.5479	2.28754	0.69878	6.25903	8.54054	1.76143	22.1134	
8.92865	1.02947	41.9685	4.55762	1.37211	18.5817	9.54095	1.48941	23.4777	2.31357	1.44723	10.256	8.86696	0.57462	44.2988	7.07202	1.28324	26.427	10.0175	1.66394	30.0247	1.37441	0.969554	4.20872	4.90383	1.79627	10.3078	8.125	1.0979	25.8088	7.31696	1.79505	32.785	7.0113	1.75632	20.4726	7.63295	1.43112	30.1205	2.21016	1.54241	5.6458	7.03377	1.03545	32.6826	1.12569	0.523912	4.34248	
3.06585	0.826577	6.99683	4.16313	1.76222	10.4454	1.02058	1.25384	4.79364	7.90905	1.79174	16.8192	8.7153	1.8566	33.4764	1.80954	1.11201	7.56702	3.41012	1.00491	7.01258	8.30869	1.17071	37.6004	5.998	0.91093	15.4925	4.49288	1.16205	15.7752	1.35098	1.22064	3.1059	2.20499	0.897364	6.19747	4.15631	1.98808	13.0027	8.0305	0.822118	35.0075	1.78847	1.45005	4.67351	9.56521	1.03968	24.365	


# This instance was randomly generated with the following parameters: 
# SIGMA_MIN=0.5
# SIGMA_MAX=2
# CAPACITY_OVER_DEMAND=1.5