10	20
83.5166	959.558	88.8909
175.795	392.134	13.4198
23.1245	913.563	79.1094
61.5929	1270.91	144.006
41.1863	1215.26	131.003
63.5218	708.955	42.7097
165.726	1089.22	117.298
78.7439	470.357	21.4356
39.1666	565.563	27.4838
80.4632	1269.87	142.444
37.774
42.6795
41.1162
33.5675
27.4154
5.27607
35.7119
18.6299
40.0566
41.6314
28.1833
24.4539
35.6469
18.9296
5.46709
26.4558
6.26198
19.1794
12.0016
38.0953
6.53038	0.39197	30.6676	4.05352	0.108596	12.1832	4.33935	0.535215	18.8752	7.95625	0.79918	17.1373	1.97628	0.186427	3.99328	4.30628	0.208942	9.55353	2.62859	0.779137	12.6725	6.02124	0.133467	22.3493	1.36131	0.403302	3.23086	5.46029	0.90821	22.0168	5.80479	0.183254	22.1329	8.38603	0.298478	29.1684	1.92814	0.899968	5.03056	1.39269	0.516972	5.07457	2.87396	0.858978	8.20575	7.05547	0.729333	18.807	2.99841	0.185622	9.41224	7.08134	0.714171	32.5318	5.44285	0.751812	11.8356	4.37592	0.840817	9.97759	
4.46368	0.254041	16.7376	6.03048	0.14626	19.1177	8.58761	0.701119	20.4814	1.14795	0.451626	3.92135	6.35044	0.904226	19.0111	4.67296	0.959939	16.1047	8.26118	0.412928	16.6677	2.68251	0.49551	6.12897	6.14992	0.160271	14.0246	3.48919	0.19129	13.0308	4.90494	0.582002	14.6942	5.04581	0.976015	20.2195	7.0588	0.502311	24.541	7.69807	0.951037	18.8295	8.15846	0.190191	40.6511	2.08801	0.967914	6.72114	8.60226	0.311424	41.8202	0.301533	0.720683	1.1074	3.82206	0.802354	12.7687	8.81098	0.588936	32.3501	
3.22707	0.912357	12.513	9.10945	0.667294	18.3112	8.84754	0.240932	39.087	3.03108	0.584568	12.8494	7.5207	0.447161	17.0459	4.98285	0.403854	22.3386	9.2685	0.676849	23.1326	6.06446	0.160997	14.8658	8.50987	0.282992	37.612	3.4589	0.46492	16.126	4.14756	0.20289	13.7722	2.40974	0.897191	7.6358	8.20842	0.689651	29.8423	9.16095	0.319032	45.6242	9.02496	0.743462	34.8861	1.73983	0.604363	5.30171	9.51993	0.460714	44.7754	3.1625	0.393369	15.0055	7.15721	0.101035	25.3932	11.6754	0.708563	53.5566	
2.21017	0.9188	7.70054	6.86835	0.284123	31.1082	6.89235	0.310417	19.7458	2.85088	0.849201	8.63367	5.16726	0.118442	14.1151	2.8632	0.37196	8.16988	6.99911	0.11078	32.1888	4.43521	0.61097	19.5564	6.03766	0.560764	23.7379	1.39357	0.149522	2.9538	2.70574	0.546043	8.54966	3.09168	0.143028	8.00854	5.87495	0.183491	26.8908	6.75952	0.388201	22.9176	6.80235	0.365028	21.956	0.845832	0.65924	2.29625	7.28637	0.879094	17.313	2.25876	0.651981	9.33691	5.29424	0.771817	19.3723	9.28689	0.568307	28.2569	
9.04104	0.350005	26.2736	2.86827	0.943702	13.5427	7.04904	0.727371	25.4399	9.21577	0.655771	35.7293	4.8407	0.58271	14.6723	6.92745	0.60976	26.9575	5.14934	0.448561	17.5128	6.36152	0.869741	27.474	2.26499	0.165277	6.47401	7.80802	0.462512	33.754	8.43493	0.650231	25.5869	10.8255	0.5735	39.1482	4.75392	0.784396	23.4393	3.89115	0.921878	9.76864	5.4908	0.702587	23.3743	8.96823	0.110755	25.1139	5.44997	0.76994	11.5742	8.40307	0.465442	31.1008	5.32694	0.372416	22.0061	1.5343	0.330281	6.83171	
4.44177	0.65132	20.9773	4.57909	0.492472	17.8444	4.12426	0.802024	18.4824	6.14318	0.73273	19.243	1.41066	0.355997	3.94066	2.29154	0.573093	7.5525	3.27936	0.549073	14.6481	4.98012	0.636232	16.228	2.42037	0.173668	8.94391	3.32041	0.295592	7.98094	3.7985	0.306982	16.533	6.27541	0.275709	27.313	2.07173	0.330245	9.13556	2.68813	0.115416	10.598	3.24838	0.448826	10.0771	4.97195	0.272792	14.6927	3.64393	0.588553	9.64709	5.27119	0.921976	22.8275	4.84353	0.831396	10.0834	5.98579	0.189625	20.8509	
5.84167	0.517466	21.9921	3.34236	0.987835	7.05613	8.05595	0.948297	37.3827	3.69544	0.149164	8.57036	5.35367	0.169749	12.6195	4.89984	0.951441	15.6416	7.13339	0.841838	32.2208	1.02896	0.97564	3.74464	4.01305	0.416106	8.03477	4.49874	0.618149	14.8171	5.84942	0.253866	23.9524	7.04444	0.20626	30.8431	5.96019	0.18147	18.6867	6.23074	0.223955	16.9479	7.1642	0.222469	35.375	4.30309	0.639201	21.1546	7.51543	0.101637	25.9132	2.99203	0.113993	13.6799	1.34886	0.849858	6.59857	6.17902	0.340861	30.0306	
1.6127	0.566757	7.9448	7.21825	0.124848	14.5624	4.30012	0.983495	14.1889	5.51682	0.593651	19.793	3.29556	0.477761	12.8879	0.696522	0.537154	3.11419	4.81416	0.558841	21.8425	6.14584	0.655567	13.2306	5.39572	0.961564	23.2712	1.30382	0.210654	3.58276	0.813966	0.50005	3.82173	3.48161	0.861028	10.9425	3.89156	0.722524	7.98626	4.97593	0.59286	13.5555	4.52793	0.728049	9.92107	3.43546	0.119006	12.1077	5.025	0.57878	13.1122	4.8218	0.231516	21.6162	6.58242	0.411359	16.3112	8.9559	0.650508	39.2493	
6.01126	0.294525	25.5006	2.6221	0.379567	10.806	5.77353	0.787608	14.9757	6.2278	0.897832	22.4129	2.97801	0.736345	10.7156	4.08956	0.490633	19.2057	4.42094	0.540782	9.59218	3.98765	0.941515	10.3414	1.06473	0.871776	4.41836	4.70675	0.173438	13.4247	5.53532	0.973737	25.9225	7.72471	0.28431	19.4132	3.38128	0.562274	13.2472	3.34028	0.227535	8.44037	4.55432	0.855207	11.094	5.78129	0.491338	24.8897	4.80929	0.223552	23.744	5.37524	0.700315	16.0457	3.42296	0.324971	13.7894	4.30018	0.758131	19.4824	
0.746229	0.986514	2.67756	8.85598	0.959093	22.0882	6.3705	0.249154	21.456	4.88114	0.404703	10.798	5.64791	0.533898	13.9706	2.99363	0.832315	14.4511	7.14132	0.543457	33.1636	6.80549	0.933718	30.7123	7.46775	0.313637	18.5094	1.96243	0.386629	8.89408	1.66614	0.591146	4.67295	1.13056	0.523948	3.37609	6.24969	0.306842	22.0212	7.33117	0.748486	30.2259	6.83284	0.386473	17.9461	2.55642	0.628912	11.5478	7.32708	0.497714	31.934	4.50691	0.174819	18.7342	7.59212	0.797074	26.4554	10.9594	0.155373	24.7815	


# This instance was randomly generated with the following parameters: 
# SIGMA_MIN=0.1
# SIGMA_MAX=1
# CAPACITY_OVER_DEMAND=1.5