10	20
160.004	781.912	54.6621
38.6121	1335.72	158.209
88.3781	774.22	52.3555
160.863	449.643	18.949
134.899	1199.24	119.352
64.1423	397.075	14.4657
142.794	1030.19	89.5922
149.436	1157.4	118.481
78.8008	641.101	36.4449
28.0488	656.959	37.7651
12.684
3.34559
11.6058
0.710159
14.2352
4.29949
1.55422
6.2616
3.04407
1.34281
10.7137
12.1973
4.03137
6.76538
7.64925
13.4749
3.93164
10.7851
4.17047
7.25315
7.48797	3.13131	15.0736	10.9694	1.44687	46.5057	5.50055	3.29768	20.2339	9.32474	1.40672	40.7588	9.50591	3.28196	32.8325	5.67246	3.56464	19.7713	6.51794	3.31202	21.5843	10.0454	2.58982	35.821	3.02343	2.58393	6.0795	2.9681	3.25796	13.4367	4.63252	1.28146	19.0839	10.4655	3.63317	26.9769	4.02414	2.6403	11.7373	6.56907	2.51727	13.7896	2.08018	1.53877	7.73258	9.14497	2.01678	37.61	8.31774	1.68249	31.8225	4.62461	2.1771	11.9665	6.759	2.27009	17.728	10.946	3.89702	27.9854	
6.50803	1.79945	26.247	8.40261	3.43494	41.8782	3.65936	1.47089	11.0019	6.96831	1.8292	34.3459	7.51221	1.60886	20.3451	5.60198	2.48739	11.8174	3.66604	1.60405	13.8444	7.36931	3.41686	35.2545	3.99077	2.55577	16.1019	1.79365	3.53738	5.8873	4.80806	2.84653	11.4436	7.74395	2.67253	31.9285	1.70527	3.01803	7.42372	6.58699	1.31945	27.094	1.24842	3.11653	5.5395	7.03904	3.97117	23.1181	7.48905	3.72626	17.7074	1.79818	2.05296	4.99604	4.09187	3.14618	15.1358	8.59744	3.91899	35.8701	
6.5335	1.309	31.6539	2.44122	2.9628	7.25908	4.7766	2.15277	15.4633	2.58507	2.13781	10.8534	4.1092	2.368	17.5702	7.94728	2.49639	29.8551	4.72951	2.52327	11.2695	1.24272	1.4019	4.24972	8.68643	3.75222	27.4649	7.84129	2.34988	23.6858	8.04792	2.6127	37.483	1.34702	3.34919	4.1066	6.68182	2.84108	28.8921	8.50474	1.4997	36.2272	7.29796	1.08351	15.4072	3.56852	1.12851	13.925	7.25294	2.56509	28.6026	4.77561	2.85224	21.6197	5.53049	3.10177	15.0306	3.39314	2.86267	10.6677	
3.55744	1.56397	15.5946	2.72491	1.48006	13.0584	3.76892	2.19126	18.0591	1.08253	2.61107	3.92858	0.483396	2.1658	1.85179	5.66533	1.35415	18.9592	7.17919	2.22485	33.9477	2.85945	2.78621	11.8485	7.45242	3.78184	30.2734	8.88922	3.54944	38.1534	6.20052	2.73415	18.1055	3.30936	2.33139	15.8846	8.09713	3.12523	26.7593	5.86833	1.11029	24.9958	7.32057	1.29611	19.4664	0.138551	1.49614	0.426556	3.97666	1.74447	11.6977	5.57475	3.12849	20.5694	8.10196	1.57354	23.1155	1.93493	2.98534	6.72369	
2.56885	3.26081	5.38094	3.82239	2.28796	13.93	3.62709	1.83622	11.7745	2.18993	2.47784	9.98164	0.850652	1.31408	4.0563	4.83797	2.26214	16.0243	7.78237	3.0459	31.2972	3.9803	2.56498	11.1857	6.9085	3.07245	13.9875	9.0138	3.25255	28.1666	5.50225	2.51969	27.065	4.43714	2.53439	11.9415	8.36261	2.16047	24.1968	4.91383	2.00702	12.0292	7.19337	1.35488	34.9659	1.16176	1.54592	2.68386	2.87192	3.26479	12.7053	5.80963	3.68924	13.5476	8.70978	3.32597	20.9501	2.88239	1.54613	10.7571	
2.7417	1.33121	8.65189	3.55006	3.541	11.9368	2.91432	1.51192	13.9782	1.69454	1.85518	4.22349	1.10738	2.11569	3.50698	4.73752	2.01228	22.113	6.8683	1.56	33.6673	3.44036	2.60773	15.6937	6.50461	2.34754	23.2756	8.19946	3.78621	38.3995	5.24861	1.30886	22.3727	3.93241	1.03897	11.4806	7.49966	1.20625	27.5072	4.99589	2.81852	23.4534	6.49301	1.03672	13.7564	0.868969	3.84787	2.04287	3.31521	1.51395	8.75223	4.94874	2.65786	12.4737	7.7957	3.51991	37.2927	2.87943	2.309	7.77335	
4.94722	1.16919	15.075	10.3068	1.36965	30.4991	4.75658	3.19233	14.8614	8.41873	1.00483	35.2556	7.96367	1.03495	17.5999	2.5781	2.09466	12.5857	8.56615	2.11507	26.1206	9.73587	3.08404	26.7543	1.13777	1.05057	2.97855	6.24285	3.36796	24.0231	1.73606	1.15614	3.63817	10.2345	3.72847	50.5425	6.7879	2.56771	17.414	3.16165	2.04496	7.58877	3.9259	3.76737	13.3477	7.83154	2.58045	27.7946	5.4602	3.34934	23.5128	5.77221	2.0541	17.0263	9.14922	2.04588	24.3269	9.83772	3.11331	27.3505	
1.70383	3.47718	4.35101	5.73242	2.35311	13.7971	4.38166	1.97773	11.9317	4.16768	2.2385	18.0939	2.74683	3.88387	7.11524	4.01718	1.83715	19.864	9.24105	2.26185	34.8792	5.9581	3.10789	12.7871	6.57932	2.80887	28.8753	9.77265	1.19729	29.9738	4.9393	2.86907	20.1466	6.41184	2.44319	15.8216	9.35291	2.62154	46.3633	3.71022	3.36435	7.88339	7.62287	2.43614	33.2482	3.13968	3.13639	9.96445	1.25307	3.29767	5.70407	6.86882	3.82164	29.4282	10.1554	3.55169	48.6195	4.66471	3.39261	19.8516	
3.56722	1.60126	11.03	9.39499	3.63639	42.7356	4.25658	3.73435	14.2234	7.48932	2.48568	15.0646	6.81078	1.23697	16.9844	1.18798	2.92849	5.32898	8.83683	3.19754	39.8621	8.98081	1.93907	32.0274	2.1873	3.5303	9.6664	7.17168	3.49229	32.4826	1.03645	3.57898	2.37771	9.49048	1.98992	38.9168	7.47075	1.94318	24.9754	1.57001	2.19236	7.18807	4.71316	2.39978	16.858	6.77198	1.41081	14.7987	3.94649	3.8168	18.7244	5.92981	3.81909	13.546	9.53565	3.12099	21.9516	8.77606	2.95789	40.0521	
6.30961	2.51867	30.3283	6.45194	2.43866	24.5302	3.2205	1.55266	14.0578	5.30919	1.39556	21.5713	6.2152	2.22411	27.5964	6.27167	3.68279	22.4624	2.03706	1.49573	9.80759	5.32897	1.16926	16.7663	5.58485	3.20753	21.0641	3.46619	1.41459	9.85591	5.7919	1.24325	19.3487	5.64659	2.47951	24.0171	2.3935	3.21155	8.78899	7.17726	2.65875	24.4054	3.31354	3.44949	14.6869	5.65731	2.19689	25.6211	7.30637	2.45523	24.187	0.904539	2.89893	2.42352	2.84892	2.80696	10.481	6.86796	1.75462	22.9138	


# This instance was randomly generated with the following parameters: 
# SIGMA_MIN=1
# SIGMA_MAX=4
# CAPACITY_OVER_DEMAND=5