6	12
16.5859	1001.97	86.3932
177.119	567.683	27.5624
63.7737	855.561	61.8907
166.001	833.499	65.2198
151.172	865.05	63.9303
146.65	1040.82	102.224
11.7467
4.59356
3.51881
12.3602
2.00997
9.24887
11.1594
3.4694
3.46168
2.05828
10.1808
7.63648
7.29833	3.42654	17.1855	1.07086	2.94333	4.09425	5.34951	2.86498	17.5145	4.86221	3.44237	12.3662	7.93657	2.456	27.1715	9.31165	3.17708	21.9541	6.98775	2.4561	22.5034	8.28573	1.57317	20.8278	3.53551	3.13601	14.4743	6.83376	2.52106	16.4026	2.17726	3.38506	5.59144	6.35375	1.52476	19.1828	
5.92225	2.82949	12.806	3.08989	3.60609	14.1642	1.58262	1.32545	5.92965	1.14716	1.27739	2.71085	8.04101	1.77863	36.4703	7.89795	2.49311	18.2421	3.1524	2.71985	14.59	9.90657	1.29194	23.5224	4.25323	1.71815	17.2967	2.99053	3.66116	12.3138	1.80713	1.13757	6.01474	5.31192	1.95507	14.6771	
5.74918	2.2468	22.0745	6.4031	3.14783	17.7856	9.94747	2.66627	39.9907	8.60176	3.29291	18.8014	3.35465	2.3706	15.529	6.60524	1.8793	18.9369	11.1745	3.60302	22.5193	1.52955	1.14854	4.13229	4.22726	1.61642	9.07943	10.1115	3.46886	26.0609	7.13566	2.38811	29.5876	5.10187	2.4946	25.0577	
2.92695	2.38879	11.6065	4.24913	2.31042	10.0885	6.68298	3.3968	21.7318	5.2577	2.79015	21.5539	2.93081	3.17977	11.0238	4.60697	2.77633	19.4428	7.77711	1.29011	27.4932	4.71558	2.71732	21.8563	1.54146	1.48099	3.71868	6.64555	2.26145	24.3914	4.43317	3.74551	14.9682	1.99885	2.42178	9.74573	
5.25634	3.47287	17.9167	7.24493	2.98698	22.8776	3.9064	1.66051	8.71618	3.46139	3.07238	15.1933	8.36937	2.57841	28.4012	6.35479	1.49767	17.5036	3.11521	1.2063	14.8058	11.45	1.20166	36.9913	6.82439	2.34388	17.0051	1.83644	1.53771	6.18166	6.0656	2.64944	24.5608	5.44907	1.74288	26.8055	
5.10634	1.49995	18.5471	4.67591	1.18531	13.4264	8.33663	2.95378	17.8987	7.048	1.2022	25.3617	3.68471	1.43841	14.0676	6.45159	3.6631	21.0707	9.64049	2.42074	34.7066	3.25185	1.83514	12.2445	2.6057	1.96996	5.55706	8.68008	3.22846	33.1134	5.42283	3.96618	18.463	4.26139	3.87084	11.7839	


# This instance was randomly generated with the following parameters: 
# SIGMA_MIN=1
# SIGMA_MAX=4
# CAPACITY_OVER_DEMAND=5