9	18
56.59	1134.17	125.464
166.271	383.329	13.4518
71.4024	1326.08	154.339
134.091	1051.31	103.081
150.189	1151.47	121.818
89.9518	1036.08	105.913
77.3852	1182.43	126.87
24.4489	963.36	81.3837
161.212	537.779	24.6497
11.7138
0.5922
6.3832
11.5737
1.89712
13.2736
1.30342
0.356841
9.18474
12.1971
18.1527
18.6773
8.76615
8.74731
11.5955
5.86058
19.4776
11.6414
5.5831	1.14473	22.0797	0.625259	0.918978	2.88733	5.9426	0.9012	19.4307	10.0799	0.553066	41.6166	4.18521	0.648489	19.1115	5.16309	1.04876	23.9196	6.91389	0.741666	17.8744	8.11452	0.675998	20.4585	7.73689	1.76053	32.2051	8.0885	1.34514	25.7999	1.20773	0.880152	3.21843	0.236342	0.726161	0.92456	4.95192	1.00019	19.2276	6.54398	1.04239	24.9031	5.33903	1.3334	18.4107	6.44229	1.19364	28.8472	7.87072	1.51269	26.3061	6.71397	0.716125	32.902	
2.04273	0.802148	5.02312	7.61681	1.77429	16.0057	10.8168	1.03506	42.1583	8.80204	1.51975	29.1546	9.99858	1.97644	33.2608	2.48048	0.852241	11.9728	1.0425	1.23298	4.39878	4.4145	1.28908	8.96394	0.664717	1.24498	1.90133	2.78396	1.55239	6.94147	7.67967	1.96433	17.1904	7.34172	1.66685	29.8587	6.54615	1.57711	16.7056	9.45086	0.608569	36.0987	7.32343	1.28484	36.2714	6.56649	1.44376	31.0632	3.17717	0.556022	8.12887	3.59347	1.99321	14.2796	
3.9366	1.04893	11.1877	1.83219	0.566824	7.25674	6.5298	0.847838	26.62	9.22481	1.15254	32.3046	5.03592	1.84373	14.1631	3.55912	1.55368	9.95339	5.26784	0.707865	18.2035	6.72442	0.964426	23.8256	6.08687	1.50004	25.282	6.52674	1.33228	19.5228	2.07177	1.91072	9.57468	1.52917	1.08608	5.4021	4.26121	1.5344	9.75718	6.49962	1.99032	20.5489	4.84933	1.19063	23.6575	5.59133	1.83641	24.4817	6.35085	1.59739	17.9144	5.27141	1.07099	24.854	
5.29944	1.51018	13.4097	4.91265	1.19493	23.0302	4.14504	1.71075	18.3643	4.74377	0.86629	23.0823	4.25319	1.28303	13.4679	6.24133	0.587508	29.0207	6.05428	0.715539	20.5817	4.5194	0.840655	12.2397	6.84107	1.5803	25.4824	5.64778	1.17422	23.7638	4.40954	0.715031	21.5477	5.51665	0.819121	20.3578	0.629618	1.17038	2.97729	2.3725	1.52183	9.04302	0.289592	1.86334	1.03889	1.36223	1.58306	4.15746	5.14917	0.557672	20.9458	3.90824	1.83586	8.53427	
2.84921	1.29328	10.1366	8.38095	0.936808	36.6277	11.6221	0.90038	30.484	9.33432	1.6295	19.3027	10.8081	1.13628	44.7414	3.12942	0.572889	9.337	1.79742	1.90866	7.09484	4.90845	1.00095	21.1978	1.09258	1.70598	4.29626	3.18686	1.17107	12.9915	8.4614	1.06547	32.6438	8.07483	0.676412	17.3826	7.33011	1.97207	33.2295	10.2228	1.92564	20.6867	8.10131	1.49608	28.7137	7.28582	1.67143	35.383	3.6516	0.792546	13.2667	4.25703	0.528906	17.6619	
3.61434	1.63584	10.5343	4.64427	1.66926	15.0053	9.55503	1.1863	30.6343	11.0251	1.97946	26.3804	8.06486	1.50434	33.9075	2.281	0.672933	6.07303	4.62652	1.98591	17.813	7.48538	1.41095	32.7389	5.15318	1.1768	21.5027	6.55475	1.24041	31.2857	5.03193	1.04176	17.5679	3.96734	1.71018	13.9333	6.66055	1.84546	28.0832	9.28673	1.88674	26.0142	7.38797	0.86758	16.1279	7.64626	0.788648	27.8791	6.63194	1.36881	18.1279	6.04519	0.844837	26.3945	
5.75035	1.64221	15.2176	3.39637	0.744977	13.6803	3.09179	1.14943	9.04819	6.51077	1.35602	20.531	2.56658	0.783461	6.78672	6.31684	1.9521	21.2016	6.78953	1.96239	20.6709	6.05997	1.51567	25.9963	7.64567	1.94059	33.772	6.88672	1.68107	30.7227	2.8321	0.666144	12.3857	4.12814	1.17826	12.2072	1.75977	1.38143	4.09781	2.62884	1.25531	7.56846	1.63467	1.65313	4.74606	3.17627	1.29469	14.0296	6.44908	0.53704	14.6408	5.13649	1.20703	24.837	
6.60988	1.88153	31.6267	3.82039	1.19216	17.6863	9.08124	1.01312	42.8047	12.831	0.697759	32.9241	7.25091	0.689469	34.1254	5.52869	1.63416	13.7866	7.81764	1.82027	37.7503	10.0857	0.516589	41.1596	8.4577	1.15277	41.5628	9.53515	1.03459	23.4309	4.40629	1.93374	14.4734	3.0079	1.07769	14.938	7.82107	1.58573	37.0957	9.71914	1.82747	29.1955	8.33785	0.839798	21.9413	9.19365	0.909751	30.7708	9.48794	1.5823	41.2332	8.59901	0.768486	40.5324	
5.87139	1.11506	27.4849	0.732364	0.603145	1.61306	4.59154	0.930717	15.3508	9.15713	1.3051	19.5451	2.87794	0.770785	12.3884	5.77458	1.76108	26.4636	7.16568	1.76313	16.5663	7.74688	1.74767	20.2366	8.02836	0.925281	39.5283	8.01438	1.52222	22.6411	0.222192	0.602491	0.993824	1.57324	1.87375	3.57511	4.06091	1.70262	8.54572	5.26803	1.92304	23.5171	4.29704	0.988434	11.3818	5.59575	1.91117	19.0994	7.71464	0.594768	21.3661	6.46094	1.10475	18.2319	


# This instance was randomly generated with the following parameters: 
# SIGMA_MIN=0.5
# SIGMA_MAX=2
# CAPACITY_OVER_DEMAND=5