6	12
98.4174	341.988	10.2115
10.2627	1197.55	128.144
68.1271	831.81	57.9641
140.812	951.961	89.998
46.3697	1043.29	100.648
57.9148	1085.35	114.564
25.105
14.6852
0.470786
14.0716
14.0659
1.81459
1.05389
22.7271
20.1966
18.4908
23.165
11.3303
7.14828	0.544164	35.5874	8.86976	0.52797	18.5189	11.421	1.34968	30.523	10.1225	0.976222	47.9089	6.19375	1.26114	20.57	8.89126	0.905212	32.2315	11.1684	1.43373	47.2306	3.36561	1.11557	12.2713	10.8665	1.03725	41.4528	11.6075	1.98055	54.3702	8.12041	0.905218	32.542	5.38499	1.99385	17.7393	
1.0712	0.71888	4.80944	0.945146	1.54779	2.68404	4.6937	1.67697	12.4754	2.08279	0.705752	5.82381	3.83129	1.91821	9.00038	1.62984	1.70857	5.52343	2.96067	1.63641	5.9389	4.8919	1.88539	17.9821	5.33756	1.53574	20.0685	4.73261	1.10054	17.1668	1.6698	1.2013	7.16986	4.30342	1.89914	14.8635	
5.39547	1.7832	14.32	7.07483	0.718426	16.8542	7.5766	0.702362	18.1901	8.21829	1.06198	40.7753	2.51277	0.572108	5.76302	5.94343	1.57295	15.0491	8.6872	0.967594	32.9965	3.06781	0.820395	7.98354	6.62942	1.89695	26.5637	7.80921	0.707113	29.4739	5.14668	1.10207	20.8663	6.24923	0.651529	13.7528	
2.12874	0.735307	6.92504	3.76395	1.08203	8.87671	7.27176	1.08696	25.8889	5.01053	1.48484	10.9075	3.41605	0.985343	7.55978	4.26871	1.78854	16.6374	6.13935	0.845353	28.7702	2.0381	1.59609	8.19638	7.32496	1.07165	35.6648	7.3893	1.45355	25.533	3.66669	0.827311	17.8019	1.94861	0.903012	6.69095	
4.94741	0.664227	17.028	5.34947	1.06058	21.14	2.31121	1.7855	9.1597	5.77433	1.35449	21.2434	3.49327	1.05885	9.61358	3.11036	1.70643	13.358	5.21533	1.10225	18.5318	6.65078	1.2691	32.296	1.19316	1.03611	4.96859	2.57302	0.620369	5.69221	3.03344	0.63619	14.0481	8.10246	0.799933	37.4652	
3.0312	1.1141	13.9235	3.89289	1.63649	18.3626	3.51492	0.80534	12.1995	4.68404	0.618105	17.0688	1.81946	1.21941	3.95501	1.95009	1.16544	8.65409	4.68908	1.6809	11.0185	4.71916	1.73998	10.4154	3.15879	0.615397	14.615	3.71239	1.64492	17.3438	1.37964	0.651332	4.5352	6.04237	1.92248	16.449	


# This instance was randomly generated with the following parameters: 
# SIGMA_MIN=0.5
# SIGMA_MAX=2
# CAPACITY_OVER_DEMAND=3