12	24
35.2314	1245.58	149.596
104.334	1085.58	110.97
152.22	599.784	34.5797
43.1632	1073.69	95.6361
76.8956	1053.7	105.667
133.852	792.818	58.0295
24.2734	1145.38	122.66
62.3797	1153.65	114.704
122.848	1254.38	131.029
118.86	852.996	69.8448
57.9737	460.4	19.4303
104.428	951.489	76.7716
21.9474
40.1087
9.63687
34.1483
3.68702
30.1143
20.4314
22.3957
34.9646
0.695782
25.8807
28.0523
25.3036
28.1186
35.1161
30.058
34.9492
24.0493
4.47485
6.79835
20.3843
3.22226
16.146
43.7755
1.85212	2.54588	5.46355	6.40008	3.05003	16.7214	7.69174	2.50573	23.21	9.58466	2.5477	40.2455	7.33929	1.17703	19.748	6.59729	3.24965	22.1719	7.46229	2.77795	24.4205	6.96456	3.74194	34.3024	6.21176	1.73532	20.5006	1.54125	3.87359	5.07781	2.84533	3.90211	11.2138	5.28876	3.20884	10.8591	1.47654	3.10986	6.70225	3.80096	1.10295	17.4069	4.94009	2.68748	22.4629	2.27668	1.01731	8.26555	7.89455	3.71797	19.9818	4.35852	3.48343	15.8457	3.54943	1.7111	13.7663	2.20009	3.61228	6.1523	3.42149	3.39135	14.1605	9.04349	3.22507	42.5253	7.75388	3.94434	16.6808	4.89338	2.63404	17.9922	
3.75253	1.76941	17.6876	5.09849	1.6089	13.2294	5.63983	3.15282	18.0273	6.85283	2.58318	19.2272	1.88605	1.33083	7.43714	2.10897	3.53696	4.27258	2.33271	2.50049	6.72691	5.98143	2.11572	22.4153	1.16749	1.87955	4.07058	6.72886	2.4341	23.9854	6.67146	1.84136	22.7998	3.68557	1.15483	17.9147	6.84314	3.45841	32.5338	5.89292	3.56131	23.8343	1.60499	2.21515	6.72582	6.77863	3.29503	33.464	4.9133	2.45793	19.2513	2.76281	1.62797	10.3438	6.76605	1.78949	19.426	6.61444	1.51245	31.2819	2.08504	2.12099	9.50392	5.84134	3.61774	20.8541	2.42777	3.81521	8.1829	6.4314	3.85123	23.045	
4.47352	3.92425	12.7242	8.46308	3.13993	18.77	9.32622	3.42365	42.5425	10.7719	3.96368	42.8701	5.08378	3.68523	21.4849	6.13946	2.20162	23.2338	6.23779	2.78691	23.9101	9.30943	3.41046	41.4754	5.19839	3.06958	15.4841	5.34846	1.37749	13.7096	4.17029	1.18362	13.3422	0.562514	3.60048	2.65676	6.36111	1.84607	17.8782	7.68926	3.13309	18.481	2.43315	2.47418	9.33238	7.16312	1.39011	24.3221	8.81378	3.34094	37.3661	1.36937	1.53327	6.12499	3.80689	3.39276	18.9073	4.58105	3.22175	16.0769	3.18541	2.09198	10.8606	9.81813	1.8447	20.4485	6.13555	2.28836	19.9963	8.61814	2.82844	21.1984	
2.73963	2.17192	11.3361	4.30739	2.62061	15.7728	5.64837	3.56373	21.7858	7.57736	1.36424	32.5849	7.69886	1.82382	32.9282	6.0972	3.53197	24.505	7.20182	2.16505	15.4676	4.60665	3.69286	16.393	6.16735	3.54992	14.1303	4.15181	3.8982	16.3307	5.75674	2.27647	12.4216	7.3447	3.28312	24.1847	2.85077	2.92796	11.2034	0.984558	3.36241	4.42841	6.20487	3.50244	13.7265	1.55341	1.90173	6.13627	6.24795	3.08448	23.0093	6.16842	3.85396	30.3319	6.47016	3.51539	23.624	5.06874	1.7138	17.2363	4.50167	2.63438	12.6222	7.32165	2.45937	21.4792	7.66067	1.70193	34.9493	2.03725	2.66679	7.18819	
2.54571	1.96784	10.5292	3.2132	2.65737	10.2164	4.10995	3.77813	19.3049	5.7382	1.31327	25.7157	3.79692	2.66796	11.2457	2.27365	1.30018	6.59786	3.29884	1.05323	15.8102	4.07484	1.41161	8.27958	2.2228	2.14597	9.85491	5.88521	3.55502	23.3001	6.45817	2.8704	26.4746	5.105	2.00676	19.3823	5.51928	3.60919	19.6414	3.74966	3.78564	17.5952	3.20317	1.27273	12.9976	5.06043	1.04347	18.5464	3.83271	3.7671	16.7383	3.89655	2.10111	8.19229	6.81075	3.41397	30.5313	6.14591	2.30667	29.3527	2.14339	2.56037	6.14403	4.95555	1.13247	24.7491	3.72627	2.51795	18.0125	4.22248	3.75378	16.3646	
2.42483	1.5887	9.96634	7.11288	1.35433	34.2	8.20092	3.56755	30.4426	9.89835	1.12256	44.9869	5.73201	3.90973	26.6552	5.83869	3.68934	24.1533	6.3651	3.18804	25.331	7.87659	2.16979	19.8894	5.11721	1.22786	13.9568	3.1614	3.17376	14.1523	2.625	1.9155	8.09631	2.70746	2.66159	6.32773	4.00814	3.17533	16.596	5.6152	2.04172	26.6891	2.91335	2.98606	13.9504	4.80842	3.23437	17.6682	7.99346	2.97928	19.8998	1.95942	2.34587	7.96278	2.74493	2.81202	5.68881	2.68401	3.10434	10.1209	2.15595	2.48356	8.72924	9.10608	1.01314	28.4793	6.47853	2.52533	22.307	6.62927	1.51018	22.78	
2.84955	1.44431	7.98262	2.08433	2.508	9.06537	3.28183	1.33613	10.9845	5.14432	3.02589	23.1247	5.15638	1.22971	24.1142	3.20523	1.2031	9.95507	4.35128	1.53213	11.1108	2.84375	1.22048	11.36	3.51079	3.99344	8.27116	5.98511	2.16155	19.2556	6.96329	2.49649	33.1065	6.44493	2.4627	28.2659	5.23377	3.00582	25.353	2.5121	1.54325	9.20431	4.6539	3.8241	20.6834	4.3918	1.20615	9.92649	3.47894	1.72073	15.5403	5.20416	2.73557	14.7428	7.45469	2.29223	29.8185	6.50207	3.47628	21.5259	3.34169	1.498	7.09343	4.61928	3.75479	17.4875	4.86286	1.18492	19.9431	2.7808	2.57736	10.7652	
3.02541	3.47496	14.7453	7.69812	2.8176	36.3435	8.98676	3.7328	32.2386	10.8742	3.18052	35.7368	8.1855	2.73558	26.4552	7.70211	3.3015	29.8158	8.48781	2.67035	30.7451	8.25964	3.9047	29.6452	7.21913	3.73906	35.653	0.393535	3.71336	1.40921	1.77536	3.27748	8.14224	5.41009	1.9681	17.3155	1.6891	2.62302	5.01159	5.00666	3.62663	14.7133	5.55159	1.98928	27.3951	3.06721	1.94316	11.394	9.1615	2.88965	37.6321	4.72496	2.81879	21.082	2.5682	3.03198	12.4852	1.01994	1.42343	2.77421	4.26487	1.30389	17.4895	10.3117	2.82107	31.5123	8.72704	3.08442	37.1002	6.09463	2.8514	28.7064	
7.83223	2.00938	38.2503	3.19318	2.22445	10.2668	1.84991	3.04029	7.77971	0.169561	3.41996	0.670983	6.75416	2.28686	24.2842	4.64296	3.82663	17.8545	5.17119	3.72121	14.4855	3.05015	2.88114	11.3265	5.63693	1.06524	27.7078	11.0073	1.92966	29.5891	11.9348	1.38798	34.6346	10.3331	2.28194	29.6424	10.1428	3.78586	44.5531	6.61591	3.7675	15.691	8.24785	3.77444	39.3544	9.04729	2.94659	43.9999	1.79984	2.14105	6.67688	9.25473	2.5662	18.6356	12.3602	2.89811	41.2382	11.5143	2.94186	33.968	7.69931	1.82497	18.1501	0.966734	3.3377	3.92156	5.65878	1.74794	21.6602	5.98348	3.0991	28.8713	
6.84545	3.92704	14.6019	2.32599	1.02906	6.07011	1.04824	3.03152	2.11889	1.13278	2.99262	5.20114	6.01651	3.01785	23.7356	3.79813	2.61385	11.279	4.46072	3.16508	21.1575	2.38381	1.01075	5.7284	4.78071	3.45579	20.9039	10.039	1.83433	47.446	10.9448	3.98577	38.4949	9.40173	1.92591	33.3961	9.21072	2.13339	20.954	5.77419	3.31086	11.571	7.32359	3.82516	25.1604	8.16089	3.43783	23.6971	0.877465	3.7116	3.3732	8.30283	3.38585	38.9977	11.368	3.05124	25.8348	10.5299	3.61207	31.4386	6.71914	2.57225	25.1692	0.824412	2.05706	3.76487	4.98667	2.97248	16.5931	5.23416	3.53987	14.3051	
4.34262	2.54574	19.8424	7.58635	1.33388	33.2763	8.30991	3.28329	39.8762	9.62065	2.94633	19.3231	3.64925	1.27926	15.0738	4.87823	1.80203	9.87021	4.85984	1.61214	23.0566	8.45929	2.27034	29.5271	3.90261	2.60909	19.3177	6.07679	2.46767	27.7471	5.24623	1.6661	24.3663	0.956762	1.83695	4.01242	6.81467	3.61133	31.7017	7.3857	3.21545	22.1179	1.22794	2.58649	2.54371	7.34258	3.91276	33.2937	7.67219	3.85472	34.733	0.987774	3.52321	2.42691	5.02691	3.2655	20.9788	5.50805	2.39959	22.1715	2.61974	3.8196	12.6328	8.61815	3.96902	22.2422	4.72234	3.45614	23.452	8.20016	1.89373	30.0967	
2.48819	2.6048	8.40474	4.66188	3.42713	15.4042	5.47676	2.89556	26.1469	6.97061	3.42622	18.6728	3.14849	1.50628	6.47817	2.67864	2.99272	8.40259	3.31331	1.55647	7.21878	5.52919	1.64281	27.12	2.04117	2.71553	7.92086	5.55446	1.07705	15.237	5.69868	2.4685	26.1478	3.66146	1.00415	17.9337	5.58757	2.15855	19.3049	4.80352	1.43636	13.1952	1.75726	2.61797	7.16484	5.52104	1.07838	20.9775	5.01836	3.63153	13.3458	2.48023	1.51766	10.0315	5.90449	2.53671	21.0605	5.54733	2.53508	16.7462	1.01124	3.46647	4.68383	6.07747	3.15458	28.2994	3.54428	3.38819	15.7721	5.46102	1.54292	21.8967	


# This instance was randomly generated with the following parameters: 
# SIGMA_MIN=1
# SIGMA_MAX=4
# CAPACITY_OVER_DEMAND=2