12	24
94.648	764.858	50.1393
64.6765	1187.39	132.812
168.251	1030.51	105.067
92.5695	904.427	68.3299
179.451	405.859	16.1032
111.514	1095.67	100.629
117.671	842.884	67.1573
153.257	1113.87	122.302
177.906	1088.83	115.015
90.7207	697.084	46.3558
7.38508	853.243	63.7475
153.663	936.321	73.4949
6.57145
3.02747
5.75723
5.48012
1.86682
6.55762
1.06876
3.76801
0.612087
7.56014
3.88612
3.65039
5.45785
1.68417
2.25888
3.25546
3.30086
1.22556
3.28675
5.1887
1.56574
5.49547
7.30053
6.28912
3.07744	1.51605	11.4576	4.52503	1.6624	18.2719	4.79907	1.78167	12.29	2.18256	1.34501	6.51611	5.49624	0.549273	19.971	3.23929	1.63487	7.23355	1.4371	0.518237	4.77244	6.55123	1.9788	20.4185	4.22067	0.9852	18.0606	3.87052	1.46518	18.5163	4.30045	1.7973	19.1236	5.14369	0.829834	14.0584	1.96918	0.773904	5.46359	1.43814	1.46699	3.86367	4.131	1.22649	10.2789	4.20766	0.727268	15.1912	4.09738	1.09569	18.4444	5.2398	1.05334	16.7371	5.35177	1.46176	11.7493	3.0663	0.645737	10.6991	6.44603	1.35052	26.1583	3.38067	1.99898	11.0576	6.13835	1.49565	20.7162	2.88771	1.60978	8.14661	
2.68089	0.669994	8.05639	7.00101	1.29766	24.5957	7.56015	1.89645	35.5714	4.80344	0.875477	12.1876	4.62687	1.91489	9.99043	1.56804	1.76048	4.97905	1.85568	0.958316	5.2805	4.52067	1.21538	17.7854	5.18859	1.08277	11.9022	6.63874	1.25301	27.442	4.61613	0.639841	19.1132	5.03377	1.83525	19.4346	0.830097	0.639623	2.37991	3.89215	0.865469	9.65288	5.47346	0.886601	25.0074	4.14099	1.3258	16.8296	6.56997	1.05388	16.8707	7.61849	1.60976	25.5625	7.71885	1.9051	33.6115	3.27215	0.79967	10.6014	8.31164	0.614831	18.335	6.02698	1.38284	26.3268	5.35711	1.20381	24.7586	5.58759	1.06566	20.5663	
7.05998	1.06349	28.7405	7.45993	1.11436	24.0687	9.80267	0.510965	30.4697	6.31405	1.36417	23.5765	8.9928	0.63273	21.0853	2.87253	0.672194	6.89301	4.23243	1.86864	20.4457	8.24866	1.8529	32.9706	3.77786	0.607313	16.2604	8.92238	1.69516	27.152	8.95837	1.07029	33.2683	2.01947	1.96363	5.38399	4.68901	1.22	16.9322	7.04957	1.19736	30.1569	4.46409	0.998898	17.5137	8.53244	1.54185	28.8962	7.13522	1.46715	18.4948	7.68936	1.99094	18.7838	7.73903	0.828655	23.3983	2.82089	1.9487	11.7693	12.0415	1.57626	29.5817	7.20931	1.60326	24.2475	1.13841	0.624558	4.09245	8.24429	0.839954	33.9034	
7.07111	0.900941	22.4523	6.9649	1.13325	18.8987	9.42137	0.545694	42.7561	5.92419	1.06917	22.317	9.10161	0.732381	24.6278	2.91517	0.834156	12.6281	4.06275	1.47184	10.6878	8.51092	0.950742	41.4959	3.24139	1.85221	11.7115	8.55567	0.660415	34.7208	8.93599	1.22594	19.8439	1.46077	1.73352	6.39039	4.65877	0.652204	12.2754	6.81933	1.25267	15.5819	3.93339	0.817893	13.8265	8.54338	0.831542	17.4778	6.65142	1.21312	21.4297	7.16997	0.63626	35.2257	7.21669	1.64882	27.7689	2.46215	0.903398	7.00115	11.8357	1.85076	32.3032	6.77014	1.28787	15.946	0.875015	0.859396	2.57592	7.92798	0.964564	34.3556	
1.45342	1.44973	6.59458	7.32855	1.02192	17.8767	7.25126	1.13742	20.1504	5.00354	0.823428	21.0946	3.41393	1.93145	12.4174	2.82	0.806885	9.5167	2.51517	1.0557	9.6761	3.77684	0.831603	9.40418	6.11519	1.21317	30.3577	6.36724	1.48927	15.2042	3.39488	0.560384	10.2362	6.19822	1.49226	19.9787	1.30399	1.35319	3.24479	3.48482	1.80566	14.2034	6.29526	0.943159	13.132	2.88983	0.665703	6.77646	6.89749	1.80987	32.2259	8.01759	0.915976	23.9017	8.12621	1.79961	38.9405	4.29955	1.42252	18.4394	7.35501	1.09115	30.0876	6.20575	1.41643	13.6466	6.60638	0.560851	15.1562	5.2384	1.76149	13.1238	
5.50637	1.93884	12.5521	4.78628	1.48108	21.7751	6.97014	0.66627	24.603	3.47625	0.604467	17.154	7.82397	1.2922	26.6213	2.25414	1.4094	8.90678	2.1064	0.700006	4.4517	7.9451	1.29961	33.6794	1.80094	0.699277	6.20884	6.10044	1.80453	23.5802	7.1732	1.00619	26.6875	1.99665	0.535787	7.60474	3.16133	1.54793	10.1249	4.52179	0.50209	16.7086	2.24308	1.2239	5.44217	6.91044	1.29597	29.0917	4.42131	1.06512	20.6804	5.14902	1.99996	16.5375	5.21938	1.85435	18.6576	0.161716	1.10209	0.419106	9.53884	1.61003	28.811	4.39078	0.890175	18.759	3.0758	0.596071	10.7958	5.4922	0.722856	24.7945	
2.39642	1.16165	11.7542	9.8134	1.60447	41.806	8.51365	1.8242	37.1705	7.48838	1.03391	16.9686	0.057712	1.81224	0.16754	6.14111	1.50543	18.425	5.73643	0.932861	26.6022	2.58025	0.589605	8.36365	9.35992	1.11164	43.5522	7.82265	1.69072	26.0697	2.13375	1.95258	10.5515	9.56348	0.969655	27.523	4.62224	1.82197	22.7481	5.25849	1.12796	24.0538	9.44625	0.609488	32.117	1.6299	0.893825	7.42473	9.40864	1.75302	44.1774	10.5776	1.00699	41.4949	10.694	1.32143	22.5426	7.63123	0.532302	19.2367	6.57487	1.10578	26.3417	8.53561	0.757178	24.9492	9.92449	1.38009	44.6351	6.69895	1.87401	14.8859	
5.48342	1.10418	12.532	4.90932	1.00613	18.446	7.06888	1.8992	21.7783	3.57783	0.973583	17.33	7.7872	1.33374	37.9183	2.15325	1.73083	8.98313	2.09732	1.48197	5.16314	7.87136	0.577112	24.1103	1.89726	1.34173	9.29659	6.19532	0.650376	27.1096	7.16954	1.87995	17.3194	1.97478	1.783	9.47192	3.12074	0.766392	10.205	4.57136	1.83719	16.7262	2.35641	0.927572	11.0484	6.89612	0.828384	22.4095	4.54335	1.32974	10.0451	5.27323	0.614756	23.8955	5.34356	1.40813	23.9707	0.123097	1.71941	0.507828	9.59243	1.38053	46.964	4.50474	1.30728	16.7476	3.00537	1.34972	13.9186	5.57229	1.39896	16.2982	
6.11595	0.766099	30.1525	5.4275	0.960295	16.3695	1.89822	0.687516	6.99098	4.6033	0.829869	19.4231	7.4993	0.696272	35.7394	8.3664	0.613365	18.6956	6.56695	1.0816	25.0689	9.76082	0.753905	39.9986	8.10889	0.976013	33.4641	2.14897	1.62751	9.36226	5.38376	0.763328	16.3861	9.69078	0.626369	24.9827	6.84007	0.89751	23.4956	3.77118	1.14145	8.84181	7.62542	0.568208	33.8221	5.90916	0.665734	17.0387	5.29254	0.642156	17.3468	6.1	1.74343	21.061	6.1976	1.36475	18.9744	7.85097	0.864991	21.271	2.71079	1.81661	10.4153	4.42622	0.718992	18.404	10.9466	1.56212	50.7608	2.38388	0.515888	9.65286	
4.89899	0.938796	21.4185	3.98837	0.636838	11.2503	1.79465	1.50367	3.76081	2.66041	0.996898	7.38525	6.78148	1.65077	15.8382	6.46594	1.65096	18.7583	4.64529	0.882292	12.7542	8.69622	0.660157	38.1107	6.16647	1.2197	18.9377	1.05128	1.50109	5.25301	4.80785	1.12851	20.6944	7.69697	1.53724	18.825	5.07629	1.2446	21.8531	2.02245	1.61579	9.12368	5.72658	0.834622	20.8492	5.1583	1.84633	13.3374	3.74022	1.80398	13.3257	4.75144	1.3588	18.561	4.86338	1.89922	16.1178	5.84904	1.6897	25.8927	4.11642	1.49853	18.2386	2.77024	1.78163	12.4337	8.94358	0.693149	18.9313	0.380771	1.09144	0.890334	
6.11179	1.58465	22.552	6.86275	1.94748	21.102	8.97194	0.65877	36.9688	5.51059	1.56267	21.4166	8.10636	1.60392	28.5805	1.93247	1.59943	4.18251	3.26614	1.90796	12.4813	7.52986	0.876411	25.6704	3.40977	0.849354	14.2965	8.07613	0.898913	21.1258	7.99814	0.506231	22.6578	2.05775	1.69366	9.41804	3.7229	1.43096	14.5778	6.09936	1.38882	24.3394	4.04461	1.39914	17.4504	7.58511	0.726073	22.1951	6.50884	0.638079	29.6019	7.17395	1.08176	19.7576	7.23525	1.21613	20.3941	2.03943	1.98726	5.62204	11.0775	1.02759	42.5429	6.48118	1.17628	21.4641	1.87362	0.782599	6.1623	7.34834	1.44225	21.5033	
7.43468	0.697788	24.4478	2.15824	1.1874	10.5347	5.5557	1.36195	11.6239	2.7902	0.912849	13.2468	9.86328	0.799306	21.4593	5.35798	1.30684	18.2873	4.37132	0.586256	10.6191	10.6006	1.76683	37.622	1.78443	1.85445	5.34099	4.95515	0.857796	12.5038	8.60551	1.49806	22.9605	3.71922	1.22424	16.1838	5.60253	0.943948	26.7248	5.09758	1.12313	19.9579	1.0873	0.972701	4.92202	8.57454	1.30449	20.1128	2.00583	1.65373	7.06314	2.17052	0.608038	5.42256	2.20633	1.74158	6.49199	3.32758	0.794221	15.3174	9.42444	1.11644	33.4029	2.67566	1.19987	7.72415	5.19855	1.81161	24.727	4.99045	0.769674	19.2023	


# This instance was randomly generated with the following parameters: 
# SIGMA_MIN=0.5
# SIGMA_MAX=2
# CAPACITY_OVER_DEMAND=10