12	24
16.1045	432.493	17.9351
22.8823	703.665	48.7129
83.0627	685.083	39.9493
72.4653	646.178	35.7937
44.2078	1064.33	98.6412
166.066	912.245	81.0443
83.9587	1123.17	105.657
51.6916	927.17	82.9528
13.4192	1210.11	126.492
11.6809	1202.13	143.51
33.2684	1060.38	108.452
125.323	1299.05	145.045
20.35
18.3622
3.16183
12.3754
16.2983
19.8718
10.1189
23.9877
20.1786
5.60524
16.9288
22.4457
15.0913
3.16502
1.12947
19.4141
8.5507
16.8949
21.4564
14.6317
12.5291
4.98589
24.0238
13.1718
3.30936	3.32767	9.35321	3.67011	1.33854	17.768	4.98958	1.76031	14.6768	7.74381	2.06675	22.3085	5.27797	3.68959	19.2545	5.74462	2.44208	18.0155	4.12355	3.7117	11.0437	3.4908	2.09516	14.1273	5.14399	3.92403	14.4302	7.06239	2.72282	21.6337	6.22903	3.41989	24.0642	9.02929	3.30796	34.3248	8.71738	2.30843	30.1853	4.90166	3.87483	20.1769	8.6611	1.83338	35.4215	8.19195	2.59511	22.6781	6.84379	2.73082	31.4365	3.66046	1.93575	9.28095	3.51263	2.46118	15.0269	4.24206	3.79056	9.65315	4.69754	3.80563	11.4534	9.2224	2.38498	45.3267	10.1183	3.06052	44.1097	8.61044	2.92547	32.8838	
3.55948	3.01725	9.67063	7.06139	1.36826	34.7393	7.4125	3.93716	31.6712	7.57073	2.27247	33.2772	5.00354	2.97144	17.4398	5.90032	1.97562	14.0052	3.813	3.9548	15.7148	5.15498	3.88719	15.8098	2.96905	1.91554	9.43827	4.69104	2.36326	16.6501	1.55173	3.96592	5.91045	5.45934	1.27553	24.4693	3.70043	1.57208	17.0299	5.88819	3.29791	20.068	9.65424	3.04723	25.4321	8.08908	2.70975	24.7196	8.35372	3.2299	33.768	3.85819	1.54533	15.644	2.0501	3.37507	7.37853	4.57733	3.86288	16.7733	6.02709	2.49542	21.9795	8.97046	2.49894	37.6991	8.07839	2.13243	31.9359	9.80067	2.95343	44.6729	
5.00309	1.62289	20.7997	7.77378	3.81447	19.3839	6.97153	3.404	23.3342	4.2682	1.24599	13.5707	3.75681	3.80792	15.8039	4.16247	1.4893	11.8855	4.2681	1.43109	19.8069	5.70679	3.69568	17.4787	3.17127	3.86675	12.5621	1.28769	3.16212	5.83835	4.05908	3.82889	13.7346	1.21566	3.51914	4.42419	5.27333	2.72069	23.722	5.05927	2.14047	13.9207	6.76663	3.92239	22.2045	4.62188	1.03967	13.7728	6.49224	2.65684	13.198	4.74371	1.54318	9.69703	5.09681	3.50068	24.1641	4.53505	3.84077	17.4511	5.42802	3.19207	23.1334	5.03877	1.76736	12.2472	2.87595	2.88201	11.2424	7.07214	1.03096	23.5952	
5.64716	1.84334	26.7758	6.61998	3.24478	14.3841	5.24434	2.87161	24.2119	1.30185	3.50313	3.85507	3.47285	3.13526	7.61207	2.98544	1.02651	6.68018	4.83443	2.90588	13.9585	5.28596	3.46672	18.6611	4.88306	3.77698	14.51	3.33089	3.94238	16.5221	6.99955	2.97711	27.733	4.72888	1.52689	22.8307	8.78632	1.97543	35.2487	3.96563	1.33129	9.81527	3.3868	1.81933	12.1114	1.29232	1.97051	6.28389	3.84951	2.61336	8.40561	5.20531	1.91427	22.97	6.63651	1.32789	22.9757	4.48608	3.99026	19.9613	4.286	2.90173	20.8875	1.40691	1.44545	4.95662	2.2472	2.5228	10.5235	3.73888	3.56181	13.5077	
5.14844	3.16541	18.149	2.23561	1.75234	8.86672	1.3081	3.69594	5.89112	4.61068	2.20037	14.1553	4.52649	2.60295	9.973	3.92547	3.87774	9.8118	5.05884	3.48689	11.4252	3.5538	2.82345	16.6456	6.48053	1.86758	14.6783	6.92699	3.45284	23.118	8.97055	1.7883	29.6626	9.27093	1.30437	34.4518	11.5836	3.03228	29.0345	3.18548	2.46821	7.53451	3.72017	2.12208	15.0289	4.71883	3.94135	14.0592	2.13668	1.80973	7.94232	4.88285	3.48824	14.66	6.67761	2.83615	16.1554	4.31668	1.16651	19.4033	2.88834	2.23054	13.5212	5.46427	2.7448	14.0908	8.10852	1.1709	23.2786	3.48235	3.30198	14.4168	
7.63652	1.31415	35.1018	9.14417	2.31707	41.0408	7.81357	3.22536	22.2397	3.87961	3.63457	12.7601	5.61751	2.7997	12.2211	5.36669	3.59611	13.5614	6.7989	1.93365	19.9143	7.61529	1.07853	15.7098	6.33535	3.3483	20.5157	4.30967	2.80896	14.064	7.78921	2.3786	31.7947	4.31482	1.04844	12.0429	8.86606	2.6683	32.503	6.40099	2.48863	18.3695	5.59149	1.52625	27.6926	3.78396	2.49256	13.2232	6.39207	2.22471	29.7133	7.23771	3.15188	30.2757	8.28448	3.5932	22.4534	6.65092	3.90476	15.8981	6.74818	1.01887	19.5783	3.32391	1.98446	8.36698	0.887077	1.87545	1.93037	5.96281	3.79359	25.8579	
4.51024	2.47294	16.3604	5.75592	1.02391	16.6059	4.51574	2.66194	16.1283	1.11724	2.92104	4.55844	2.34543	3.01889	6.33112	1.95945	1.5661	8.8709	3.69466	3.13404	13.5313	4.23607	1.78818	11.6506	3.80098	1.09319	15.8885	2.49858	1.64477	5.37309	6.04676	3.75008	14.1446	4.34976	3.77703	15.0933	8.02564	3.07283	39.7603	2.99112	3.97764	13.0031	3.62048	3.54577	13.1044	1.52156	1.44092	5.56469	3.49713	3.11681	13.0104	4.07097	1.19267	9.97114	5.50646	2.65942	22.083	3.37012	1.73587	14.9931	3.34054	2.71278	8.54972	2.22999	3.99449	9.58975	2.83204	3.01519	10.11	3.92016	2.47974	16.934	
3.96058	2.86241	8.83811	7.56751	3.11482	26.1023	7.75842	1.79861	29.9927	7.46469	3.72791	24.5495	5.06271	3.87526	14.1054	5.95812	2.13558	23.0282	4.0407	2.22621	8.24185	5.5448	2.28672	11.7174	2.90342	3.95164	8.80359	4.31161	3.68395	17.0575	0.762305	2.40288	3.34366	4.7589	3.1149	19.6836	2.91321	2.38801	12.2173	6.09671	1.77625	23.3079	9.67877	2.0721	39.3568	7.97345	1.61786	32.1846	8.51077	3.65363	23.8298	4.18321	2.9359	13.2952	2.5829	3.37512	6.06075	4.8093	3.95375	22.8885	6.28257	3.24099	24.432	8.79589	1.81366	28.5676	7.60001	3.99525	34.0489	9.85505	2.46199	20.7005	
1.47291	1.80142	3.13959	4.87848	3.03911	18.8969	4.70992	3.95405	23.4277	4.48972	3.44143	12.1233	1.88429	2.8519	4.84348	2.78314	2.13984	11.343	0.994014	1.85184	4.35212	2.6877	2.6341	6.76008	0.542614	3.23342	1.34623	2.41409	2.66277	10.4652	2.97775	2.44787	10.9085	4.38533	1.50211	12.8903	5.57352	1.00497	11.4925	2.92409	1.1436	9.06993	6.5332	3.47382	16.6984	5.01111	2.23166	22.0841	5.31199	3.70703	18.9865	1.36223	1.85606	3.00689	1.74797	2.01658	5.10275	1.69505	1.41774	5.60549	3.14825	1.45327	15.0509	5.93918	2.03102	24.5228	5.71659	2.36373	16.8944	6.68808	3.48199	30.4841	
3.01856	1.38579	8.45693	2.63136	2.55068	12.1043	1.49659	3.7176	6.50159	2.79959	2.80585	6.85457	1.86572	1.39967	4.66752	1.3296	3.18756	3.31274	2.64007	2.91736	7.20249	1.73281	1.83171	4.35726	3.91359	1.6134	8.11563	4.28329	2.67054	16.9301	6.47098	2.50026	25.9377	6.64571	1.63856	16.9351	9.01712	1.23152	36.4619	0.571659	2.97049	2.38622	3.59567	2.96841	13.7719	3.16239	1.60416	9.29968	1.95506	2.52568	7.84769	2.62836	2.73661	9.54472	4.53887	1.92369	12.0768	1.87129	1.93137	5.74942	0.4884	3.00931	1.05773	4.16588	3.85032	13.0702	5.96331	2.20717	20.9458	3.61882	1.84317	7.61445	
4.36682	1.98053	14.6716	3.59423	1.40792	16.9446	2.04947	2.80066	5.89902	2.00667	3.64781	9.02092	2.73224	1.00591	7.98798	1.86441	3.10212	4.74055	3.86636	3.94478	18.8009	3.152	3.99038	11.1529	4.91333	3.60665	19.3741	4.71532	2.18427	12.6137	7.49093	1.05173	19.8062	6.94523	2.12748	34.2939	9.90722	1.36138	21.1229	1.8639	2.10488	4.5747	2.17649	1.57035	4.46659	2.1724	3.45083	7.61889	0.784467	2.97983	2.67817	3.94706	1.80885	18.158	5.8432	3.56529	22.7192	3.13315	2.4959	8.89832	1.90657	3.21497	9.00769	3.05372	1.80631	7.69175	5.5008	2.35518	16.8965	2.21639	2.07843	6.88479	
3.85277	1.54183	14.0406	7.11207	2.59896	17	6.63751	2.97709	23.1682	4.90668	1.02164	20.0547	3.34701	1.3454	14.2889	4.05329	3.10139	9.51861	3.28009	2.78465	10.4167	4.92763	1.13452	20.3136	1.85855	2.64308	8.68381	1.35665	3.0155	4.59326	2.44958	2.90718	9.70227	2.07259	2.2314	6.86674	4.18125	1.40991	15.7598	4.693	2.33873	21.0242	7.35539	3.03531	19.5672	5.36297	1.75065	18.4959	6.65403	3.78998	24.242	3.71399	1.37397	10.2046	3.59487	3.18965	15.5006	3.7867	1.61493	14.3055	5.01796	3.99349	13.6499	6.01946	1.94018	19.3476	4.46289	2.68964	14.7869	7.60767	2.0944	20.4112	


# This instance was randomly generated with the following parameters: 
# SIGMA_MIN=1
# SIGMA_MAX=4
# CAPACITY_OVER_DEMAND=3