11	22
37.2881	1099.83	108.484
52.6345	864.496	67.4129
108.808	480.328	19.5575
29.0664	1181.61	131.845
31.8915	1242.09	136.036
13.2595	1077.45	110.824
70.6913	701.214	40.7213
52.0708	1198.04	127.563
149.549	1221.23	132.106
19.6494	780.376	52.1514
14.6806	1296.57	156.022
2.03601
23.4915
20.4698
29.4574
28.9001
24.0132
6.80516
0.998471
23.8616
1.04698
5.09504
28.1915
30.234
0.499824
11.3233
18.9035
3.7363
6.14384
22.2621
21.3414
28.337
23.7596
2.66457	1.50516	7.27401	3.06409	0.516758	14.3435	6.335	1.44807	30.2247	2.63066	0.544033	6.99039	4.49429	1.65148	20.0681	5.79986	1.78212	25.7741	6.2973	1.01701	23.9611	1.98811	1.5731	4.2383	7.82318	0.871988	28.2248	6.55572	1.46082	20.9184	5.54558	1.02536	24.8254	5.69755	1.46819	26.2621	3.47795	1.97627	16.5353	4.41541	1.85772	18.7861	3.85802	1.91149	14.9222	5.18865	0.814483	11.3077	0.361661	0.981467	0.849103	6.47285	1.97761	31.0061	5.38563	0.911299	12.6466	0.0660464	1.10288	0.192504	4.99428	0.814197	16.6767	4.94329	1.73402	20.6772	
5.71473	0.57124	16.0229	8.51947	1.88009	23.3663	9.30679	1.28779	41.7656	5.35749	0.709732	23.3556	7.42068	1.04623	31.5575	2.181	0.845597	8.3828	1.68267	1.44264	6.53592	6.79131	1.17911	30.7291	7.27988	1.79793	21.1348	3.27536	1.81861	10.244	4.3266	0.77614	21.0144	5.58379	0.86711	18.3423	6.46892	1.74804	26.6146	7.97512	1.0931	25.1605	7.87964	1.18526	38.5189	5.60537	0.685972	19.7634	7.63535	1.96662	30.3602	1.52878	1.44483	7.27651	4.27395	1.41288	21.0598	7.9323	1.72934	35.1676	6.92642	0.684344	32.3607	4.76724	1.37995	11.7633	
4.57761	1.58523	22.8345	6.10526	1.26107	26.6391	6.70232	1.15426	31.0526	3.66709	1.17479	14.8856	7.12731	1.33699	30.9031	1.7283	1.21611	8.13285	1.68936	0.744718	5.25983	4.6302	0.859764	19.2078	8.19492	1.72655	27.4392	0.952323	1.10713	2.7322	4.70118	1.37652	11.9447	5.96412	1.1927	26.0101	3.99819	1.15924	15.894	5.40101	1.58164	20.776	7.30696	1.87875	24.2916	2.99796	0.775004	14.3685	5.83984	0.675399	18.5004	1.96029	1.04971	5.35031	4.55337	1.9676	20.0715	6.16783	1.98859	16.5766	4.31988	1.01454	19.7316	4.81236	1.90585	13.2037	
4.73855	1.68509	19.3879	3.32085	0.869625	16.4837	3.57554	1.78201	13.4608	3.36753	0.814347	8.12867	7.73077	1.00242	35.205	4.29958	1.49112	18.092	4.55699	1.48984	15.9485	2.81545	0.972313	6.66997	9.93017	1.95483	35.5099	2.81377	1.24583	8.38098	6.49211	1.3868	15.8921	7.4874	1.98131	20.6658	1.396	0.941237	5.27145	2.24025	1.80454	10.3232	7.53884	1.19394	36.6081	0.415379	1.38984	1.08472	4.48955	1.67986	12.4935	4.8498	0.773814	21.743	6.3019	0.594654	13.1584	4.80311	1.13886	21.2066	1.14101	1.07025	4.8806	6.27695	0.88929	20.6996	
3.23255	0.915319	9.3499	7.4001	1.71726	35.9642	9.26112	0.862578	40.4247	3.56284	1.79573	15.0728	4.36498	0.731741	11.1714	1.83191	0.539358	6.98373	2.02034	0.60362	5.67111	5.35943	0.664507	21.1278	4.64673	0.995465	21.3522	4.50945	1.39979	17.2005	1.28543	1.56441	3.58086	2.58234	0.970082	8.18603	5.74967	1.41797	27.492	7.48345	0.716179	18.0571	4.87886	1.9535	9.8496	5.7971	1.1464	13.971	5.56443	1.4073	19.3624	1.8788	1.84316	4.26559	1.2106	1.74986	2.47902	5.79362	0.775957	17.0753	6.85586	0.960593	20.7078	1.70538	1.73816	5.40331	
4.4857	1.68067	12.8494	9.34141	1.83239	27.8841	11.8578	1.4392	50.5639	5.61001	1.01537	25.4391	2.9691	1.13673	11.1221	5.15896	1.75944	23.7262	5.35378	1.49092	19.4929	7.30772	1.35873	17.9808	1.32609	1.35059	4.18257	7.81783	1.48004	20.7201	2.20688	0.777788	8.54721	1.21704	1.06804	3.77706	8.21393	1.27417	24.9624	9.91389	1.60025	27.2756	3.83146	1.71376	16.529	8.75149	1.43013	22.0692	6.71483	1.88902	30.3278	5.18652	0.772618	25.4598	2.38049	1.54026	7.19651	6.79382	1.72694	19.9751	9.5967	1.1664	33.8217	2.36659	0.919424	9.6696	
2.77597	0.732309	10.3689	6.47612	1.32807	13.2304	9.62871	1.41653	21.3023	4.04078	1.11301	19.1706	1.33523	1.97727	5.63475	6.09405	0.699753	22.497	6.5484	1.68605	19.3796	4.88404	0.622798	18.1531	4.86213	0.848404	9.90257	8.01449	1.03133	20.9672	4.08333	1.32114	16.8786	3.43257	0.559013	14.9746	6.2963	1.80303	29.3475	7.63868	0.882916	30.5864	0.480241	1.34476	2.32949	7.62905	0.635764	34.4325	3.50292	1.80418	14.4442	6.57826	0.977621	14.4385	4.02899	0.974641	19.0597	3.39441	1.39731	7.14178	7.89533	1.71454	28.4329	3.45955	1.09296	15.7788	
2.99277	1.74156	12.8482	3.3072	0.993028	8.68804	4.9235	0.981981	19.9878	1.62461	0.679713	7.8328	5.98434	0.842624	23.3084	3.27297	0.850992	12.1682	3.67033	1.9067	13.198	1.7333	0.915482	8.10562	8.25954	1.33125	39.8868	3.08022	0.920139	9.48837	4.90598	0.790231	15.0044	5.81107	0.608789	13.3744	1.38032	1.75894	4.61925	3.10473	1.54997	13.0803	5.81759	0.876776	26.6431	2.0017	1.00121	5.73103	3.1649	1.93343	9.12816	3.93608	1.46254	13.977	4.71199	1.79067	17.0979	3.49886	0.550053	9.38366	2.61119	1.25716	10.1242	4.61965	0.955889	19.1045	
4.62619	0.574593	21.3468	0.284989	1.79088	0.829585	3.62598	1.14478	18.1012	3.70248	1.3041	14.6409	7.12889	0.633284	30.5971	6.45564	1.04719	25.5522	6.88122	0.69025	29.5298	1.88617	0.719116	5.02952	10.223	0.841722	31.6485	6.01329	1.53321	13.5066	7.37978	1.66893	34.4855	7.8974	1.77815	29.9776	2.1265	1.17007	4.53963	1.90781	1.60192	6.88138	6.57954	0.536324	30.7631	3.80444	1.40474	14.0146	2.69549	1.63645	9.50824	7.13586	1.07847	23.3352	7.19228	1.28178	24.0458	2.82665	0.786256	13.5642	2.96398	0.687032	11.4548	6.89589	1.44945	30.0432	
1.46381	0.639895	5.91909	4.97586	1.85437	20.4056	8.04619	0.854488	20.9451	2.5166	1.07261	8.38744	2.42831	0.974257	8.21503	5.04873	1.80146	14.253	5.53807	1.0546	17.129	3.27735	1.1568	9.0886	5.73865	1.33249	21.9477	6.63433	0.923867	18.0922	3.83223	0.8647	7.77372	3.71574	1.40796	8.10196	4.67825	0.682917	15.317	6.04734	1.03714	25.9008	1.91414	1.75792	4.26022	6.04218	0.504268	21.8929	2.04145	0.817203	5.40423	5.62908	1.62756	16.4472	3.70788	1.63463	7.74346	2.03033	0.661755	9.22387	6.2773	0.653511	29.6814	3.18238	1.40608	8.81599	
5.49103	1.30708	18.8976	5.68789	0.84498	12.317	5.55594	1.48281	11.3343	4.31934	0.898267	14.5981	8.28383	0.739654	28.3905	3.24121	0.641838	13.7899	3.23118	1.61252	8.33487	4.69738	1.5251	15.4099	9.6592	1.44005	39.5071	0.640285	1.14411	2.0826	6.13584	1.33265	18.3346	7.35956	0.902961	21.1266	3.61728	1.74455	12.4119	4.61306	0.91576	13.1458	8.34308	1.19016	29.046	2.05721	0.869593	5.97889	6.1915	0.761998	22.8926	3.49901	1.02633	10.6598	5.97503	1.07592	28.672	6.52578	1.55403	25.5595	3.35891	0.752431	9.92566	6.16862	1.0563	28.2586	


# This instance was randomly generated with the following parameters: 
# SIGMA_MIN=0.5
# SIGMA_MAX=2
# CAPACITY_OVER_DEMAND=3