4	8
27.906	845.889	69.077
73.5025	747.626	50.525
111.126	1375.16	159.938
149.671	843.753	62.7635
13.2593
4.94096
5.3866
0.584287
22.1158
0.419455
7.50729
14.247
9.91635	3.03731	29.5386	1.22305	2.8046	3.41883	6.54845	2.6327	16.188	4.03181	3.55314	8.71043	3.78111	1.34632	17.7117	2.13527	2.33019	7.95847	6.23953	3.5067	16.3621	10.0036	2.09056	29.0986	
1.98482	2.35708	5.21026	6.80824	1.34689	23.4052	5.46342	1.43129	16.3426	9.46492	1.90877	47.2755	8.83881	2.21463	20.5709	7.12499	1.73466	22.5152	2.58737	1.30182	5.42247	2.35218	2.73694	5.67028	
6.15198	3.72668	15.9811	3.27153	2.48972	11.1419	6.19666	1.35524	27.9886	7.19448	1.28336	18.6903	6.67337	3.66962	21.6898	2.73399	2.72413	6.73679	3.98275	1.19629	16.5717	6.07025	1.45758	24.0999	
9.93304	2.57713	35.0082	1.19384	3.33863	3.72399	6.30824	3.60549	18.064	3.68675	1.84957	11.9956	3.4304	1.68231	14.2001	2.43656	2.72843	7.23839	6.14565	2.25254	22.0704	10.0478	1.33156	24.788	


# This instance was randomly generated with the following parameters: 
# SIGMA_MIN=1
# SIGMA_MAX=4
# CAPACITY_OVER_DEMAND=5