8	16
35.2567	869.652	73.4212
52.8563	1238.47	135.514
179.919	564.819	30.6046
135.619	407.447	14.1534
110.393	388.851	14.6373
45.695	1131.9	122.408
113.742	671.347	42.6679
49.947	1281.9	144.514
15.7602
44.9152
24.7259
50.145
35.9965
4.35754
10.7879
31.149
42.4253
10.501
6.30805
27.0585
46.3607
0.648601
32.4531
1.68727
5.35263	1.4031	10.888	3.331	1.43898	12.5114	4.18437	0.578594	15.1216	3.57847	1.48187	11.1706	5.46398	1.58406	18.9113	0.536002	0.849857	2.18055	2.70125	1.85056	6.43251	2.411	1.92666	10.5669	4.62868	1.58291	16.8425	8.03179	1.43719	26.5141	4.09841	0.767074	14.7828	5.16737	0.682038	20.456	2.31335	0.681706	11.328	4.96671	1.72881	22.2718	2.03269	1.70448	7.06546	5.93608	0.592148	16.5627	
9.2947	1.91231	25.8367	3.70445	1.02817	12.7797	10.4391	0.847174	24.4991	6.81202	1.15492	17.0987	6.59233	1.92102	27.646	6.88799	0.857937	19.0903	4.56872	1.20116	10.8203	8.90286	0.586658	27.2964	5.71264	0.546298	13.4822	8.13579	0.991082	32.1341	4.98497	0.571556	20.3117	9.21829	0.50078	38.4195	8.98002	1.7659	20.3789	10.5977	0.555581	22.3785	5.34102	1.51598	14.9894	1.19143	0.724975	3.15612	
5.05763	1.06457	24.7206	1.9006	0.781032	6.74817	5.02611	1.07783	18.2727	2.78151	1.44925	6.36491	4.33643	1.7235	12.8981	1.91819	1.45816	7.757	1.22527	1.44392	3.36727	3.88586	0.603529	11.1283	3.38593	0.906788	12.068	6.90088	1.81667	14.65	2.73438	0.541945	6.42379	4.90123	0.716837	16.3795	3.72611	1.22384	11.9893	5.43064	0.63543	18.1619	2.10157	1.94258	6.99247	4.59431	0.86632	19.8273	
5.74822	1.80425	25.6967	1.29267	1.91317	4.60469	7.36707	1.59558	15.9499	3.30966	0.694036	11.7834	3.17683	1.79642	9.63822	4.85279	1.37235	21.5147	1.73364	0.977685	4.74144	6.84287	1.75919	29.282	2.19907	0.501266	5.30253	5.2328	1.5505	11.4972	1.43021	1.56724	5.61686	5.67922	1.74013	24.7307	6.64599	1.60292	30.035	7.26301	1.08581	21.6892	4.23136	1.16738	11.452	2.38726	1.14368	8.59463	
3.96885	1.31017	15.674	2.09006	1.87858	4.25915	4.76121	0.81513	15.8017	1.56072	0.971438	5.59301	3.15419	0.603893	15.6242	2.86758	1.52286	6.25871	1.23451	1.34732	3.65888	4.58167	1.69382	20.0595	2.28739	0.839654	8.12	5.72842	0.789719	11.731	1.83237	1.78188	4.85586	3.83145	1.35184	11.0791	4.23079	1.91221	15.844	4.8173	1.91356	19.0464	3.34102	1.4304	12.1108	4.75075	1.86633	22.483	
1.6579	1.02574	7.10894	6.01292	1.14358	21.9047	2.23879	0.90772	7.53696	2.97852	1.99065	11.8294	4.51253	1.65303	10.8595	4.92923	1.12047	10.7309	5.16576	0.992821	18.3185	5.12986	1.67556	12.3292	4.60242	1.24171	22.1344	6.26433	1.50756	15.8758	4.93697	1.46253	21.9917	1.48966	1.80623	3.22451	4.38184	0.611835	11.3324	1.1448	1.19444	5.15278	6.49123	1.23921	13.6409	8.57507	0.529438	41.1887	
2.09584	1.68277	6.75457	6.2036	1.9517	27.6246	5.98407	1.65242	18.6244	3.25266	1.99906	7.02245	2.5243	1.64636	12.3191	7.25839	1.82903	19.4058	5.64194	1.68005	23.6976	8.25663	1.93532	16.6247	3.44783	0.786202	14.4341	2.76143	0.944792	6.23223	4.28581	1.69243	8.7355	2.26394	0.597658	11.2028	7.59938	0.636929	32.3643	4.75466	1.66869	17.4686	8.13193	1.46461	33.9856	7.92102	1.09955	28.1805	
7.04729	1.69948	14.2079	3.64466	0.971011	9.94343	5.70285	1.89802	21.4135	5.07073	1.20245	20.2644	6.73649	1.57993	29.1373	1.38562	1.70827	5.66063	3.3875	1.25748	16.8379	2.87268	1.76335	8.29316	5.77648	1.44722	15.8729	9.30013	1.55766	45.0064	5.07309	1.53836	13.188	6.86629	1.35283	19.2806	3.21951	0.588756	7.58182	6.63568	0.647097	32.0273	0.872151	1.41909	3.05801	5.74603	1.39743	24.5917	


# This instance was randomly generated with the following parameters: 
# SIGMA_MIN=0.5
# SIGMA_MAX=2
# CAPACITY_OVER_DEMAND=1.5