8	16
25.8054	746.77	49.4556
71.761	509.108	24.9528
120.065	1336.24	148.362
58.4387	1002.87	84.5639
118.99	899.524	74.5199
90.3925	1218.38	135.826
144.094	1181.08	135.091
67.1749	981.025	92.0583
14.8832
2.97222
12.583
6.53933
9.31367
0.606297
8.09712
10.5933
3.52552
4.70799
13.4849
14.7451
15.1338
16.3442
0.0913709
15.3445
0.92429	3.0253	3.99668	2.03852	2.54759	6.80445	8.66582	1.65609	20.47	7.81271	2.35389	22.2068	5.66882	1.13155	13.567	2.42623	3.55886	10.1442	3.6268	1.08459	14.3365	4.72861	3.40345	19.3607	6.77323	1.15286	28.9289	4.06613	2.9399	19.3451	2.75871	2.50489	5.79508	3.54472	3.2947	9.89388	1.42791	2.28719	5.66779	5.88458	1.22059	13.9846	1.34439	3.68387	4.83037	3.22714	2.69524	8.38055	
7.09788	1.76029	15.2636	6.12077	2.904	23.1413	2.77746	1.35165	11.0059	1.88883	2.7214	5.38182	1.24539	2.00503	5.68842	8.66409	2.51779	32.4947	3.53658	3.51265	14.4253	6.64064	2.29678	32.2114	0.893661	1.46273	3.74242	5.81477	3.20395	12.2639	7.53873	1.63699	31.2871	7.64932	1.11621	29.011	7.64848	3.40579	25.4083	2.33005	1.52372	11.3061	7.82812	2.0629	26.7452	3.36028	3.50977	9.96636	
5.95799	2.04334	24.7346	4.99855	3.60701	15.8097	3.74647	3.32529	8.72108	2.82733	2.82812	11.2484	1.04757	1.01082	3.61737	7.58203	1.40995	34.9646	2.66275	1.19615	8.74165	5.72217	3.66154	25.3641	1.6917	2.99636	6.84381	4.85105	3.43459	15.2327	6.42826	2.32315	18.964	6.579	2.62379	27.1134	6.50767	1.7443	13.5657	2.27323	1.92671	8.67686	6.71125	1.28044	25.2489	2.29436	3.20765	9.12763	
6.05344	1.12355	26.4584	4.46951	3.91066	12.456	6.30932	2.15224	22.9697	5.47106	2.37093	16.9407	4.16105	1.54686	18.8079	8.36329	1.77805	41.2702	5.03063	1.79774	16.9477	3.57902	2.74585	16.6214	4.48764	3.96325	15.9248	3.04836	1.75454	6.15511	5.51132	1.14707	22.6728	5.2395	1.49974	21.6886	6.47052	2.7955	23.0712	5.38394	3.00501	22.6606	7.21549	2.54602	27.7782	4.14894	2.02372	13.2694	
2.43194	3.12276	11.6924	4.09125	3.31551	8.84957	10.1789	1.8457	25.9138	9.39904	1.06346	39.5475	7.35333	3.43529	15.1433	0.334302	1.81357	1.00694	5.03771	1.45871	20.6862	6.70879	2.11067	21.6957	8.46222	1.84187	41.0889	6.16083	3.59059	13.9354	4.26082	1.97364	17.1052	5.12366	3.37859	14.937	2.4047	1.4937	5.1788	7.26396	3.71905	17.214	1.14737	1.65524	3.40847	4.99862	3.63022	19.1524	
5.36302	3.01364	13.8665	6.32332	3.49176	17.7355	7.8528	3.32277	24.5548	7.32139	1.38016	17.1329	5.85578	3.0671	16.0341	4.32436	2.85816	11.1559	3.74751	3.42483	10.3527	8.88076	3.64563	20.647	6.76384	2.35727	14.4067	8.04249	1.98393	35.8421	7.2634	3.72487	32.3887	8.03146	2.43295	27.2475	5.71298	2.54882	27.1712	5.10003	3.33984	20.2458	4.67543	1.15795	18.3561	4.50857	2.51436	15.3522	
4.53342	2.20716	13.2343	3.16417	1.98646	11.0093	5.95379	2.67389	14.042	5.03968	2.20413	10.4568	3.17956	1.99583	15.0289	6.67948	1.02119	25.7039	3.34555	2.68259	14.2052	3.48842	3.1863	16.1429	3.9148	2.95712	17.3456	2.62001	2.42786	7.11297	4.47542	1.58363	15.8963	4.47839	1.03414	13.8468	5.01582	1.41952	18.2554	4.23455	2.17608	17.0273	5.58794	1.16929	16.6466	2.39629	3.22275	9.40994	
2.29807	3.73289	6.00038	4.00364	3.79144	19.5775	10.6244	3.53283	41.7814	9.8238	2.9647	40.5138	7.74276	3.25487	16.1691	0.392221	2.37444	1.63184	5.47536	1.46457	19.8039	6.53064	3.52648	25.8619	8.85516	3.62981	38.4104	6.05763	1.62476	23.5958	3.96305	2.44693	10.0965	4.82042	1.05658	15.4354	2.12993	3.53209	8.76561	7.72801	1.88653	16.8703	1.02371	1.08607	2.22821	5.34393	2.39296	16.0507	


# This instance was randomly generated with the following parameters: 
# SIGMA_MIN=1
# SIGMA_MAX=4
# CAPACITY_OVER_DEMAND=5