8	16
27.8981	426.886	16.9661
59.9153	483.502	21.1471
126.793	1265.46	144.706
157.305	569.745	30.993
25.4642	663.645	39.8789
48.4713	717.098	45.6383
106.393	1065.18	104.665
64.4759	1237.51	136.776
26.9757
1.25348
13.4882
23.9663
18.1056
24.4538
30.2158
29.9083
2.64002
12.7816
4.05935
7.67331
11.7833
26.4128
5.15143
31.516
1.9963	1.60463	5.05097	7.14613	2.30115	15.3055	7.76121	2.04899	32.9413	5.16208	3.93969	14.6121	6.79828	2.46278	24.9688	4.6953	2.07503	21.8683	5.57968	3.22115	15.7209	2.16675	2.96976	6.68302	5.04377	3.8657	22.4316	9.12967	1.11982	22.8244	6.2425	3.83534	20.1639	7.47408	1.28993	37.0534	8.26183	2.37265	29.0089	8.7634	1.81269	27.906	6.87524	2.2109	20.0301	5.80015	1.21942	12.3581	
4.73021	1.64104	23.462	6.65671	3.9101	33.1357	9.06685	3.30203	29.8977	7.05307	1.5152	18.3608	0.74163	1.23811	1.65081	2.07912	2.05863	7.51789	2.2983	3.90438	7.62427	5.55619	2.45	24.1595	3.00797	3.1754	13.8573	7.41522	2.36379	15.0073	4.20903	3.99938	15.71	0.777742	3.82239	1.56039	3.14876	2.57791	6.42	3.35413	2.77466	16.5347	6.28281	1.23484	27.3467	7.52114	1.81029	17.7829	
2.17303	3.69672	5.37672	8.2369	3.34614	34.4866	9.31971	2.49969	37.7265	6.64971	2.67898	15.0297	6.22206	2.58706	17.3873	3.85072	3.86641	12.8273	5.51245	2.08927	15.0025	3.39715	3.90824	10.4989	5.22246	1.68335	21.048	10.0615	1.60547	35.8675	6.77525	3.94083	24.1299	6.6215	2.65039	29.0521	8.15709	2.06353	22.7922	8.59892	3.27966	30.5907	7.91086	2.17207	20.627	7.31309	1.31115	15.6658	
9.41945	1.67227	27.4013	4.17559	2.45791	9.65458	5.94034	2.64346	25.4802	6.6654	1.63235	15.4347	7.07273	1.53452	21.8181	8.71938	2.19586	38.5291	6.40878	1.50186	18.5199	8.73665	1.69253	43.1665	6.41908	2.67464	17.4985	2.2296	3.10565	5.74292	4.78202	2.77236	23.2241	7.89266	3.95362	28.9118	4.76894	3.84001	22.1969	4.80847	1.8034	22.1606	4.27906	3.67248	20.9905	6.39645	3.57002	29.1365	
4.75566	2.27197	21.7172	1.81858	3.54785	7.41975	2.67517	1.43497	12.1936	0.738778	2.12937	1.6648	6.10069	2.75566	16.1506	5.88532	3.54901	17.1196	4.30777	2.80384	20.4347	3.45947	1.6439	12.6506	3.60756	2.21061	16.9924	3.88348	1.36984	17.1932	2.8192	3.35457	8.71924	7.22376	1.20799	31.4524	5.69476	2.42363	26.5242	6.2021	2.87475	15.1013	1.70301	3.96371	4.52201	0.930892	2.05231	4.40756	
1.6821	3.49398	5.28328	5.57336	2.47403	21.3116	6.2582	1.24686	23.8344	3.61994	1.1881	7.86465	6.03679	2.74001	17.2147	4.32284	2.75586	12.5049	4.54412	1.79216	19.2334	0.69927	2.12779	2.70488	3.89029	3.06756	18.5447	7.57122	3.74657	33.5116	4.83896	2.16703	12.4179	6.88699	1.60262	14.2983	7.12956	2.48174	16.1703	7.65303	3.29698	33.1779	5.30974	1.07863	11.2155	4.27058	2.34268	10.0043	
7.11775	3.48189	16.0322	1.37784	1.32683	6.76356	3.49566	2.75752	15.0515	3.86864	1.54703	12.5549	6.13267	2.9239	27.8623	7.09122	1.85472	14.9641	4.84182	1.50111	21.6517	6.20064	1.82546	25.6479	4.54631	2.28884	16.2836	0.772408	3.52547	3.42828	2.82471	3.3065	11.4948	7.18329	3.68468	25.9726	4.49399	3.48021	9.26995	4.82947	2.17336	22.6084	1.5259	2.92689	3.68667	3.60593	1.56107	8.02484	
1.42444	3.71785	5.07069	7.22007	1.93587	25.5041	8.68852	3.57602	28.6219	6.04561	2.14846	29.6692	4.60411	1.66137	22.5561	2.23947	2.46142	6.68796	3.98543	3.13239	13.8244	2.95644	2.62342	10.1396	3.8013	3.7309	15.6328	8.89182	2.00306	22.4608	5.46028	3.67552	11.9169	5.03341	3.68692	12.6746	6.58161	2.77659	26.7424	7.00943	2.29414	21.7234	6.86457	3.16515	29.3249	6.70194	3.12358	31.6714	


# This instance was randomly generated with the following parameters: 
# SIGMA_MIN=1
# SIGMA_MAX=4
# CAPACITY_OVER_DEMAND=2