10	20
127.718	1293.79	155.966
121.084	467.179	18.1063
38.6798	785.618	60.71
134.588	686.751	39.6212
124.368	1155.23	132.911
56.279	807.036	63.099
160.668	514.903	25.5352
16.1264	1090.8	112.819
90.9019	1011.22	92.0409
174.176	1096.2	119.042
16.3677
43.3195
14.1867
44.7472
36.2703
39.6057
44.9964
20.2587
29.7993
26.8022
23.2682
2.33568
39.8581
22.7287
2.59599
4.58736
38.477
35.1169
15.4712
45.774
7.95245	0.388455	21.6665	1.63071	0.319876	3.28948	9.7497	0.500007	35.4208	5.64676	0.571538	19.7832	4.11164	0.361521	12.9883	8.39827	0.518709	23.8063	10.2888	0.401653	30.4906	9.31256	0.324169	34.4533	6.25599	0.607682	18.6767	8.61958	0.531027	39.9068	1.59991	0.654819	6.6042	3.00734	0.276911	14.5826	5.76573	0.33755	15.3032	6.65165	0.615622	28.3867	5.3614	0.755771	14.9579	1.95035	0.887486	7.40068	7.46365	0.656069	15.614	7.61152	0.428112	30.2798	6.3571	0.982838	23.6797	4.228	0.889518	16.1562	
2.7311	0.500693	12.7214	7.51307	0.165594	21.0177	6.54835	0.175514	28.5245	8.33499	0.819979	24.9821	5.49361	0.566689	13.8639	3.86277	0.927239	8.85292	6.4237	0.470676	28.0857	2.73816	0.788523	5.75938	7.58747	0.571892	15.2205	0.460019	0.601311	1.90071	9.03372	0.320784	19.3439	6.57654	0.886307	16.1137	6.95864	0.26981	28.7054	4.28966	0.820322	15.1142	7.97555	0.3661	28.3359	8.8203	0.688784	19.3594	3.85287	0.344179	11.7416	3.30116	0.443648	8.76683	4.32774	0.83803	13.2228	4.72039	0.907873	12.1845	
2.40572	0.114044	10.5799	4.67764	0.921632	15.0298	8.73844	0.109012	20.3388	7.75841	0.118893	29.3267	4.10207	0.218095	12.0986	6.18932	0.169014	18.8588	8.9421	0.797416	24.7868	6.09011	0.240882	26.3599	7.53156	0.850773	24.6281	3.84888	0.285105	10.8432	5.17189	0.525147	14.7474	4.52775	0.356091	15.6388	2.86022	0.597569	13.3589	1.1823	0.121911	3.04435	7.33582	0.849624	25.2262	4.86833	0.95129	12.2381	5.49547	0.412101	18.1424	2.00622	0.78259	5.59578	4.96931	0.957877	19.4974	2.44701	0.765372	8.8027	
7.35555	0.334498	36.3034	0.547915	0.552484	2.47193	8.58447	0.882293	21.5226	4.63763	0.710664	13.8434	2.98843	0.796517	12.6952	7.26477	0.561679	15.5361	9.12224	0.469859	30.7269	8.23484	0.607564	16.8996	5.16257	0.117769	11.9383	7.76686	0.637724	38.3471	2.47597	0.765808	7.52112	1.85306	0.624233	6.92976	5.8676	0.347443	28.5015	6.25611	0.728064	21.9592	4.31925	0.139764	12.9529	2.70577	0.682975	9.52659	6.33265	0.822737	15.8037	7.08688	0.145239	24.8615	5.21957	0.243766	14.595	3.35825	0.725674	7.97988	
1.80346	0.206292	4.87075	5.60426	0.279022	16.87	9.28234	0.206302	37.4327	8.64097	0.235536	35.082	4.98765	0.979086	11.531	6.63821	0.387319	20.9708	9.42796	0.909744	20.859	6.32109	0.948276	21.2936	8.36502	0.307831	40.3244	3.71694	0.225186	9.26491	5.90497	0.617516	21.3115	5.46157	0.715001	24.4579	2.78718	0.86054	13.3302	0.261652	0.553426	1.13486	8.21881	0.944478	26.7612	5.56918	0.322853	12.7484	6.03279	0.128346	18.591	1.26643	0.244795	2.60733	5.63937	0.510776	11.911	3.34883	0.654685	7.63867	
10.131	0.921673	39.6245	3.31985	0.401495	13.1712	9.22879	0.859761	45.1305	4.19938	0.904162	13.0876	4.96868	0.433039	15.1941	8.74263	0.512509	27.3171	9.87454	0.265698	20.8365	10.0247	0.836843	47.3858	5.17078	0.106211	17.2065	10.2235	0.666369	26.0164	4.54925	0.642655	10.9841	3.87867	0.868647	10.0355	8.69131	0.422918	38.9197	9.14386	0.562778	41.972	4.12791	0.659505	13.2721	4.93729	0.131432	20.6389	7.88866	0.250091	30.9155	9.9139	0.195614	35.863	6.80771	0.634649	24.7596	5.96941	0.391593	20.2918	
3.87172	0.871055	18.5659	5.66522	0.104591	19.7376	4.90506	0.489204	13.1962	5.96429	0.263996	27.9226	3.36103	0.429704	14.5574	2.20614	0.130092	6.11832	5.00162	0.976225	20.2744	2.2211	0.303476	4.45595	5.23161	0.318608	16.4513	2.35405	0.240331	10.4778	7.66693	0.633411	27.1269	4.52226	0.7009	10.0347	6.88209	0.147863	24.3937	4.65303	0.274897	15.7005	5.6065	0.509056	18.9033	7.54779	0.628641	27.8156	1.73651	0.48632	4.91729	4.20513	0.938099	15.51	1.96392	0.185763	7.19665	3.14526	0.105194	7.2409	
8.80597	0.989655	20.1893	2.32223	0.723083	5.30408	7.76724	0.842737	35.928	2.98482	0.743255	9.66614	3.43006	0.358257	16.7714	7.14858	0.971043	14.8936	8.39307	0.234695	18.0296	8.42476	0.630645	40.6447	3.81837	0.376179	11.1456	8.72131	0.477371	23.6402	4.43744	0.813549	19.517	2.42353	0.249919	5.61372	7.95218	0.376351	16.508	7.994	0.656728	19.929	2.80087	0.533722	12.6182	4.74154	0.869021	23.6482	6.28953	0.388739	29.4064	8.64719	0.5632	35.22	5.20749	0.993648	20.8847	4.60392	0.445617	21.208	
6.44579	0.536653	15.623	3.55977	0.928192	10.2302	4.6275	0.127034	11.3967	2.70946	0.401671	9.74216	1.39942	0.777064	6.2713	3.48758	0.53796	16.7802	5.14235	0.50901	11.7159	4.77662	0.619763	11.304	2.26389	0.659837	5.61617	5.61632	0.71481	14.4449	6.20251	0.777644	13.9499	2.16967	0.780708	7.02426	7.57216	0.374941	22.4357	6.36338	0.278731	22.4955	2.31558	0.444552	7.65629	6.27348	0.64639	30.3932	2.62226	0.547089	8.10051	6.52225	0.88577	20.1082	1.56407	0.820206	6.89814	2.92548	0.441827	10.422	
8.17076	0.843421	16.7012	3.48101	0.174066	13.6668	5.39713	0.378921	14.34	1.10098	0.431927	2.20311	2.60241	0.675757	11.3738	5.07913	0.463324	20.6622	6.03285	0.555169	25.8696	6.51236	0.463169	17.8263	1.50581	0.698392	6.05784	7.49049	0.423211	20.292	6.14949	0.922955	22.4024	2.45549	0.780836	6.4182	8.5905	0.803405	35.2835	7.84728	0.319523	36.5368	0.69667	0.725107	1.93908	6.34328	0.41651	15.6999	4.32411	0.540957	14.0214	8.17802	0.362393	26.5786	3.38044	0.793153	7.46206	4.24654	0.417882	15.5255	


# This instance was randomly generated with the following parameters: 
# SIGMA_MIN=0.1
# SIGMA_MAX=1
# CAPACITY_OVER_DEMAND=1.5