4	8
88.123	867.771	74.6781
97.3436	804.324	56.0238
34.3109	996.341	95.2269
29.8251	489.281	21.8382
16.203
38.3089
2.25355
8.24255
29.9706
27.0264
0.910566
0.967907
6.37155	3.29579	27.0122	4.99211	3.31877	17.3459	10.8749	1.3974	43.4563	7.41856	3.37721	28.1614	6.8275	2.06334	14.3908	2.75342	2.38531	6.86622	1.43354	1.73407	4.20085	5.15778	3.09588	21.9594	
6.42752	1.68504	23.7677	3.65329	1.27332	7.35547	9.5438	3.09645	47.1505	5.55302	1.27776	14.0789	5.00009	3.43666	15.1866	1.46363	1.61587	4.11282	2.14669	3.07838	4.31013	5.85348	3.0263	14.9232	
1.95714	2.77654	5.63801	5.01069	1.24739	17.8331	5.99225	1.09993	23.657	8.69223	1.95685	37.141	7.75086	1.41469	30.4516	6.25733	1.71233	13.9776	9.24503	1.51206	31.2323	4.20664	1.13345	10.3798	
5.66532	1.11573	25.6908	2.77819	3.35817	13.0922	3.16746	2.8046	9.02575	4.24362	2.11568	17.2567	3.44371	2.77335	14.1817	5.05067	1.20276	24.5031	8.51555	2.49081	22.78	7.2889	3.08335	34.9306	


# This instance was randomly generated with the following parameters: 
# SIGMA_MIN=1
# SIGMA_MAX=4
# CAPACITY_OVER_DEMAND=2