10	20
138.687	982.459	95.1103
8.48474	1110.89	105.986
174.3	1243.82	129.929
178.832	454.456	18.5983
99.6659	1059.05	97.166
85.89	1100.73	102.675
118.264	1298.66	139.701
21.607	1253.27	142.024
84.3793	844.438	61.426
78.7844	1243.81	153.711
39.9502
2.57368
4.51275
33.7054
16.9658
11.5344
3.03524
5.24436
38.5929
30.0051
22.4308
13.2967
4.51657
20.2778
1.65123
24.009
37.1208
9.67236
2.80846
26.8718
0.782835	0.584337	2.28781	5.84904	0.210775	28.471	6.90674	0.628827	20.5203	6.89775	0.28666	25.9424	1.11471	0.546139	2.70187	8.27356	0.185196	31.5456	2.66502	0.538639	10.4284	0.967076	0.603684	2.15436	7.15718	0.698539	32.1842	3.26827	0.513168	9.07297	1.25228	0.916677	5.81738	7.93312	0.38305	16.6296	4.22723	0.193396	11.7504	5.49855	0.584874	23.9047	8.73715	0.276456	43.326	5.34925	0.203553	20.3904	8.77676	0.804718	23.5334	5.50995	0.486618	27.2625	0.356249	0.431288	0.74701	3.8542	0.276787	18.9796	
5.07316	0.381245	16.9923	2.39003	0.68569	8.45529	2.50414	0.87554	9.43833	2.32332	0.243158	6.31413	3.46072	0.458157	16.1798	7.90345	0.730453	24.4228	4.7179	0.893504	16.6165	3.70456	0.144605	12.9748	5.36317	0.190379	20.7907	6.99664	0.543583	33.5283	4.15068	0.613469	13.3512	6.78275	0.462742	16.6516	5.15552	0.13223	18.5343	7.11346	0.226517	25.894	7.62251	0.456172	25.0349	2.3695	0.412572	8.27845	4.41521	0.780105	14.6668	2.04642	0.821168	5.16568	4.89834	0.890159	19.0297	1.44385	0.45244	4.81554	
6.01563	0.807404	18.3679	6.54382	0.74854	21.9168	6.14375	0.662095	18.7984	5.31734	0.935697	23.2499	4.62706	0.463468	13.0818	3.77426	0.14364	11.7787	3.09597	0.218484	12.7854	5.03288	0.626519	22.5213	1.92576	0.817362	9.04991	5.45277	0.472283	21.0201	4.02493	0.183771	16.1549	2.88051	0.882537	12.5039	2.05866	0.587175	9.8247	3.65978	0.934846	7.88829	3.73767	0.146103	8.28639	2.15146	0.467164	7.1907	5.59948	0.547955	27.0841	6.20348	0.813817	20.3616	5.33756	0.160552	18.8034	2.86469	0.519441	9.21139	
8.97152	0.503863	18.2622	6.13285	0.344978	26.4855	4.68954	0.411545	23.205	3.5872	0.820626	16.4287	7.30548	0.868435	15.767	6.19733	0.195524	19.2834	6.92345	0.360797	28.4846	7.66923	0.191257	27.6803	3.30534	0.600292	14.1582	9.4261	0.578062	33.2771	7.3237	0.593585	23.3934	4.6658	0.897293	17.5005	6.17465	0.874526	29.863	7.68739	0.262008	25.6004	5.20149	0.950794	13.1631	2.93119	0.746229	9.2982	1.98237	0.561947	7.66633	5.96775	0.527642	26.222	8.5083	0.682975	38.1927	4.49471	0.20738	13.7917	
8.64075	0.367934	21.6807	10.6566	0.954499	31.8954	10.2424	0.471922	43.1494	9.35079	0.193888	28.2961	7.80045	0.565005	35.6439	1.27074	0.293887	5.83254	5.2546	0.22508	25.6735	8.15717	0.957037	23.4882	3.88524	0.156608	11.2584	6.20535	0.485233	19.9077	6.71765	0.286214	15.2137	2.65098	0.926278	5.8402	3.74419	0.808454	12.6254	2.7599	0.73254	11.4529	2.61235	0.692037	8.68955	6.22549	0.232138	21.4156	9.06598	0.364515	43.5341	10.3084	0.936745	46.7103	7.84368	0.872727	31.1746	6.90383	0.288164	29.1322	
7.68846	0.422541	24.5733	2.6174	0.273534	10.7018	0.856873	0.410441	3.77076	0.478917	0.89283	1.15714	6.11934	0.894309	24.5799	9.15957	0.384511	36.6319	7.22512	0.417917	23.3121	6.33539	0.89656	30.7542	6.23916	0.498333	17.2138	9.60948	0.404312	37.9145	6.81101	0.510665	27.872	7.77166	0.892103	23.6841	7.33633	0.863437	18.5997	9.25629	0.619379	33.8216	8.5062	0.628302	19.7478	3.64471	0.85931	16.4125	2.60668	0.473446	12.8884	2.62233	0.920943	6.07311	7.56395	0.620735	20.5604	3.84602	0.399684	11.414	
6.3476	0.106321	14.1627	1.24365	0.383044	5.40597	2.84592	0.445095	8.99952	3.84444	0.263955	12.7719	5.35037	0.144034	14.7681	11.4342	0.414064	28.3035	7.60229	0.365961	27.3627	5.32055	0.446242	22.7519	8.84556	0.821566	35.0429	9.39422	0.862243	44.1601	6.52514	0.540716	31.1555	10.2978	0.358466	47.0682	8.43081	0.457419	25.9485	10.3476	0.303613	30.9788	11.1287	0.214808	54.3155	5.84575	0.358282	18.8598	6.30569	0.357757	16.1983	1.50939	0.454474	6.31017	6.62133	0.809978	13.9138	4.85722	0.82705	15.3445	
4.63217	0.269665	15.5223	6.58974	0.267744	17.4577	6.63197	0.472519	14.6332	6.01374	0.715004	28.9333	3.47923	0.538548	8.74406	4.50629	0.257813	16.6868	1.48668	0.633575	3.61558	3.8633	0.730176	14.0332	3.47541	0.784639	9.85932	3.8671	0.792685	14.8199	2.60239	0.583893	12.1507	4.08338	0.830667	10.5086	0.878732	0.901129	3.80324	2.83726	0.88433	10.1756	4.88421	0.927378	21.1151	3.05506	0.341024	7.16134	6.82854	0.739115	30.9214	6.21986	0.945012	20.4948	3.89539	0.196776	10.9742	2.8336	0.401159	7.4616	
9.26962	0.398378	31.1457	5.99767	0.375254	22.2553	4.44187	0.986871	18.9944	3.3637	0.603118	10.1702	7.59233	0.749839	21.51	6.81226	0.73877	15.8303	7.38796	0.878476	17.0961	7.94194	0.657706	21.1025	3.92479	0.6984	14.9043	9.90481	0.584247	24.6813	7.6994	0.800219	34.5731	5.27915	0.870931	24.3948	6.71425	0.33477	26.404	8.27074	0.617573	18.3427	5.79819	0.572286	26.688	3.29524	0.627165	14.1548	1.42376	0.667384	4.84624	5.86776	0.811732	12.5623	8.84617	0.576166	21.1557	4.76682	0.465465	16.6826	
9.21014	0.453786	38.2464	8.1677	0.113073	28.7373	7.06174	0.196299	28.0061	5.97828	0.866003	15.773	7.71231	0.172316	18.4381	3.59103	0.361009	9.02153	6.3347	0.810294	29.9451	8.11685	0.181922	35.3968	1.39709	0.389127	3.54643	8.56278	0.663194	25.5536	7.259	0.816216	26.2029	2.08214	0.304744	6.38452	5.06162	0.812532	19.409	5.98306	0.344889	23.918	2.45064	0.624869	10.4381	3.74999	0.211544	15.587	4.77171	0.971441	23.1257	7.91521	0.474721	37.5297	8.56655	0.917936	42.5949	5.31238	0.378298	24.1407	


# This instance was randomly generated with the following parameters: 
# SIGMA_MIN=0.1
# SIGMA_MAX=1
# CAPACITY_OVER_DEMAND=3