8	16
157.259	1318.52	152.734
79.035	1255.44	146.076
129.676	380.165	12.181
140.98	392.226	13.5398
147.51	759.103	57.2378
74.6293	1133.95	111.354
137.289	1230.87	137.932
140.719	526.665	25.7212
18.602
0.521601
4.05598
52.0197
3.37522
43.5646
14.0462
24.5231
49.3381
31.7091
45.4841
15.6124
29.3393
38.1816
33.3676
34.1101
1.32547	0.876237	4.74136	7.24882	0.871485	22.4157	1.87526	0.498705	6.15199	5.69912	0.755744	22.9408	7.24715	0.358072	30.1157	3.15486	0.835642	10.6019	0.704936	0.298198	3.252	6.54089	0.342298	15.8774	6.94277	0.519742	17.0608	4.77279	0.279567	23.6254	7.42101	0.130599	15.8491	3.93374	0.543756	14.1048	7.80344	0.612956	27.8037	4.17625	0.974413	9.88586	5.27912	0.115755	13.3824	2.686	0.714501	7.36987	
4.59394	0.183122	13.1337	10.5814	0.953369	22.0119	2.28342	0.724278	6.83064	5.51286	0.129503	15.948	10.8612	0.380499	49.0048	7.26585	0.713971	27.3408	4.66889	0.123895	15.8473	6.49216	0.178704	29.832	9.61321	0.809951	25.7993	6.87508	0.974164	23.2437	10.9865	0.77174	53.314	5.00645	0.564712	11.8331	8.63311	0.252238	35.2545	0.31454	0.133392	1.03668	7.23979	0.725339	24.7559	4.70824	0.48876	14.5354	
4.09553	0.102693	15.2319	8.59466	0.449354	22.6281	3.8705	0.718451	12.7523	2.10019	0.103049	5.98121	9.18561	0.412438	22.4913	7.39563	0.858958	30.9023	5.37251	0.204025	23.5051	3.06115	0.937295	9.93698	7.12744	0.327735	18.4604	4.38698	0.518127	13.6325	9.23759	0.407118	45.3321	2.41868	0.231317	10.2083	5.29502	0.553539	15.4724	3.75629	0.991438	14.4574	4.57769	0.272792	13.1975	6.72516	0.348581	31.4178	
5.03041	0.776916	18.0958	6.31223	0.269395	19.6072	6.58075	0.967686	26.8085	9.46243	0.277635	39.8829	5.56441	0.123782	14.554	1.73115	0.645811	5.04006	4.20004	0.818298	17.9379	10.0253	0.98388	46.2666	7.42053	0.664077	20.2887	6.96857	0.527702	29.562	5.82412	0.79122	13.6267	7.48754	0.988938	19.5751	10.3106	0.982092	49.1207	8.8684	0.214166	29.0273	7.40289	0.169866	28.6653	5.12993	0.230243	24.1323	
7.3679	0.883933	16.78	2.37237	0.216192	8.64386	9.94701	0.838345	37.8492	9.5856	0.15988	27.6594	1.35283	0.242997	6.5378	5.8774	0.785124	17.8915	7.96177	0.449624	33.573	9.59588	0.891873	43.7143	4.46964	0.853651	15.5223	6.32236	0.158167	25.7682	1.42278	0.663189	3.29051	8.07877	0.692105	29.7858	8.53242	0.741816	36.6859	12.0977	0.96361	43.8337	6.40033	0.165233	22.8658	9.91361	0.492422	25.5135	
1.35814	0.788277	4.36561	7.48678	0.740359	23.5569	1.38278	0.310952	3.34512	4.60271	0.630032	18.0624	7.6712	0.655159	25.1396	4.27867	0.739665	10.8785	1.9721	0.148276	4.86552	5.50197	0.539121	12.8265	6.81778	0.265295	23.2641	4.31837	0.634817	12.8789	7.81173	0.497174	17.5394	3.02835	0.658965	8.90891	7.01378	0.376241	21.5598	3.37246	0.699824	10.9268	4.78826	0.542442	10.9785	3.55335	0.158353	16.9042	
3.74706	0.667297	18.5431	9.91558	0.298838	40.6204	1.10768	0.405499	2.95101	5.99467	0.704229	29.8195	10.0567	0.663974	47.8186	5.99281	0.671622	17.1421	3.38072	0.410334	10.5723	6.98061	0.316276	28.0771	9.21966	0.333476	40.8117	6.61727	0.2666	17.8258	10.2086	0.977182	38.5967	4.98904	0.478328	19.1422	8.89682	0.858281	44.4139	1.39266	0.959441	6.22126	7.04996	0.671108	27.8131	3.22573	0.686089	13.8806	
3.46351	0.24475	7.98829	8.99299	0.179904	26.6452	2.32458	0.276163	7.17072	3.65172	0.890062	11.7687	9.39816	0.57885	20.7935	6.61165	0.795143	25.3346	4.25332	0.947508	13.9602	4.63995	0.307085	18.4382	7.84607	0.515288	17.9794	5.07263	0.278327	23.1431	9.495	0.965732	20.8048	3.1373	0.62012	14.9103	6.72633	0.885884	25.2084	2.20861	0.195724	10.0475	5.40051	0.480812	13.9601	5.2178	0.711295	19.1521	


# This instance was randomly generated with the following parameters: 
# SIGMA_MIN=0.1
# SIGMA_MAX=1
# CAPACITY_OVER_DEMAND=1.5