6	12
95.4328	760.086	48.2168
139.795	1136.05	117.404
14.1832	929.034	82.7525
172.475	682.926	44.9063
77.9913	1309.86	152.246
15.7154	440.313	16.2725
37.372
27.1254
36.6584
36.5411
32.843
14.24
17.4301
7.74774
42.1998
0.967749
36.9713
17.7687
8.27393	0.229454	41.0493	6.31873	0.140783	19.9413	4.70481	0.709345	10.3944	6.51725	0.830011	27.7204	4.17624	0.799827	13.6494	1.3512	0.443543	5.05543	7.44107	0.402151	15.8728	10.4176	0.169824	44.6122	8.43565	0.505807	41.2939	3.35906	0.730057	10.8806	10.1336	0.658441	40.4662	5.27321	0.568943	22.7449	
2.17859	0.648378	6.9546	6.18426	0.478749	22.3453	3.5563	0.830282	12.0559	6.06687	0.699047	18.004	4.3729	0.183823	18.848	7.03239	0.327735	30.3294	2.64118	0.312404	12.6079	6.93205	0.981806	32.7228	6.30062	0.323145	29.5771	4.99171	0.525345	13.0356	6.79069	0.237345	26.5138	2.00984	0.64779	6.49712	
5.96636	0.210417	25.8775	5.60793	0.749619	12.8643	3.00589	0.247782	10.2015	5.70285	0.159989	23.3356	3.11201	0.272954	13.2326	3.28137	0.51974	10.0419	5.27642	0.316722	15.1868	8.85816	0.226979	21.8338	7.19676	0.756255	34.8957	2.60281	0.155248	5.99732	8.60607	0.615741	22.3175	3.21105	0.791431	12.9425	
7.52697	0.458448	34.299	0.551433	0.504278	1.80407	7.91529	0.490804	25.1063	0.295047	0.738352	1.19365	2.43643	0.882384	11.4252	6.07853	0.501943	29.4582	8.40925	0.206551	17.1082	4.4591	0.353615	14.6983	2.14334	0.24186	5.32424	8.12222	0.938394	33.0281	4.14013	0.443069	8.81642	3.8347	0.743936	8.05683	
7.39888	0.630037	17.2962	1.51278	0.207076	4.36875	6.81982	0.952072	14.7314	1.69377	0.161687	8.14198	1.14644	0.164884	2.32781	4.44305	0.328401	10.1573	7.87004	0.147151	20.0243	5.96015	0.584403	20.3945	3.73921	0.971771	7.57555	6.75527	0.185645	15.9889	5.649	0.569676	17.4327	3.38801	0.391715	11.3394	
8.55537	0.771005	17.5553	6.65264	0.998088	26.4567	4.84565	0.935197	13.6284	6.85655	0.374704	14.4154	4.5361	0.272836	9.13142	1.4129	0.938933	3.22545	7.65884	0.211073	21.4791	10.7809	0.37181	34.5291	8.79108	0.848584	40.6937	3.39187	0.441587	11.0624	10.4964	0.814575	21.959	5.62351	0.430471	25.6168	


# This instance was randomly generated with the following parameters: 
# SIGMA_MIN=0.1
# SIGMA_MAX=1
# CAPACITY_OVER_DEMAND=1.5