12	24
57.7402	1021.38	91.3385
12.9282	1234.66	127.239
34.326	783.87	58.518
59.4857	804.007	59.3635
141.605	1201.69	129.171
75.3691	1325.72	155.111
48.4409	1191.74	139.482
103.02	777.154	57.6545
143.29	1222.87	138.281
23.238	345.823	11.1677
141.464	1075.33	108.893
123.085	1191.26	134.965
10.816
11.8859
13.3426
10.9487
5.93015
1.2857
12.6257
13.0706
16.5536
7.94805
15.3242
10.3372
13.8093
4.12437
5.60881
1.54865
2.28802
4.11738
16.0108
16.8514
13.762
9.22489
8.21722
16.6056
2.52042	0.853154	8.85247	7.93389	0.177113	23.936	6.65852	0.730552	27.2782	3.47877	0.232178	10.8693	7.56935	0.371925	29.5646	5.37189	0.989367	13.3806	4.73021	0.175598	10.4385	2.0946	0.161235	9.3622	5.60547	0.794719	16.0553	3.36924	0.308264	9.82443	1.96411	0.649491	5.59527	9.13442	0.790928	18.9151	6.90653	0.183091	28.0809	1.90168	0.210501	6.32238	5.75607	0.451808	19.4794	5.21471	0.901685	15.8114	4.86582	0.130082	23.4066	10.3047	0.963465	39.6311	5.94922	0.246191	27.7552	6.02686	0.350368	15.0534	6.04291	0.714706	21.6339	5.85011	0.794766	22.8854	4.64241	0.955788	22.9264	8.05776	0.103223	16.7069	
4.93242	0.867567	23.2114	8.03491	0.304875	30.7724	9.82512	0.795101	39.8875	1.55091	0.730136	3.25272	4.27162	0.309086	19.4934	6.30634	0.226652	13.4306	3.90906	0.80326	13.3803	4.58155	0.300636	16.9235	1.2258	0.962844	2.62288	6.37549	0.504721	15.7072	2.99373	0.834218	6.69992	8.67773	0.702688	41.4905	2.86826	0.295012	10.0033	3.34559	0.733588	13.5324	6.72266	0.936455	32.5103	6.08589	0.365202	17.9515	4.67577	0.7989	12.2984	9.60739	0.886706	22.5076	1.05232	0.587249	3.49933	4.68495	0.23271	11.6028	9.03422	0.718949	38.8891	7.14866	0.73979	33.9131	4.51236	0.276489	9.20462	9.37536	0.246996	42.1147	
3.52853	0.524982	14.2844	7.37283	0.532526	35.1736	8.4936	0.527174	28.3162	0.210143	0.766822	0.710695	4.74616	0.355164	14.9045	5.31791	0.918955	23.8759	3.20371	0.519782	7.00539	3.50532	0.202538	10.2651	2.20766	0.993148	4.45966	4.98154	0.779012	19.6501	1.64904	0.937417	5.01578	8.2126	0.868196	25.2231	3.69237	0.192683	11.8061	2.13016	0.143651	5.13448	5.75272	0.797029	20.3927	5.09803	0.671123	23.371	3.85922	0.836026	19.169	9.24813	0.783155	32.168	2.55034	0.372961	12.5783	4.29466	0.452352	21.4331	7.71892	0.747841	33.3017	6.11912	0.328961	30.1444	3.65331	0.931265	9.39006	8.42578	0.132059	20.1316	
4.39355	0.447314	14.4601	3.48643	0.534047	9.50644	7.31795	0.446877	20.0375	4.34876	0.681395	19.1897	2.24322	0.597086	7.94104	3.03078	0.433571	12.5599	1.7231	0.723051	6.09216	7.62633	0.193134	33.2557	3.89145	0.352651	16.2143	5.08911	0.810161	13.3322	5.68686	0.971655	27.9694	3.89253	0.659668	15.4396	3.20533	0.455167	10.8364	6.26981	0.337538	23.2678	3.23111	0.71932	7.01068	2.90121	0.325123	10.7421	1.8359	0.397734	5.16218	4.79582	0.236081	23.7314	5.11032	0.540323	19.9378	0.464458	0.51263	1.26038	6.54796	0.519602	18.0434	3.75286	0.420256	12.6046	1.98795	0.818695	6.11198	5.35272	0.294529	26.7499	
2.39403	0.674638	6.97482	6.02327	0.957394	20.3257	7.22898	0.352097	21.4594	1.2256	0.131433	2.86908	4.30079	0.233858	11.0276	3.90915	0.54052	16.1963	1.93241	0.126837	8.54324	4.12969	0.683503	13.9024	2.70111	0.953941	6.85927	3.80859	0.660549	9.27943	2.18122	0.189339	6.47535	6.9367	0.443068	27.4149	3.70845	0.297439	9.8367	2.76418	0.339428	13.7836	4.34433	0.63351	12.7696	3.68943	0.650568	11.936	2.49909	0.484103	10.9649	8.01418	0.116557	28.4236	3.51624	0.564207	7.81906	3.16249	0.351533	9.66147	6.43817	0.965919	21.1528	4.71158	0.385373	11.7105	2.28171	0.739049	10.481	7.01698	0.500623	32.9339	
4.14881	0.787234	17.495	4.15639	0.770296	12.9949	7.57792	0.559493	30.6455	3.66137	0.470178	8.41307	1.99357	0.281283	7.47584	3.31541	0.242435	8.56094	1.37788	0.953617	2.77524	7.04168	0.151457	28.8139	3.16192	0.383925	7.52945	5.03447	0.873809	19.4081	5.08306	0.369608	13.9518	4.62853	0.452724	21.3841	2.62128	0.147699	11.6747	5.66476	0.869893	20.605	3.59043	0.203911	11.8592	3.14923	0.698033	15.6673	1.80828	0.528454	5.14095	5.5366	0.757372	14.4351	4.38258	0.737286	16.4982	0.75049	0.889012	2.70934	6.78744	0.95613	27.4118	4.1112	0.183697	18.329	1.87987	0.274688	7.54004	5.90818	0.930339	24.8485	
3.34501	0.929436	11.378	2.52721	0.566793	8.87567	5.60387	0.151164	19.9284	4.64074	0.193486	14.8864	3.94288	0.734332	9.80664	1.32055	0.769805	4.59247	1.67308	0.997429	3.58672	7.302	0.756552	25.4454	4.9373	0.763091	19.3761	3.6512	0.184167	14.7642	5.5178	0.325845	12.638	3.48496	0.337929	11.0568	4.68486	0.431629	16.5729	6.07461	0.975406	18.1955	1.52781	0.802479	3.09335	1.21042	0.461865	3.51252	1.00662	0.388668	4.03396	4.61702	0.20853	10.5453	6.12981	0.811664	17.2096	1.36606	0.74858	3.48999	4.83687	0.863157	17.1127	2.05115	0.855698	6.64048	1.23453	0.253683	4.72031	3.90467	0.746335	7.8215	
1.43107	0.576728	3.45699	5.27628	0.103993	17.6708	3.61817	0.764459	9.09653	4.84515	0.721703	18.6775	7.08936	0.820066	15.3003	2.80205	0.427847	10.6443	3.79634	0.361601	9.21937	5.31776	0.164669	18.2384	6.4693	0.688941	16.3967	0.155556	0.855137	0.683395	4.37084	0.371093	20.3147	6.60545	0.103678	30.1855	7.13154	0.123997	29.7029	4.68021	0.113413	20.7165	3.04826	0.355118	11.9191	2.74725	0.374971	8.39197	3.36756	0.712407	7.74455	7.78175	0.329639	24.4714	7.32195	0.953898	35.5572	4.73579	0.7827	14.0091	2.90476	0.876306	10.8621	2.93983	0.55634	13.9804	3.25193	0.859606	7.76838	4.92316	0.485226	10.908	
4.31913	0.436348	15.7515	2.21007	0.251396	9.45018	6.32312	0.223984	13.6816	5.18876	0.342946	17.4474	3.45848	0.209096	11.7167	2.16354	0.818482	8.12997	2.22081	0.320257	7.30265	8.1226	0.633297	18.0356	5.08425	0.665549	18.1516	4.64001	0.818192	13.2032	6.26995	0.713574	12.5496	2.81716	0.827513	6.00066	4.50034	0.732784	20.2075	6.84182	0.37262	15.1373	2.22169	0.437203	4.65961	2.11371	0.718378	8.50903	1.81001	0.221417	9.04716	3.86293	0.509909	14.3956	6.30437	0.375053	16.7183	1.22872	0.874644	3.45527	5.59245	0.826019	22.7124	2.71328	0.595679	8.89001	2.04065	0.986837	4.87048	4.07521	0.458459	19.992	
2.28703	0.316977	11.0925	7.1341	0.757942	34.777	7.23028	0.443869	17.0301	1.65194	0.541833	6.1262	5.82068	0.68935	16.1296	4.74377	0.589862	15.0973	3.32881	0.716741	14.5774	2.64492	0.890694	12.1249	3.76121	0.54137	11.9389	3.67593	0.756719	14.3576	0.865322	0.525628	3.68636	8.18149	0.205544	37.5122	5.06572	0.483146	16.1587	1.38387	0.306575	5.48092	5.17604	0.5886	15.6484	4.54256	0.66191	19.9672	3.70787	0.582707	18.1311	9.30591	0.41836	20.0352	4.19746	0.725455	11.8099	4.61953	0.72072	22.1051	6.49713	0.446748	27.3663	5.4285	0.653376	16.6939	3.47393	0.679354	11.0749	7.76067	0.864539	34.6511	
2.25596	0.142709	6.83063	3.37355	0.84455	9.00087	5.17239	0.852698	18.8778	3.989	0.593533	16.7869	4.45874	0.862578	12.3812	1.16257	0.162333	5.66241	1.39628	0.581188	3.43419	6.3123	0.735674	24.9192	4.73768	0.599063	12.7755	2.68362	0.240744	7.57448	4.61085	0.838531	13.0134	4.4793	0.112131	17.1826	4.85834	0.217528	11.3524	5.14525	0.905156	10.4232	1.58475	0.818412	5.67629	0.942068	0.918965	4.27156	0.667584	0.997471	2.76688	5.63788	0.702816	20.2179	5.85532	0.722115	18.8198	1.96347	0.605837	4.4864	4.37014	0.445525	10.909	2.0087	0.261691	5.93528	0.695639	0.696482	2.3049	4.25619	0.507515	17.5912	
6.73727	0.587413	15.8133	3.00937	0.136916	11.3859	8.26098	0.363452	23.8797	7.02657	0.82064	17.5652	3.5144	0.167212	7.38734	4.46934	0.517402	12.9922	4.34246	0.959902	17.6962	10.3055	0.305842	40.9622	6.24252	0.170976	25.8766	7.05081	0.659756	20.9653	8.37745	0.124809	41.6463	2.34304	0.909053	5.72093	5.05494	0.409509	10.7038	8.96007	0.828779	31.5116	4.39505	0.731496	16.1483	4.4692	0.851946	18.8611	4.16278	0.44113	18.3215	2.65426	0.539324	8.3206	7.40564	0.42707	28.9204	3.04636	0.72444	10.6501	7.61648	0.568756	34.4784	4.79406	0.100045	10.2159	4.37822	0.709482	12.656	5.22923	0.807723	23.6485	


# This instance was randomly generated with the following parameters: 
# SIGMA_MIN=0.1
# SIGMA_MAX=1
# CAPACITY_OVER_DEMAND=5