11	22
127.341	501.564	23.5284
107.146	1234.83	134.867
122.403	529.706	27.919
71.6001	754.305	55.7094
98.6061	1045.47	100.66
44.4553	890.197	76.0232
53.5194	1206.35	134.225
89.8797	470.6	18.3266
55.1366	1175.61	125.059
44.313	1233.59	126.869
156.338	1079.34	109.678
0.574762
1.70676
5.54445
5.30868
6.30926
5.30987
7.4996
5.99731
3.4788
5.18089
4.13914
1.92595
5.15449
4.24576
6.20654
0.757461
0.376357
7.1415
3.35076
6.57257
4.86392
1.6415
6.25593	0.779109	18.1623	2.82199	1.45338	10.4253	4.05038	1.69582	12.2093	2.74663	0.956725	11.7398	6.19405	1.6958	30.7124	6.72255	1.36399	28.8579	4.33068	0.530836	19.5528	2.19344	1.42762	5.41691	6.05616	1.42683	24.5909	2.58882	1.89308	7.768	0.670282	1.75266	2.25548	1.45673	0.571933	4.18194	1.16816	0.715164	4.50359	4.96767	1.30566	13.0612	2.63365	1.27402	10.1312	2.50506	1.54822	7.55953	5.12272	1.37184	17.144	7.42315	1.48686	25.1475	4.03458	0.555566	13.0221	6.27493	1.99767	25.7767	2.4971	0.725281	6.59111	6.21461	1.3453	21.2717	
1.32622	1.89509	4.43901	9.52713	0.918798	23.4735	3.30632	1.01793	11.5795	4.50845	0.766859	21.3672	10.1613	0.905231	33.717	6.67383	0.952585	32.4402	4.52725	1.15623	9.54254	6.47569	0.803012	23.9058	4.35155	1.19704	19.1174	4.66939	1.00526	20.3449	7.34533	0.891131	35.8227	5.57439	0.97626	21.2388	5.67428	1.83926	25.4527	5.58623	1.55255	13.3757	6.63074	0.930429	15.8364	4.97246	1.94055	15.067	9.15028	1.84863	43.6856	5.72044	0.845131	20.8101	7.16758	1.97476	23.428	10.7954	1.75753	48.5314	8.00453	1.14053	30.3267	2.45331	1.90976	8.15008	
4.89484	1.79407	20.3196	6.26118	1.1787	27.9059	1.47853	1.6515	3.60276	3.50407	1.53356	13.4547	9.27661	1.24175	35.7651	8.11289	1.33064	23.5622	0.789453	1.78166	2.11748	4.82144	1.33389	22.5177	6.4442	1.59091	27.722	3.50574	1.17685	9.66668	4.21154	1.54176	13.8819	2.15059	1.4	9.36338	2.91496	1.87164	5.86653	6.32507	1.82736	25.321	1.99316	0.703748	5.78135	3.78534	0.619813	16.3359	8.15221	0.811426	22.5481	8.1051	0.77416	39.4725	6.52243	1.91946	14.6545	9.54103	0.954166	46.7925	5.83874	1.92417	26.8751	3.12044	1.25947	15.1845	
3.722	0.652375	10.9308	9.28028	0.804334	36.5717	6.51081	1.50915	24.8281	4.93009	1.48877	24.3812	7.22106	1.9971	28.5729	2.49557	1.5603	9.03819	8.06122	1.21422	29.2565	5.7894	1.39915	26.3817	1.49219	0.923872	3.49388	5.0545	1.50219	16.5229	7.67547	0.54998	22.782	7.11053	1.21504	27.214	6.57609	1.99796	29.8256	2.96682	1.61146	11.484	8.96192	0.728151	17.9766	5.05456	0.907768	11.7807	6.58173	1.76323	16.4984	0.940362	0.993524	3.09528	5.0197	1.74117	16.4474	8.08386	1.52114	29.1913	7.05657	0.636881	25.4753	7.07299	0.699589	18.683	
8.96241	1.92866	41.2266	3.31412	1.4517	15.492	6.01195	1.09301	25.5818	5.77395	0.948336	19.2857	8.38758	0.973717	29.6155	9.81062	1.18313	24.0972	5.43416	0.708056	17.7073	5.21124	0.972195	11.5401	9.16632	1.79821	44.1589	5.63189	1.59139	22.3026	3.18576	0.578677	6.71174	3.78674	0.709377	17.2422	4.10748	0.682367	10.8285	8.08794	1.19948	21.3786	2.83481	1.89783	10.7764	5.60313	1.47043	22.6733	7.48206	1.87717	33.4592	10.5556	1.45048	29.9478	6.91694	1.49606	29.7055	8.16619	1.80156	30.3588	4.83913	0.681968	11.1341	7.92498	1.78493	24.5727	
2.4882	0.537344	8.94909	6.98303	1.72849	16.3543	3.97918	0.796844	15.0181	2.18413	0.955832	9.24583	6.46946	1.50298	22.8991	3.23065	1.46093	7.99734	5.49121	1.46101	11.7172	3.48315	0.799474	13.3508	1.32982	1.21113	6.26216	2.32353	0.680504	7.40374	5.12235	1.43111	18.4469	4.3377	1.20778	15.2581	3.84936	0.909314	14.0873	1.8485	1.63524	8.28449	6.18516	1.02297	17.8856	2.38901	0.813145	8.7385	5.51239	0.517044	11.394	2.97799	1.95546	13.6465	3.55773	1.80407	13.8722	7.16046	0.708452	15.2682	4.96665	1.34908	22.8548	5.11055	0.88163	13.5252	
1.9151	0.533741	9.36828	9.45914	0.923297	40.7839	2.91953	1.8929	7.56755	4.58955	1.69514	21.0604	10.4675	1.14994	44.5475	7.21579	0.654027	29.6263	3.98145	1.76891	19.2072	6.58303	0.854969	29.4671	4.9111	1.19229	14.2309	4.73988	1.83705	11.507	7.25527	0.557073	27.1609	5.36607	1.9031	11.8614	5.57308	1.75753	12.4852	6.00664	1.24015	23.7079	6.23319	1.61092	15.6042	5.06528	1.61547	19.9561	9.42515	0.568728	21.0427	6.35039	1.15387	30.3908	7.44699	0.565602	18.7054	11.0587	0.81369	30.6463	8.08431	0.835968	24.4089	1.74796	1.33027	4.66212	
5.50192	0.514924	13.9039	5.8768	0.884889	14.3777	2.11166	1.64177	8.40623	3.74992	1.7566	17.7478	9.23791	0.986051	34.0574	8.42113	1.00411	23.2448	1.25477	1.66755	2.51241	4.81993	1.64196	21.7331	6.87583	0.884312	31.538	3.72258	1.415	15.2361	3.93531	1.45358	18.2207	2.02305	1.20277	7.53353	2.8599	0.556146	9.19775	6.60669	0.899014	32.7742	1.36116	1.74252	4.13746	3.96311	1.99952	19.1244	8.12164	1.97127	35.835	8.5212	1.43696	42.1863	6.60036	1.89096	29.4599	9.44013	1.7878	22.0046	5.68549	0.826398	21.6624	3.75152	1.08992	18.1809	
4.9353	1.12037	21.3326	4.03389	1.62987	14.7804	4.13442	0.778778	11.4397	1.39924	0.517907	5.61799	4.90191	1.58265	23.177	4.43885	1.19253	11.1341	5.13157	1.03224	22.1536	0.606985	1.19972	2.53397	3.92999	1.95244	16.4825	1.26331	1.75514	3.61965	2.3011	1.29316	11.2712	2.57054	0.961734	10.7009	1.73336	1.71307	3.72777	2.68328	1.83476	10.6354	4.47543	1.37535	21.4431	0.921785	1.86808	4.47526	3.7783	0.933535	14.7457	5.1761	0.557362	25.0404	2.09022	1.45777	7.3631	5.29475	1.30961	22.0692	2.14595	1.74535	8.25671	6.12681	0.995494	25.0251	
4.94664	0.640067	13.4101	5.99044	1.13833	26.4926	1.56784	0.899418	3.76157	3.33979	1.44584	7.93634	9.03928	0.960614	42.8404	7.97991	1.13088	29.8125	1.06033	0.706359	2.41055	4.5883	1.38192	10.7642	6.36868	1.66062	20.7426	3.3309	1.54951	15.1347	3.94124	1.23804	11.5565	1.88846	1.0799	9.22146	2.66666	1.98157	5.41887	6.17984	0.819905	19.6049	1.80129	1.53745	5.94148	3.59814	0.880169	11.5619	7.91601	0.659632	24.896	8.02229	1.07074	16.4589	6.31055	0.964057	31.0905	9.29228	0.956228	27.8674	5.58034	1.23551	26.7234	3.34063	1.75641	7.04017	
2.41546	1.62988	7.74763	6.40441	1.62526	17.566	2.21478	1.05524	7.32937	1.3183	0.592588	5.41084	7.27435	0.57664	18.5561	4.9196	1.25757	11.9491	3.70215	1.42148	10.3102	3.29555	1.70861	10.1555	3.10361	1.87161	8.07348	1.48049	1.09519	3.35525	4.27748	1.77316	16.5539	2.89251	1.49292	6.00588	2.68513	0.538786	12.2399	3.25972	0.934443	13.0399	4.56121	1.68596	12.2091	1.78393	1.4943	7.74123	6.19734	0.658072	22.892	4.76687	1.66106	13.713	4.24681	1.27981	9.00275	7.8097	1.70854	23.0016	4.81647	0.528171	13.3888	3.69931	1.29946	14.6395	


# This instance was randomly generated with the following parameters: 
# SIGMA_MIN=0.5
# SIGMA_MAX=2
# CAPACITY_OVER_DEMAND=10