12	24
21.8073	833.3	69.1112
85.3848	503.307	21.6216
158.14	572.935	31.7045
159.446	607.022	32.1973
76.3567	917.467	78.8133
7.28428	662.936	43.7403
135.596	1281.59	158.845
104.241	1219.61	125.027
119.568	1165.07	120.877
164.987	1109.26	103.9
33.8754	972.821	79.7835
162.635	1037.88	101.322
26.9561
43.4924
30.8384
13.1502
25.7237
20.9608
10.7332
3.01358
21.3799
11.6688
15.1097
1.22988
21.8651
10.4321
26.8326
11.6648
24.8586
1.22756
18.2906
21.393
38.0331
42.4184
3.69846
38.5004
1.9945	0.549812	5.53883	1.82299	0.134763	7.25185	0.56967	0.575465	2.18496	1.51456	0.528682	5.81006	4.8694	0.891234	20.8935	3.87679	0.650502	17.5631	3.24319	0.26256	6.77096	5.31391	0.412859	22.5262	2.6012	0.61068	7.09392	8.99674	0.811785	22.9875	6.11611	0.24103	27.8636	4.36786	0.841726	11.43	6.10477	0.147856	27.0536	2.2242	0.466026	7.37211	2.01563	0.700059	7.19918	3.83315	0.221334	17.6755	2.35508	0.2382	7.81904	4.96217	0.21416	15.6519	2.6396	0.734199	10.9735	1.88406	0.93352	7.29677	2.78868	0.90919	9.87651	6.26323	0.780477	27.0791	6.13522	0.486836	13.7302	4.92946	0.753798	23.4529	
5.10336	0.277622	14.2228	5.08617	0.200575	11.0817	2.89393	0.681701	13.0611	1.9533	0.604428	5.01303	1.44491	0.521831	3.98115	1.75792	0.555165	4.58783	0.202007	0.766309	0.955138	3.76021	0.973004	10.8654	6.04605	0.389071	21.1525	6.19244	0.562824	22.8484	3.60359	0.515093	10.5382	5.82037	0.551837	22.2308	3.53897	0.363829	11.8995	4.41453	0.903785	19.8642	5.43628	0.147824	26.2148	3.42358	0.131312	9.7747	1.41209	0.645628	4.5227	1.62948	0.752731	7.97966	4.47356	0.903449	10.1551	1.63049	0.754135	4.4409	5.17724	0.3958	10.8102	3.89402	0.750403	9.18711	3.31828	0.986458	15.364	4.24971	0.658797	9.65213	
4.75347	0.204647	20.4168	3.82137	0.504436	13.2379	2.25317	0.726696	10.6396	1.98977	0.738113	6.22107	2.98954	0.123035	13.6084	3.64272	0.381368	13.382	1.96618	0.383424	4.46962	5.63134	0.399006	22.0553	5.07241	0.109564	13.2744	6.27686	0.870027	25.4698	3.38454	0.261124	12.707	3.75823	0.701692	12.3555	3.38453	0.911339	15.8851	2.64703	0.585014	12.2924	4.66161	0.495473	22.2627	1.50766	0.916203	3.63822	0.931601	0.507099	3.72613	2.86722	0.182223	10.214	4.91165	0.875181	11.8364	2.04174	0.722981	8.1838	3.37426	0.132863	12.5791	3.5084	0.405183	13.4023	5.39029	0.826017	25.1542	2.54166	0.777793	8.79153	
7.32431	0.546718	20.0832	5.82389	0.453447	18.7594	4.9253	0.924487	23.8934	4.78044	0.414996	16.7851	4.27402	0.455676	16.3435	6.01131	0.696437	19.6946	4.25671	0.814445	8.83864	8.01279	0.615167	17.0459	7.20995	0.691701	23.9518	4.64878	0.296999	21.9158	2.31199	0.359187	8.3794	3.68251	0.411262	16.0564	2.4049	0.905456	10.1067	4.18584	0.221327	10.9777	6.99571	0.825219	21.8465	1.5426	0.21718	6.33108	3.66148	0.195052	12.6716	3.90614	0.981136	9.48592	7.68991	0.22641	31.3318	4.80649	0.411116	23.8965	4.60536	0.299745	22.6984	2.10934	0.840436	8.63507	7.17357	0.202712	35.5846	0.632917	0.296214	2.92417	
1.52171	0.293831	3.34492	1.66544	0.122305	7.06587	1.03916	0.584361	5.14602	1.91297	0.965225	6.30712	5.29915	0.982454	25.1734	4.14771	0.271731	18.4298	3.66197	0.555985	11.1547	5.44575	0.411239	19.4756	2.21086	0.705004	9.11614	9.47894	0.306636	19.806	6.59896	0.145678	21.464	4.60178	0.549939	12.4677	6.58736	0.173915	19.5642	2.44487	0.757905	5.29524	1.5727	0.805632	3.67956	4.2789	0.173314	13.0475	2.82664	0.256063	5.93183	5.40829	0.75661	14.3154	2.39145	0.715471	9.88758	2.26413	0.857949	9.19175	2.91124	0.126863	12.3786	6.74598	0.652316	22.5381	6.41635	0.275272	25.2526	5.36785	0.820696	22.2451	
3.9399	0.127778	15.279	2.26395	0.921955	9.34353	2.00725	0.632883	7.95186	2.58202	0.620938	12.6032	4.83852	0.332121	21.0817	4.95448	0.378512	12.1641	3.56808	0.627128	14.8343	6.78174	0.906084	23.3063	3.64479	0.397523	13.5762	7.8226	0.984216	38.3268	4.97642	0.718691	21.6128	2.35912	0.664926	11.2755	5.00324	0.471787	15.8666	0.777267	0.900338	2.39541	3.45911	0.751179	9.1953	2.04924	0.67722	8.67096	2.32032	0.887349	9.97517	4.74138	0.333545	10.6482	4.79894	0.490941	12.8181	2.87936	0.559523	12.3464	1.4972	0.434149	5.40719	5.00939	0.497863	20.3141	6.9869	0.215807	14.8505	3.02909	0.205643	7.98335	
4.65521	0.630022	21.6394	3.25988	0.153357	12.5981	2.33864	0.219206	7.36821	2.50253	0.268176	6.19767	3.98753	0.739605	13.987	4.54356	0.495172	9.61192	2.94344	0.53117	6.34179	6.49045	0.339343	28.7936	4.6122	0.357945	18.0369	6.78344	0.682451	24.594	3.92994	0.228191	17.4828	2.75288	0.20261	10.1306	3.95613	0.859686	11.149	1.81167	0.693113	4.65753	4.33766	0.80527	9.33593	1.1353	0.586001	3.1834	1.77155	0.968096	6.49281	3.83678	0.588334	13.6869	5.18841	0.311481	16.9062	2.68603	0.885529	6.66912	2.47543	0.327802	6.52444	3.96948	0.45327	11.0937	6.38563	0.825718	19.8104	2.22288	0.952334	8.9306	
5.63618	0.731431	17.2256	3.85666	0.840038	15.9729	3.51846	0.501705	12.1153	3.7763	0.686399	10.2347	4.85409	0.469982	18.7665	5.75544	0.841155	15.4337	4.07966	0.86292	14.5951	7.72898	0.517121	19.9123	5.24985	0.95061	10.5268	6.65719	0.548648	32.8463	4.00709	0.742624	14.7544	1.87872	0.646942	4.69327	4.06684	0.706974	17.0862	2.17203	0.465178	5.38958	5.13632	0.537144	13.6291	0.956049	0.972867	2.0568	2.9955	0.239949	12.7055	4.61763	0.92127	18.7915	6.37625	0.199029	20.8917	3.96061	0.569495	9.93749	2.52585	0.280284	6.14426	3.92982	0.866284	19.636	7.46968	0.886165	36.0455	1.46825	0.358427	6.35206	
7.38216	0.148939	35.1964	6.54016	0.564079	15.4197	4.88235	0.542527	17.6574	4.28984	0.207153	17.0471	2.26643	0.405996	9.56284	4.51494	0.501913	11.8493	2.99344	0.254769	13.6854	6.38327	0.292745	24.6197	7.80819	0.558605	37.9532	3.56584	0.330021	9.50706	0.729526	0.620819	3.05352	5.51791	0.495124	23.1743	0.688768	0.113401	2.31646	5.19393	0.178146	11.4722	7.38386	0.998364	34.7535	2.71044	0.245798	7.43639	3.13784	0.813196	10.4062	1.84616	0.92213	4.95535	7.18057	0.134231	14.8971	4.13128	0.27507	17.7795	5.83232	0.79824	12.2467	1.00685	0.522425	3.02503	5.14987	0.967746	21.2925	2.70186	0.968999	13.4474	
2.09858	0.51955	9.8512	2.81984	0.650946	11.2063	1.02949	0.572757	3.06325	1.16411	0.505855	3.68928	4.44986	0.779838	13.3382	3.00905	0.215874	12.7171	2.81581	0.565568	9.80189	4.28201	0.202688	12.1378	3.30982	0.528336	8.75932	8.98565	0.13835	35.7469	6.17203	0.813853	30.7876	5.3384	0.244058	16.3665	6.1413	0.990742	22.5099	3.2332	0.711578	10.9857	2.59844	0.995916	11.7745	4.36484	0.653576	13.9531	2.33106	0.318942	5.44757	4.62766	0.203778	9.70779	1.8889	0.835053	6.12557	1.39332	0.32514	4.37134	3.83953	0.218375	17.4204	6.37332	0.916457	22.2249	5.27578	0.25198	22.0968	5.469	0.100801	17.7124	
8.09329	0.780264	16.6304	8.03197	0.14313	25.1391	5.89988	0.764494	24.1325	4.97255	0.727679	15.8531	1.59178	0.942635	4.68869	3.61773	0.703281	17.0503	3.22104	0.138915	12.492	4.82893	0.852127	14.993	9.05603	0.532611	44.1783	4.28195	0.811492	9.44466	3.07843	0.250984	10.5795	7.99627	0.335484	18.2391	2.96462	0.866246	12.7211	7.1052	0.215425	27.2205	8.45534	0.810915	42.0245	5.18677	0.705003	23.0005	4.23991	0.634403	10.9275	1.60418	0.211293	6.71706	7.23123	0.523394	17.2801	4.64151	0.864369	11.7378	7.84234	0.146886	18.7835	3.4311	0.326165	14.1203	2.9327	0.640427	6.42883	5.4638	0.715574	24.9517	
7.6206	0.811218	31.8739	6.31233	0.736602	14.9638	5.14825	0.854795	14.7823	4.84427	0.881893	23.947	3.75504	0.890127	15.4468	5.73152	0.977235	14.1342	4.02713	0.709968	13.2851	7.69666	0.230485	29.4065	7.6775	0.270058	31.0995	3.90867	0.700633	19.5305	1.50897	0.728598	7.32623	4.45484	0.650674	10.507	1.60668	0.173013	3.53801	4.7371	0.569808	16.873	7.39542	0.197017	30.5785	2.01316	0.651756	4.15894	3.67048	0.808853	8.34833	3.35742	0.292658	13.8707	7.79723	0.57005	17.6133	4.80589	0.917272	19.0241	5.23006	0.781482	22.2955	1.29508	0.311931	5.97694	6.66944	0.340192	15.843	1.40145	0.544554	2.89797	


# This instance was randomly generated with the following parameters: 
# SIGMA_MIN=0.1
# SIGMA_MAX=1
# CAPACITY_OVER_DEMAND=2