10	20
119.612	1298.03	142.509
114.025	894.842	70.2793
35.3125	1068.75	101.066
69.6407	1050.87	108.697
84.4713	352.424	11.0566
104.123	905.095	68.8161
56.6913	1123.62	109.272
61.4476	424.458	15.6967
133.978	958.722	77.891
89.2713	1113.48	103.126
4.96954
8.53634
8.96721
7.62171
7.35052
10.26
15.7189
15.0629
2.50935
2.10612
4.55137
7.75216
7.81917
4.87473
11.1302
13.3727
2.98764
4.40343
8.79246
12.8953
0.680118	1.93174	2.44676	1.61988	2.27342	5.64806	0.173025	2.9003	0.566292	2.31764	1.29939	11.5846	3.43791	3.63784	10.8372	4.01529	1.15567	13.8145	6.48746	3.78569	31.216	6.92332	2.45445	34.2988	0.510354	2.67152	1.42699	10.564	2.24663	31.1786	1.4081	3.80338	6.04004	7.81826	2.97754	30.8677	3.74023	2.78098	15.9263	2.87052	3.15429	6.6657	6.64132	3.46058	13.797	3.91196	3.09488	10.9913	4.67154	2.4487	19.6351	7.29163	3.53452	25.8233	6.20763	2.94369	30.0789	5.95507	2.58606	13.3537	
9.0543	2.85814	19.0709	10.1316	2.00439	43.22	8.78011	3.53954	19.1294	7.4515	3.19637	34.5934	8.13534	3.20699	30.3398	4.98182	3.63408	18.5075	8.16847	1.78069	21.7625	2.43755	1.39214	7.54275	8.46495	2.46064	25.6095	1.85975	3.90598	5.75499	8.23482	3.62371	24.0665	2.37216	2.60916	11.1922	6.35415	1.27403	27.2963	6.08369	1.69535	18.5008	7.41407	2.39277	33.3802	7.0394	3.82058	29.3625	4.69921	3.24762	10.985	5.72398	3.26062	28.2023	7.33125	1.43386	22.7932	2.99786	2.14969	11.5292	
6.54821	1.51824	25.2422	7.39282	1.77458	24.7373	6.58929	3.05547	28.689	6.30912	3.4407	25.2301	7.61516	2.32706	22.1871	3.95678	3.2027	10.0086	9.11796	3.70826	32.2872	4.1705	3.69761	18.992	6.2375	2.84768	14.3518	5.92879	1.0835	23.4816	5.56173	3.54446	27.3579	5.07875	3.90382	14.838	5.99713	1.72286	14.8073	4.38461	2.53515	20.6561	8.60521	1.98744	41.2013	3.51184	2.65407	14.0699	4.59639	1.77987	17.1941	7.58506	3.30259	37.0348	8.3265	3.22778	29.7397	2.92625	2.44118	12.3351	
7.44517	3.25384	35.7775	8.17643	1.81068	36.5882	7.57911	1.51932	34.2759	7.51397	3.87844	22.8799	8.86552	1.77212	35.2925	5.23978	1.42481	22.5861	10.4243	3.35944	51.4168	5.34544	1.73252	16.5516	7.23036	3.05901	30.5772	6.53542	3.39344	31.4784	6.44493	3.70584	15.2368	6.17816	2.07742	17.542	7.28179	1.92335	32.2423	5.57449	2.80503	20.5746	9.90813	2.86826	48.5844	4.12141	3.37039	15.4646	5.90248	3.37015	22.304	8.84907	1.43847	27.5129	9.632	3.65054	35.0995	4.19322	2.37447	19.2334	
11.2922	3.36494	31.3813	12.3978	3.41833	42.6881	10.9549	3.37999	48.3192	9.40482	1.46609	26.2857	9.83041	1.4792	20.394	7.11254	2.52682	15.0913	9.18001	1.66594	38.8976	4.2477	2.21548	10.265	10.6577	3.25708	27.7203	0.568922	3.12366	2.05357	10.5233	1.42194	45.0573	3.58159	3.82587	15.7072	8.13939	3.93601	34.0672	8.26887	2.29136	37.3338	8.36351	3.18909	28.4886	9.43994	1.94206	35.8316	6.61152	3.00873	20.5182	6.48514	3.8214	19.8364	8.40091	2.12089	27.5094	5.23889	2.47896	25.0118	
8.05383	3.52854	33.9032	9.10752	2.20136	44.647	7.36822	2.85433	31.1933	5.18194	1.02565	18.9506	4.3132	2.78407	10.681	5.25115	1.73357	18.9084	1.87101	3.02866	8.38688	4.79173	1.73949	15.6881	7.28697	1.23121	15.0244	7.20199	3.16993	16.6423	7.94276	3.75388	23.9362	4.50189	1.75849	13.9805	3.90346	1.83697	16.106	5.91606	3.09955	25.7369	1.11806	1.52684	4.04323	8.88838	2.51448	35.1996	4.24881	2.63245	15.2831	1.15037	2.78782	5.59719	1.45588	2.84683	5.19498	5.68476	1.82768	20.2558	
7.9096	3.08186	27.0994	8.87255	1.63151	19.41	7.19053	2.48758	35.4447	5.09106	3.55666	24.8524	3.88089	3.28848	13.4464	5.82973	1.59058	13.638	0.836441	1.55835	2.72114	5.95717	2.9362	17.1656	7.1771	2.80749	23.7126	8.59603	2.54972	30.1039	7.97643	3.61951	28.7485	5.80443	2.67902	26.4275	4.09846	3.37675	11.5468	6.25244	3.08461	26.226	0.882239	2.00542	3.64563	9.29232	1.19098	42.4996	4.93921	3.59636	18.5921	2.49438	1.04223	10.546	1.23117	2.81489	2.47999	6.65108	2.72971	15.8374	
10.765	2.10149	34.2385	11.9144	3.7666	33.9217	10.2721	3.21868	29.2364	8.3499	3.6805	34.0334	8.33504	1.8467	39.4198	6.62582	1.84224	22.6212	6.94449	2.35344	34.6288	3.8722	2.54394	9.05883	10.0358	3.29424	48.1504	2.80796	2.49788	8.20535	10.193	1.60754	49.3728	2.81291	1.15622	13.0126	6.91219	1.24025	16.8681	7.78788	1.38691	30.2444	6.12151	2.74265	14.1363	9.80508	1.97502	20.9948	5.78168	3.26184	25.6483	4.2439	3.22004	11.2806	6.26968	3.046	24.4418	5.30868	2.53125	24.6279	
8.03119	3.18667	38.2869	9.13876	3.55879	25.7231	7.39179	1.5493	17.9542	5.2224	1.49489	15.2659	4.68607	2.14248	22.9412	4.70038	2.26222	21.5139	2.88047	2.01835	13.4931	3.7221	1.0605	14.168	7.25596	3.34353	14.8161	6.01098	3.74987	26.3285	7.77277	2.68172	16.8996	3.33353	1.6457	14.9667	3.79822	1.44171	17.4643	5.55192	1.6237	17.865	2.05543	3.5419	6.11416	8.38542	2.72781	25.0452	3.65089	1.7255	15.8781	0.242281	1.1248	0.982423	2.21652	3.64608	4.60431	4.76794	1.09434	16.8959	
8.1583	1.18166	21.1055	9.28972	2.42533	41.0445	7.55791	2.68108	16.8326	5.44247	2.28563	16.0189	5.11997	3.81278	18.5914	4.51435	2.07185	22.0961	3.64311	2.00976	9.80034	3.07786	1.26311	13.7965	7.38798	3.85781	32.1928	5.20148	2.70684	15.078	7.80317	3.15678	36.6169	2.57081	1.37595	6.99599	3.97784	2.39325	13.6881	5.48469	3.30019	21.674	2.81775	1.86549	7.39108	8.16832	3.77207	24.8989	3.47022	3.02128	7.7025	0.919941	2.8928	3.49226	2.92257	2.71339	12.1406	4.26063	2.24001	17.7008	


# This instance was randomly generated with the following parameters: 
# SIGMA_MIN=1
# SIGMA_MAX=4
# CAPACITY_OVER_DEMAND=5