12	24
167.056	1219.19	141.71
40.3099	1249.66	150.914
17.3258	350.688	11.5366
37.6342	988.301	91.5512
120.21	956.572	79.5242
28.0667	992.167	98.426
26.0301	534.31	27.8463
19.0395	1238.35	148.625
27.5719	1107.24	104.024
114.836	1205.9	127.539
153.568	1232.68	129.96
83.2045	795.663	59.422
4.26341
2.3475
17.311
9.73252
15.9491
3.34572
1.15305
14.4814
15.9736
10.2616
16.9363
8.83854
7.18711
13.7336
17.5029
7.25204
7.31922
3.96004
5.20063
7.18564
10.953
15.3314
8.73828
9.25771
2.39018	1.98101	5.59214	1.38368	2.49371	3.95764	4.81332	3.95384	21.3479	4.87454	1.22978	9.82127	0.412014	2.25242	1.03436	8.22602	1.7503	34.8438	5.21975	1.94254	11.6096	2.90178	1.20831	10.4001	4.98138	1.76834	11.1593	4.0197	2.03229	12.4608	9.32699	1.29209	45.3232	0.953026	3.66858	3.33427	2.09425	2.35615	10.4326	8.39642	1.08434	36.982	3.33853	1.88133	9.87927	1.6185	1.76833	6.07448	9.24293	1.81191	30.931	7.54353	3.72997	34.5464	3.45207	1.54374	17.2069	3.69205	3.44438	14.4544	6.49969	3.7935	26.5485	7.47481	3.59729	15.9197	5.2036	3.00831	18.5762	9.6565	2.11282	46.2364	
6.2513	3.13866	21.1527	4.45145	1.44455	13.2182	3.2184	3.73653	11.8247	4.67344	2.73603	21.3826	5.85893	1.17148	25.1281	5.00714	3.62895	22.4697	6.14184	3.26966	18.3684	2.94559	1.36605	7.4513	6.247	3.15895	24.9376	2.7691	1.19713	10.7006	5.30748	1.77321	20.5597	4.87008	1.07005	17.8597	4.02384	2.01923	9.99586	2.58306	1.01155	6.92272	2.89711	3.94409	13.6194	4.61238	2.50649	15.4478	4.25874	1.66377	11.1429	2.93436	2.5037	7.10398	2.36582	3.34105	8.64347	2.33037	2.01291	5.02564	4.9522	1.4456	11.482	1.98896	2.39734	7.83732	4.73462	3.85041	16.4901	5.98739	3.45521	27.4991	
8.80316	3.31815	18.1381	6.21378	3.95078	15.8312	6.57519	2.06331	22.2015	7.99271	3.80669	34.9469	7.72938	3.46311	34.2637	1.64245	2.38787	5.90163	9.41288	2.97754	34.199	5.28669	1.48025	17.2302	9.46735	3.07135	30.2666	3.49649	3.39863	7.29351	1.96292	3.82892	6.93359	6.6281	2.9038	23.3402	6.42298	2.06852	12.9218	3.84808	3.28755	14.9658	4.21574	2.03615	10.8835	5.92806	3.99167	27.3948	1.95773	2.7268	4.36777	0.73088	1.86675	3.11415	4.71355	1.09538	13.2178	5.13864	2.06531	23.6658	8.39592	2.53185	29.0468	4.6009	3.78286	12.9528	8.09718	3.48685	23.1048	2.5649	1.25164	7.66865	
10.1542	1.13775	50.2619	7.63569	2.02762	26.2204	7.62114	1.78819	21.4015	9.07162	1.27975	36.0207	9.15606	3.3261	35.9887	1.96796	3.80373	6.62929	10.529	3.62413	32.6992	6.62322	1.59087	24.8401	10.6144	1.45258	26.3977	4.93202	2.77665	15.4189	1.11652	3.48396	5.31192	8.0546	1.29039	16.4745	7.77421	3.62947	26.5505	3.91666	1.10637	13.4365	5.6345	3.73242	24.6398	7.37269	1.6648	22.9513	0.829672	3.26749	3.61668	1.52731	1.07539	6.91964	6.02994	2.71265	22.8888	6.38017	1.17566	18.3961	9.27241	1.10779	23.7972	5.0471	3.51682	10.2162	9.13909	3.21496	19.0447	1.90701	2.3596	5.31654	
5.26754	3.41034	22.144	3.23642	2.30459	13.9043	7.1118	3.07257	18.5076	7.52737	2.68599	21.2612	3.29423	2.99545	8.08012	7.35632	1.63873	24.2186	8.06363	2.56284	40.168	4.61141	2.42703	13.416	7.84439	1.5826	30.1302	4.27453	3.54303	20.5232	8.67954	3.20288	33.4528	3.09995	1.26354	11.6471	4.43546	2.34356	20.7323	9.37242	3.21694	37.3129	4.01809	2.23739	8.27778	2.60327	3.99216	11.6699	9.17835	2.53553	18.4511	7.54303	1.29533	35.2073	4.89136	2.72804	17.6958	5.45866	3.42101	12.7863	9.05488	2.55508	29.2381	8.85459	3.04962	33.4432	7.84409	2.10669	26.023	8.77596	3.43822	20.3131	
6.2533	1.65154	17.7251	3.67367	3.04181	8.80752	4.52877	2.8253	15.8016	5.82343	1.72967	27.126	5.1963	2.95494	19.3425	3.66545	1.68254	13.6677	7.14864	1.40419	31.093	2.76558	3.60384	7.00947	7.15477	1.80407	20.8594	1.03378	3.67244	4.71437	4.48274	3.92616	12.5184	4.09587	2.80559	13.8844	3.87872	2.84252	12.6322	4.22013	1.74885	12.743	1.67358	3.60531	5.89232	3.46972	1.05346	7.08642	4.23847	3.38306	11.6257	2.53668	3.81747	8.08079	2.23387	2.25974	5.04485	2.78325	1.05724	7.46345	6.57657	2.10896	26.3686	4.08317	2.71034	19.1465	5.98957	1.73093	13.782	4.96523	3.2971	11.8369	
8.15599	3.11842	33.1642	7.59513	3.82381	22.5233	4.18159	2.6893	16.298	5.1122	2.62954	12.9126	8.64985	2.563	33.3192	8.31986	1.82795	37.1339	6.35137	2.45996	12.7039	6.0223	3.06582	24.858	6.63224	3.81121	26.7245	6.68336	2.77815	28.5489	8.07304	1.41461	21.0264	7.93368	2.56057	22.2445	6.67764	2.90714	19.2518	3.06825	1.14695	8.58582	6.62628	3.28964	32.16	8.02147	3.42574	31.4064	6.38095	2.3306	19.2503	5.97662	3.53839	21.2355	5.66593	1.33989	20.0713	5.16389	3.93735	16.2552	4.02735	1.03019	9.91377	2.12597	2.72868	5.09597	4.91053	2.50434	15.2119	8.85728	1.33916	40.189	
3.09469	2.39075	13.1913	3.37847	2.40245	15.0136	0.889908	3.75778	3.59154	1.09155	3.3153	3.72313	3.88795	3.34477	8.8035	8.38564	2.36368	35.4126	2.39862	2.18833	7.41074	2.40549	3.42581	10.2794	2.45575	1.34167	10.1825	4.43269	2.32907	21.5675	8.96764	3.99927	39.1339	3.53891	3.00685	16.0711	2.17687	3.237	9.30452	5.85206	2.48922	13.9027	3.8133	2.50704	16.117	4.07697	1.16723	16.5663	8.06778	2.9284	35.2802	6.6449	3.88712	23.7008	2.65678	3.4736	9.53597	1.99631	1.96853	6.42249	2.44345	1.5808	11.6868	4.49214	2.15779	10.3861	1.33638	2.51985	6.65187	9.57309	2.96195	38.663	
4.11312	1.06181	19.0835	2.3289	1.01445	4.66736	2.31841	3.39012	5.90941	3.45176	2.28519	9.26248	3.65485	3.5273	13.0346	6.08555	2.6868	23.3798	4.72758	2.96948	15.764	0.744631	3.89708	3.52827	4.72712	2.194	10.6562	2.0858	3.51865	7.7523	6.7947	3.15506	16.3044	2.72138	2.21107	10.9606	1.80911	3.33406	8.04898	4.77296	2.73895	18.0102	1.57236	3.51752	3.3995	2.67799	2.04362	7.19965	6.16727	3.26193	30.708	4.58175	2.30357	11.9309	0.364419	3.78234	1.42298	0.382358	2.59503	1.85848	4.45147	2.60871	13.3678	3.84266	3.9836	11.4916	3.65336	1.56037	12.096	7.34162	1.91475	24.4539	
1.31875	1.11914	5.22749	3.74019	1.45198	12.0881	3.35241	1.91911	11.961	2.32986	2.04964	9.7375	3.1822	1.39085	12.1673	10.2487	3.20846	36.0775	1.81846	3.95548	8.26792	3.83691	3.72038	15.1704	1.50992	1.90693	3.97206	5.94532	3.26017	28.3867	11.0254	2.02813	25.8387	3.5993	2.16826	8.62906	2.83505	1.93254	12.1076	8.33007	2.55896	29.0867	5.19322	1.91359	19.1706	4.48439	2.03564	11.3827	10.3403	1.36413	25.5949	8.80406	2.57166	32.4134	4.36436	2.43057	12.4639	3.95138	3.97572	15.9102	3.88058	1.78071	19.0662	6.98283	3.89984	21.9666	2.60033	1.6116	12.0517	11.5525	3.43794	48.2025	
5.91979	1.67224	24.4303	6.3617	3.36805	29.9453	2.47561	3.64777	11.6677	2.5892	2.69957	12.6994	6.96738	3.97876	28.1155	9.62934	3.82134	23.8772	3.52071	1.30417	12.9964	5.06384	1.45685	17.2842	3.83681	2.90145	11.8006	6.60603	2.67574	29.9308	9.78501	3.22257	41.9473	6.57561	2.00095	31.4719	5.20268	2.26548	11.3638	5.30752	2.21403	11.9108	6.21527	1.07901	19.9308	6.99471	2.60581	32.2312	8.38507	3.05365	24.2952	7.4406	2.08111	21.9436	5.01311	1.51725	18.2858	4.30977	3.10039	12.7568	1.09938	3.21832	4.87978	3.8532	1.27758	13.0207	2.29554	3.45654	7.90496	10.5154	2.81705	28.7691	
9.02621	1.35938	32.8719	7.88272	2.14283	23.285	5.12884	2.7675	12.5991	6.33544	2.59649	30.7817	9.14607	1.27745	31.9732	7.03656	1.58596	30.0675	7.71261	1.83155	25.159	6.2936	1.99918	31.0298	7.95509	1.69707	16.9074	6.35212	2.6048	14.682	6.58135	2.37085	27.409	8.2729	1.00735	27.933	7.18057	2.12045	35.1009	1.61414	3.85796	6.57749	6.50514	3.44721	15.8375	8.15532	2.29924	36.2907	4.79328	1.5991	18.3602	4.7307	3.22798	12.7907	5.80387	2.60206	28.5359	5.49327	1.86348	13.3915	5.55805	2.36495	27.6939	1.71149	3.64191	5.72292	6.19955	3.4629	30.1378	7.37183	3.58336	16.1902	


# This instance was randomly generated with the following parameters: 
# SIGMA_MIN=1
# SIGMA_MAX=4
# CAPACITY_OVER_DEMAND=5