9	18
162.566	1247.45	139.654
77.5056	632.495	37.8447
10.8845	1259.72	136.349
119.464	1069.75	109.848
90.2519	1267.53	159.022
91.1953	443.816	17.4742
38.3744	1122.35	125.387
85.8445	1253.81	134.731
0.851694	1114.02	106.156
4.24059
41.2735
2.98849
6.99971
7.94151
0.725894
41.1121
11.7622
28.5992
32.3813
1.44265
31.0025
6.91788
9.07433
14.4493
36.4896
25.5058
19.2489
3.37835	3.90991	8.47452	4.94064	1.0058	17.0445	3.48099	2.82074	8.1646	6.8179	3.16804	32.3518	1.91529	3.79514	4.99461	3.61847	1.16479	17.7342	6.03389	2.63181	15.315	3.44246	3.5521	7.47601	3.28778	1.19719	13.1901	2.43012	3.32007	7.99415	3.06296	2.13716	14.915	6.49055	3.24031	27.4227	3.0851	2.73319	7.86549	5.92019	1.14439	27.6637	7.29688	1.64212	20.7323	5.73314	3.03215	16.2103	4.52289	2.36339	18.2785	1.97177	3.94591	8.6274	
2.35724	2.01263	10.2901	5.46284	3.94121	24.7565	8.59804	1.30111	32.5198	8.5815	2.28168	35.0819	3.41939	1.52053	15.7053	5.73356	1.35503	25.968	9.18185	2.18457	35.7727	2.19732	2.32669	7.20323	2.14283	2.53912	5.63109	6.7303	3.33443	14.3198	3.10842	1.31681	7.66391	11.7345	3.77672	26.6012	4.40578	3.64333	18.5264	8.16793	3.43642	23.9288	12.5343	2.23908	47.3992	9.8033	3.63336	25.2383	6.82007	3.74469	18.4431	4.98193	2.10299	23.0774	
8.14823	1.35936	28.4976	8.51951	1.40385	32.8799	1.86924	3.36811	9.14323	8.7085	2.37508	38.8776	6.83332	2.47349	16.0911	6.50867	3.85538	25.0673	6.14773	2.49517	29.9371	8.32927	2.6274	30.3179	8.15078	2.5325	39.4669	4.20661	1.38742	19.1749	7.63325	1.29073	33.3279	1.56154	2.7964	5.96913	7.22674	3.34057	24.9621	7.71695	2.07918	31.7479	2.5097	2.07918	5.95168	4.53796	1.20267	19.0731	6.57021	3.04977	16.3772	5.76271	1.17255	15.6881	
0.959751	2.30928	3.21757	6.03753	1.66526	13.5296	7.40591	1.53985	27.2444	9.02052	1.08617	33.8247	2.83146	1.8671	13.9945	4.12017	1.77261	8.60463	7.56261	3.74782	31.4194	2.37658	1.04457	9.2637	1.06373	3.55976	2.44968	5.35159	2.21826	25.4828	1.59506	1.49604	7.7952	10.6687	1.72565	26.4536	4.52798	2.78031	9.45341	8.44252	1.77068	36.827	11.5493	1.8602	54.6308	8.27191	1.07738	19.9885	5.18764	3.1267	15.2356	3.57018	1.72863	17.8202	
1.39338	2.013	3.61656	4.99045	3.68783	22.6942	7.46081	3.33166	19.1831	8.02955	1.70846	17.2577	2.3226	3.51378	9.28212	4.82014	3.72509	17.1778	8.25541	1.9192	27.5893	1.37581	1.42382	3.65037	1.07004	1.48029	2.56761	5.62966	2.86858	23.0106	2.14998	3.25756	7.1635	10.5984	1.35074	24.3809	3.62389	2.27487	9.25704	7.50931	1.58614	19.2721	11.406	3.51139	33.4573	8.76654	3.07387	35.6784	5.94312	2.27775	12.4991	3.90699	3.6411	18.1352	
5.75076	3.54454	23.044	2.46856	2.15096	7.0499	5.64933	1.42653	18.2547	3.29409	3.6484	13.6348	3.68081	2.56582	11.1356	7.13205	3.22042	24.161	9.41021	2.72101	31.1419	4.29143	1.37622	11.8393	5.41179	1.62368	23.8038	5.7607	3.94595	11.9087	5.85467	2.37674	27.7746	7.34871	3.02232	23.5236	2.08347	3.26094	5.19994	2.38634	1.78595	11.7393	7.70049	1.95085	16.86	8.75949	2.67451	32.5215	8.05756	1.7149	29.7616	5.45947	3.41813	26.1887	
5.36538	3.73787	19.9222	6.4507	2.40854	23.7858	1.39188	1.85471	6.33574	7.53019	1.63529	28.2574	4.08184	2.79946	15.5922	4.26045	1.14947	12.557	5.32226	3.40312	19.2216	5.60236	3.25834	22.6161	5.35598	3.01952	20.8189	2.02192	1.08834	6.36447	4.88637	3.29223	16.4017	4.35646	3.24925	17.9515	4.83982	3.04684	17.2106	6.53595	1.2193	28.338	5.22914	3.55656	21.8105	4.40671	2.36247	16.7987	4.71091	2.8418	14.6822	3.12987	3.07415	7.42249	
5.2766	3.79548	25.7057	0.466919	1.08375	2.18662	7.4238	3.39521	31.8058	3.43952	2.03461	8.28938	3.54996	2.11098	13.5295	7.66115	3.88895	26.4373	10.5	1.77087	51.9821	3.26232	3.4166	14.3209	4.84495	1.62981	11.9986	6.9209	1.65769	16.2571	5.66477	1.04757	16.0186	9.50974	1.32933	30.6519	1.4632	3.50601	7.02634	3.07209	1.58348	6.20579	9.92229	3.50514	37.5876	10.1883	2.48729	22.7728	8.73621	2.485	37.0557	6.04235	2.34533	19.685	
8.25457	2.15083	34.711	8.46951	1.71982	21.2448	2.04779	1.01176	4.22136	8.58097	3.63771	32.7885	6.89413	3.16203	21.8936	6.68858	2.46292	33.3512	6.37641	1.29469	16.6064	8.37954	3.04865	37.6305	8.24564	1.22612	28.6437	4.37721	1.27881	12.6125	7.75396	2.40327	21.0137	1.47981	2.20923	5.6834	7.21917	2.70432	24.8648	7.59391	1.7691	16.0746	2.36235	1.31609	10.5251	4.76871	1.23021	22.3587	6.7723	2.06119	28.3186	5.9029	1.40128	14.8252	


# This instance was randomly generated with the following parameters: 
# SIGMA_MIN=1
# SIGMA_MAX=4
# CAPACITY_OVER_DEMAND=3