6	12
117.743	335.614	10.9781
140.31	834.143	63.9322
12.1137	1272.93	158.289
41.4058	1102.42	105.299
120.951	1123.72	108.661
12.7195	968.361	84.2837
8.6375
1.84973
7.34597
3.51893
3.81821
2.1503
1.31165
7.75561
3.48911
5.24743
3.20474
4.81503
1.90595	1.60646	5.67829	4.57159	1.54375	13.3686	6.92684	1.01228	25.7815	8.64561	0.851328	35.5804	6.36776	1.38157	18.9896	9.26938	0.563733	35.9285	1.54942	0.654723	4.39826	6.01632	0.78594	28.3882	8.66811	1.00207	41.0154	3.10105	1.63118	11.3313	3.55801	1.64646	8.21934	2.85615	1.62589	11.854	
6.57671	0.591993	16.2245	4.80953	1.77422	21.5178	5.98108	1.05235	17.2084	0.796507	1.90672	1.62166	2.82568	0.893027	8.78368	1.68855	0.774661	7.00889	8.34652	0.999314	40.0576	4.18308	1.81785	12.5254	2.04444	1.38925	7.41886	6.93582	1.61546	28.5372	4.79965	0.608798	22.1547	5.71153	0.98155	23.9098	
4.52183	1.58561	12.6851	3.05311	1.47222	10.3496	10.2975	0.61829	45.4663	7.15392	0.649461	29.2329	7.68263	0.726873	36.2804	8.97065	1.27614	42.8219	7.40748	1.13817	17.7357	8.43183	1.99775	24.0471	8.99511	1.03839	22.5148	7.86003	1.7782	24.4504	4.42048	1.31571	9.85261	6.36888	0.516698	13.3514	
5.33366	1.63076	18.4922	5.24312	1.12098	17.207	2.39068	1.01674	5.66981	4.50182	0.834543	17.9224	0.936609	0.61752	3.68055	3.76094	1.3622	14.6258	5.75173	1.37189	21.6796	0.474314	1.56065	1.19416	2.86588	1.38832	8.24563	3.88517	1.8459	14.6656	4.10519	1.76936	15.4958	3.39482	1.12099	10.9069	
2.5064	1.03573	7.85979	3.73387	1.33569	9.05068	4.13146	1.75346	19.9097	6.05163	0.694836	27.3918	3.23498	1.66162	9.65707	6.26386	1.37008	14.2106	2.91034	1.25012	12.4314	2.86269	1.22699	12.6551	5.57267	1.00017	18.2471	1.69735	1.5188	4.09028	2.1707	1.02593	6.15272	0.325424	1.1552	1.3188	
6.08094	1.99432	14.9432	4.10976	1.99502	13.5067	6.36643	0.890294	21.2542	0.854543	0.669995	3.85215	3.07776	1.54156	13.1566	2.52034	0.96423	6.97699	8.08473	1.98361	17.3775	4.44717	0.724997	15.6356	2.81882	1.41064	7.88533	6.83862	1.59146	18.6535	4.29661	0.851891	13.3544	5.48215	1.25489	14.1587	


# This instance was randomly generated with the following parameters: 
# SIGMA_MIN=0.5
# SIGMA_MAX=2
# CAPACITY_OVER_DEMAND=10