11	22
138.933	1252.69	150.068
73.6288	1093.8	108.844
96.2347	870.436	72.8892
130.606	642.282	40.3633
52.1936	1133.38	124.095
83.2338	1090.43	114.457
95.0223	1359	156.473
40.4352	880.265	73.9021
121.615	1126.29	105.47
130.608	882.197	68.1057
110.068	880.608	77.2556
5.50254
4.26837
2.28698
6.78398
3.56078
11.2157
3.98322
3.19998
4.54431
1.50918
7.39515
8.32901
3.80567
0.357785
6.30622
0.800702
6.3162
5.81625
0.805692
10.1603
9.98377
2.26054
1.03824	1.04907	4.28	2.99859	0.701348	7.63669	2.63493	1.84892	10.8911	5.60289	1.89028	24.0032	3.50519	1.48409	16.8059	4.21662	1.46396	19.7069	6.5408	1.80021	24.4707	4.00761	1.06685	8.67431	4.46665	0.954168	20.0737	5.43141	1.96373	16.4224	1.50304	0.914197	7.45501	5.82355	1.99456	22.8111	6.6983	1.61243	25.3146	2.75909	1.93042	12.0453	2.60419	1.13517	10.6638	3.5578	1.7936	8.44611	1.24913	1.42257	5.4368	6.57836	1.56841	22.158	2.4127	1.63484	7.26442	3.93132	1.8245	12.6626	2.81001	0.7405	9.23231	4.13738	1.49055	17.579	
4.4976	1.16845	9.38973	6.52986	1.51879	15.8132	6.79696	0.512222	23.1888	8.85476	1.26568	33.042	4.0351	1.24197	15.781	9.17866	0.697108	30.9495	11.6826	0.800722	41.1511	9.21191	1.63388	32.316	6.25198	1.86135	31.0112	2.54284	1.88115	5.54793	5.96882	1.83171	25.1624	4.32726	1.60249	18.5314	9.17479	1.35279	29.0211	7.83904	1.71402	26.8128	5.41131	1.52091	19.8482	4.06215	0.984441	11.9487	6.47997	1.87819	16.6973	8.57319	1.60698	33.0996	7.55322	1.24572	22.0138	7.59995	0.882991	26.4008	7.85941	1.55117	23.6876	8.85432	1.44863	31.0966	
2.65155	1.77213	11.1877	2.86612	1.67367	6.561	3.43839	0.632418	16.3692	9.14985	0.962371	29.0887	5.58059	0.978866	23.5609	7.70568	0.961085	33.601	9.70495	1.01025	46.8812	7.13941	1.80687	16.8057	7.42481	1.60235	32.439	5.96197	1.92716	23.6876	3.20604	1.47551	12.34	7.27382	1.52408	14.5954	10.0731	1.87365	33.6607	6.23171	1.97086	30.5784	5.7316	0.771584	20.7105	0.1231	1.02374	0.324736	4.56736	0.849758	9.21362	9.78687	1.21931	40.8231	5.84009	1.58602	13.4453	3.77513	1.62307	10.9772	6.30833	1.94915	21.7167	7.74795	0.799639	32.4567	
5.99147	0.642052	24.0507	7.44218	1.62518	36.9219	6.76354	0.787668	30.2529	1.33953	0.582812	4.22544	5.14106	0.56188	25.4702	2.48939	1.83385	9.22815	4.4878	1.28707	9.7637	3.81178	1.89671	13.2756	3.47357	1.24563	9.04201	7.6889	1.13765	19.4678	5.9805	1.23978	27.4692	6.74921	1.31978	23.8133	2.84588	1.30146	6.3408	3.11038	1.86528	14.3091	3.55087	1.17411	14.076	8.53298	1.16289	18.981	4.40814	0.881407	17.8843	3.37586	1.28207	10.9092	3.44388	1.50788	16.2703	7.9695	1.19056	35.2983	2.99548	1.89067	14.4241	1.72923	0.80512	7.66511	
5.01983	0.537961	22.3158	7.14867	1.83997	23.0031	6.62919	1.55176	17.2657	1.85352	1.25728	4.07093	3.00409	0.864175	11.5103	4.05565	1.78897	19.9001	6.51521	1.77468	14.8239	5.08052	0.858835	15.8226	1.16793	0.871282	2.39632	5.45403	1.81342	20.6376	5.6001	1.82461	15.952	4.43325	1.10393	20.7131	2.51596	1.45193	7.18332	3.78597	0.644872	15.4117	1.84257	1.19676	7.95909	7.43871	0.574875	19.3353	4.26074	1.52878	11.9698	2.36757	0.584706	10.9458	3.91976	1.22677	11.034	7.94118	0.970145	26.8551	3.69433	1.84802	16.7994	3.30841	1.39226	12.2558	
2.45252	1.34151	10.9814	1.71765	1.77008	6.91037	2.36162	0.634941	7.01245	8.90484	1.87745	37.7145	5.91939	1.90227	14.7215	7.00832	1.18705	30.8783	8.81732	1.6952	24.5814	6.29108	1.75124	16.5447	7.51399	1.37919	32.67	6.73262	1.05705	23.2814	2.40657	1.82535	8.21173	7.85643	0.750252	31.852	9.96787	1.77599	20.2457	5.56524	0.780351	25.8835	5.70896	1.08589	23.4924	1.19306	1.48567	3.98253	3.93346	0.77681	11.439	9.78105	0.931748	39.5423	5.16487	1.25328	22.3537	2.59587	1.21136	6.17689	5.65488	1.13213	23.8846	7.15557	0.983568	16.3858	
3.73935	0.753888	14.9227	1.85528	1.90635	4.44859	2.62767	1.40031	5.69098	9.98307	1.77827	47.766	7.31239	0.836622	28.4582	7.66049	1.65206	34.2306	9.1323	0.677412	33.4281	6.73888	0.529575	13.87	8.81031	0.583772	20.4772	8.13967	0.719552	21.4955	3.21543	1.7315	10.9117	9.27856	1.20445	42.6597	11.1361	1.89223	51.8205	6.30261	1.01417	28.4226	6.97233	1.26259	25.4132	2.38449	1.70594	6.03366	4.79044	1.94125	12.6979	11.0117	1.32272	35.7914	5.90764	0.563725	13.4667	2.09454	1.0638	8.71738	6.40494	0.732435	29.676	7.93414	1.08513	27.6446	
2.29144	0.872597	7.71568	1.06876	0.731479	3.37052	0.389557	1.11676	1.67727	7.311	1.19313	15.9033	5.75178	1.62663	16.8442	4.74673	1.44689	14.4426	6.36125	1.85829	22.4227	3.87371	1.15237	11.3239	6.65804	1.4269	19.9358	7.42863	1.4854	18.7717	0.794909	1.53805	2.38661	8.0349	1.91971	23.012	8.5905	1.80247	39.0084	3.40795	1.48943	11.4861	4.812	1.19271	13.1019	3.4294	0.911936	8.13591	2.03458	1.13586	5.02239	8.60201	0.597116	27.0379	3.01982	1.36047	15.0062	1.7058	1.06398	6.45867	3.51388	0.846969	14.07	5.0414	1.79301	10.7503	
0.37236	0.957377	0.769372	2.32798	0.825392	11.206	2.20021	1.81447	10.5147	6.57736	0.778054	20.5966	3.9834	1.72404	16.2812	5.06008	0.992964	24.1741	7.24045	1.44575	29.7509	4.66619	1.46015	20.1318	5.27418	1.04444	16.6258	5.50907	0.868521	15.278	1.16146	0.605704	5.2074	6.19172	1.34919	22.233	7.63844	0.655431	21.1905	3.58305	0.835175	11.1707	3.4298	0.999609	7.654	2.59907	1.04538	6.29781	1.93755	1.00644	5.45717	7.4766	0.633439	15.5663	3.20485	1.66516	12.6307	3.37539	1.11855	16.8648	3.65025	1.54998	15.0006	5.05522	1.42123	22.0782	
7.13732	1.51084	15.764	7.22215	1.74945	26.4526	6.44726	1.91444	30.2466	5.06345	0.985163	20.6387	8.05722	0.857877	35.3024	2.06553	1.83642	7.29671	0.714923	1.91621	3.55979	2.34763	1.84724	10.6485	6.98296	1.8677	26.9393	10.6252	1.33895	31.0519	6.26975	1.58095	23.2802	10.0859	0.987869	25.1427	6.49381	0.752881	14.3288	3.41125	0.624688	12.7712	6.28313	1.9174	26.0452	9.38699	1.48512	19.1859	4.98554	0.545419	13.0198	7.12481	1.55468	19.1801	3.74681	1.49339	16.309	7.21362	1.70418	25.4183	3.37687	0.706904	12.0248	2.60527	0.997843	12.6937	
6.87385	0.848261	33.1924	9.24317	0.976021	41.6141	8.79363	1.73228	28.2949	2.85469	1.26509	13.1544	3.76637	0.992902	16.051	6.23021	1.34586	22.7211	8.5082	1.46236	42.2294	7.35002	1.13902	18.7938	1.79818	0.612663	7.23639	5.43275	1.42462	20.4382	7.71193	0.881985	16.78	3.82293	1.35611	12.9298	2.0088	1.62964	9.90963	6.1001	1.78041	13.7771	3.65014	1.27971	16.8609	9.06422	0.609651	20.4332	6.49606	1.45957	21.0416	1.1623	0.562875	4.28629	6.23662	1.80717	19.1479	10.1118	1.03752	48.1236	6.00644	0.724681	16.4862	5.44728	1.78223	23.5592	


# This instance was randomly generated with the following parameters: 
# SIGMA_MIN=0.5
# SIGMA_MAX=2
# CAPACITY_OVER_DEMAND=10