10	20
85.7357	924.343	79.735
67.0019	1162.74	131.756
149.168	1211.98	140.965
86.0508	651.757	35.1309
114.61	612.81	32.8911
76.4561	1030.37	88.6454
76.4943	486.926	22.9945
33.3734	933.423	76.4686
45.1334	597.345	34.1878
64.3236	1035.32	95.8739
7.75333
6.13868
6.1957
8.25868
10.5884
7.03093
1.53059
4.33132
5.89094
1.42336
6.40338
11.0055
12.1501
6.66275
8.50069
11.073
12.0618
13.2248
2.6473
4.8583
3.83555	0.870004	10.8625	3.93257	0.687107	10.4283	5.87641	1.88285	26.5439	7.34686	1.24722	36.4361	9.06299	1.24437	37.1334	6.44731	1.35082	28.2209	7.80515	1.44948	35.6924	7.58139	1.82927	21.68	6.09578	1.81294	20.1549	7.25146	1.88182	18.5914	7.86003	1.76306	17.2509	7.61907	0.549543	16.5369	2.28772	0.917241	5.32497	9.10231	0.72991	33.2678	1.64821	1.64224	7.47392	8.02543	0.720273	22.4699	8.25839	0.884585	33.4659	0.455767	1.21322	1.6539	4.26784	1.90196	16.6799	10.0044	1.45474	31.6246	
0.744835	1.93938	2.11691	0.465917	1.3016	1.45551	7.55784	0.662833	25.5666	6.1943	1.52288	15.6579	6.68064	1.98925	14.2007	5.18385	0.885399	12.6619	7.1931	1.94135	27.1965	8.61448	0.758883	24.5048	3.09942	1.79621	11.4672	4.59427	0.909892	22.2987	7.63652	0.525605	16.8334	7.0638	1.97229	19.6753	3.88096	0.536263	13.3143	7.31005	1.89084	32.6776	1.98919	1.60992	7.62697	8.02693	0.846924	28.0163	7.8878	1.55437	21.5077	3.27104	1.417	13.0441	2.08137	1.45661	4.83637	10.0115	0.812248	30.0475	
5.09065	1.62905	15.0751	5.69428	0.803886	28.4038	3.28544	0.917624	7.73933	6.22718	1.66974	29.1318	8.66424	1.20258	17.3435	5.57302	1.84333	26.7662	6.25003	1.88723	28.2689	5.13606	1.52789	12.5399	6.63127	0.868226	28.0263	7.30393	0.563468	18.0031	6.05064	0.650269	14.4447	6.05006	0.982837	22.3157	1.50831	0.855056	5.93359	8.22925	1.08838	39.3118	3.64608	1.95007	16.347	6.06469	1.89692	12.6891	6.49856	1.41213	13.4694	3.05611	1.32711	8.54965	6.57078	1.04785	23.6532	7.90405	1.86324	27.3051	
3.01275	1.67859	6.348	2.83577	1.47773	7.36856	6.82162	1.33179	27.3706	7.42245	0.70605	29.7658	8.72616	0.596483	39.2922	6.45231	0.831269	18.0726	8.07889	1.45858	25.6395	8.37464	1.93317	31.854	5.44841	1.47931	23.8764	6.77121	1.99838	14.5769	8.26454	1.13513	37.191	7.90692	1.76527	33.3433	2.96539	1.6557	9.076	8.99126	1.43624	38.4429	0.845545	1.79608	4.11906	8.50727	0.91759	21.6022	8.62385	0.622794	42.1144	0.822032	1.38391	3.71156	2.99223	1.04377	6.60713	10.5241	0.535603	44.3774	
6.24522	0.714944	28.0969	6.62216	1.69335	16.618	4.36701	0.959104	20.6943	7.91645	1.73899	30.3217	10.3286	1.07033	23.5243	7.26008	1.70408	23.4098	7.89447	1.3727	38.2571	6.35316	1.15779	16.0108	8.0845	1.39447	30.9779	8.88733	1.37788	34.7144	7.63613	1.61857	32.3741	7.69407	1.61879	30.9983	2.98652	1.79287	8.24558	9.92029	0.941509	41.4672	4.36017	1.97814	12.5746	7.59577	1.58231	31.5967	8.09214	0.660767	32.3044	3.32212	1.2744	6.7269	7.13241	0.826868	24.1785	9.33518	1.16635	41.2113	
6.10443	1.16995	14.8353	6.88012	1.73103	22.8175	9.1504	1.8326	26.442	3.9946	1.98387	13.9087	1.01931	1.50183	2.89961	4.01403	0.68274	11.5854	5.137	0.575021	22.3002	8.64443	1.44588	34.3922	3.64768	0.569066	17.6402	2.21921	0.806332	10.5428	5.99515	1.27211	12.8744	5.21863	1.16157	20.5648	7.9813	1.71923	16.4131	2.61375	1.41236	7.01846	8.15238	1.05019	34.3841	6.55282	1.14676	25.315	5.80408	0.889209	14.2672	9.29588	0.502439	39.1043	8.42616	1.73767	37.5393	7.5864	1.7938	30.2139	
6.61681	1.83489	23.8063	7.67445	1.41651	34.1085	2.10117	1.643	8.02878	3.3439	1.95044	13.8909	6.3805	1.89177	19.3717	3.48488	1.80849	7.96696	2.51219	1.46239	6.07956	1.50322	0.698155	5.6956	6.48565	1.51863	25.9715	6.13838	1.88126	15.1773	1.90636	1.66133	5.63837	2.3433	0.900758	11.0507	4.33153	0.543681	15.5482	5.23523	1.26159	14.2035	6.66486	1.14183	20.4462	1.71434	0.688822	6.34746	2.36159	1.23179	6.90688	6.82985	0.861088	13.7738	9.18072	1.71865	38.9034	3.47223	1.65603	7.73597	
3.63642	1.65835	8.27741	4.0269	0.718185	12.8456	9.26059	0.623345	32.2432	5.29243	1.1622	22.6601	3.81035	1.66358	7.79636	4.62473	1.35774	17.4692	6.6131	1.27517	29.1667	9.48036	1.9287	29.5128	1.6267	1.5301	4.30882	2.13403	1.34982	9.34382	7.38271	0.870721	16.2093	6.59195	0.929934	25.9511	6.71746	1.66496	30.913	5.15212	1.02189	16.0567	5.88357	1.17206	15.0152	7.92642	1.94457	22.2713	7.39819	0.725063	18.1862	7.16293	1.92384	15.1332	5.33124	1.20522	26.5264	9.52468	1.94355	22.6886	
7.49882	0.762582	34.9678	8.11569	1.80871	18.0488	2.86663	1.75113	6.20102	7.60039	1.72989	26.7991	10.3871	1.4255	29.3237	7.19417	1.54315	28.2796	7.21447	1.77905	34.4904	4.81335	1.13212	10.1105	8.85992	1.77312	43.2404	9.32406	0.784377	39.5026	6.74122	0.779724	30.8714	7.0214	1.24602	18.5503	3.87961	0.937528	10.1815	9.65048	0.749125	45.7941	6.01655	1.22981	12.6392	6.54849	1.37858	23.7532	7.20195	1.79853	16.8549	5.2254	1.56352	12.6374	8.92296	0.641718	23.2238	7.99884	0.558461	34.078	
9.40177	1.42236	31.3515	10.5075	0.975323	37.3866	4.63682	1.50893	14.5626	4.59079	1.05523	20.0332	7.11677	1.83077	21.0639	5.34	1.26141	20.9536	3.26875	0.546995	12.8094	2.65868	0.546942	11.3629	8.6393	1.97625	40.6926	7.78363	1.68876	37.202	2.54208	0.765392	12.2725	3.2989	0.977171	10.0335	7.51987	1.03936	29.5786	5.55059	1.86426	11.1975	9.77549	0.941682	29.3	2.0644	1.43336	5.22737	2.48463	1.61913	7.35873	10.0166	1.17189	25.3951	12.1144	1.0733	30.835	0.752063	1.40119	2.4399	


# This instance was randomly generated with the following parameters: 
# SIGMA_MIN=0.5
# SIGMA_MAX=2
# CAPACITY_OVER_DEMAND=5