9	18
163.476	910.158	71.9598
148.229	814.92	63.5656
31.2231	541.704	27.1989
135.695	912.784	75.5689
128.129	1049.68	96.7124
90.0225	1106.82	106.196
121.2	467.033	18.431
61.2528	1059.83	98.9496
78.2882	1197.67	122.788
29.2259
19.4002
18.6633
18.2902
29.1906
27.4813
4.67944
10.0121
15.1272
17.9334
12.824
13.5184
13.2853
32.9215
22.3163
13.9138
17.5168
24.3851
4.12118	0.830209	14.2717	5.82141	0.775254	16.8067	7.69285	0.876915	26.6665	8.44765	1.20828	39.9236	5.66185	1.32478	18.822	6.2631	1.94838	17.3825	5.71344	1.0177	19.8904	8.4125	0.871084	39.156	6.02421	1.48297	12.4971	3.97538	0.97485	17.7813	4.75789	1.48674	21.7153	4.33619	1.9318	16.3515	7.41478	1.98179	27.5633	0.801718	1.15524	1.61893	1.3075	0.885072	4.09149	6.08423	0.812193	25.5599	4.08202	1.88713	12.5285	2.75502	0.783885	12.4236	
6.62996	1.3479	19.2361	3.64515	1.31121	8.30098	4.5688	1.65335	18.0436	4.19232	1.14449	19.174	6.39994	1.02232	27.965	1.73872	0.540618	7.67846	7.05938	1.01387	21.4144	7.19304	1.62067	33.4034	4.84149	1.30222	17.4529	0.554882	0.643707	1.71252	6.28026	1.36524	27.0104	0.254832	1.04348	0.822456	7.65123	1.52049	24.2494	5.31641	1.34856	19.1025	5.09102	1.42225	17.5804	6.64449	1.25418	16.1044	2.412	0.831687	8.29756	6.87686	1.1616	18.2286	
3.79437	1.86333	18.6906	4.45264	1.47244	16.6537	6.3161	1.93116	23.066	7.16518	1.78977	34.8048	4.76125	1.77266	22.3798	5.16925	1.61525	13.6226	5.00828	1.24474	15.0241	7.19335	1.27046	28.1858	4.74363	0.707621	10.3789	2.94377	1.60548	14.3044	4.05367	1.33179	13.8772	3.236	1.22307	15.5911	6.45937	1.58715	27.7994	2.03813	1.85636	8.50646	1.63726	1.82494	6.21147	5.15699	1.92165	23.4635	3.72391	1.4915	10.447	3.42439	0.565963	16.5554	
9.15961	0.822488	37.4698	4.44196	1.76811	21.1074	3.75741	1.61319	17.112	1.49227	1.89781	5.12667	8.1424	0.914137	25.5798	1.60553	1.38447	3.64479	8.9932	1.90684	22.473	7.4282	1.93467	36.262	5.84063	1.10597	21.2241	3.83793	1.94663	13.0847	8.44551	0.782201	27.8344	3.44787	1.90993	10.3089	8.83936	1.37071	43.0742	8.55787	0.796491	29.3028	8.19554	1.9424	32.8714	8.23243	0.6749	17.842	5.09837	1.8402	12.0286	9.95027	1.71633	45.7059	
6.29826	0.85816	20.561	5.46942	1.90832	19.4931	6.85923	1.94305	14.3204	6.70879	1.37083	30.6346	7.00954	0.706521	14.4249	4.08184	1.02043	17.3214	7.39494	0.569876	24.4246	8.807	0.76666	36.4431	6.29393	0.807621	22.9807	2.03796	0.762885	4.25086	6.46383	1.66436	32.0616	2.46904	1.12156	9.85107	8.59296	0.715407	21.5303	3.56287	1.75755	17.2921	3.87639	1.75608	13.2852	7.36406	1.91408	21.5977	1.28756	1.90578	6.39642	5.53592	0.742085	20.6486	
5.76978	1.18435	28.4747	3.39504	0.514706	11.923	3.68377	1.39246	18.3865	6.40549	0.72896	22.512	3.31503	1.48109	16.436	7.32311	1.38853	26.8466	4.08739	1.62125	13.844	0.214006	1.60493	0.808112	2.32358	1.62238	6.80097	7.10602	1.9923	17.4471	4.45504	1.53308	13.6807	6.85863	0.593156	33.18	2.36553	1.17306	10.4922	8.52563	0.611152	38.8324	7.41788	1.17923	16.6329	2.97533	1.54231	11.6273	9.22289	1.40655	26.1671	8.25736	1.98169	21.6601	
1.10162	1.76665	3.31108	4.61931	0.553946	12.5351	6.46108	1.34345	28.3406	8.60854	1.1761	36.5366	1.38969	1.70532	6.7433	7.85389	1.89899	28.6241	0.924009	1.95302	1.85027	4.90181	0.84842	12.5027	3.61012	1.88922	12.9886	6.26374	0.736795	16.8067	0.342841	0.560411	1.16576	6.31115	1.97178	17.7154	2.95839	1.0741	13.1352	4.7685	0.792387	20.301	3.61677	1.20255	14.5768	1.76831	1.85962	4.74349	7.76715	1.56878	23.3122	3.77682	0.94691	10.2042	
7.07368	0.772721	29.8824	2.15795	1.20953	6.28835	0.783746	1.0465	2.32722	3.44811	0.866175	9.20438	5.06827	1.95258	12.8187	4.8917	1.52569	23.1479	6.0008	1.3288	29.7377	3.01671	1.49997	12.8023	2.62702	1.08215	9.06598	5.47908	0.696074	16.359	5.90347	1.23407	18.5236	5.1109	0.798816	17.5954	4.99572	1.61733	22.9757	8.53883	1.86549	41.6985	7.64353	1.93985	29.7181	4.93939	1.26522	19.9093	7.60032	1.15399	34.3972	8.99412	1.13284	38.1677	
0.855147	0.650485	2.51904	5.65275	1.46571	19.1566	7.51201	0.576029	20.5621	9.62257	0.951336	25.258	2.34708	1.74653	8.05913	8.73367	0.769036	40.2958	1.57694	0.901808	4.87943	5.82552	1.52449	20.9247	4.6625	0.578487	15.8649	7.00151	0.675379	25.5995	1.39035	0.688807	6.86427	7.09559	1.33475	28.5194	3.66213	1.86357	14.0155	4.74162	1.00388	21.3965	3.6759	0.643914	9.8142	2.66061	1.70823	12.0803	8.32078	1.73228	41.4127	3.32344	0.800685	7.27865	


# This instance was randomly generated with the following parameters: 
# SIGMA_MIN=0.5
# SIGMA_MAX=2
# CAPACITY_OVER_DEMAND=2