4	8
109.53	1303.3	151.783
152.752	836.567	64.4381
162.077	659.938	42.8182
128.552	1273.04	144.804
15.9352
14.0928
5.21795
6.80988
6.14036
0.717663
20.7591
11.0957
6.1457	0.620572	13.4949	6.30705	0.519027	23.9737	6.47155	0.684757	13.7143	3.20206	0.671761	11.722	1.47911	0.680779	6.92651	3.61298	0.190037	7.52972	4.17694	0.671234	13.3855	2.65021	0.923491	10.6476	
9.50415	0.540293	36.6163	9.47133	0.826259	24.4779	6.02873	0.785533	15.163	5.429	0.150997	14.2103	2.41843	0.512343	8.58649	7.43705	0.610177	29.5975	7.27616	0.384128	22.3849	1.39167	0.246362	5.20731	
4.29296	0.807949	21.3731	4.25073	0.776987	14.4503	5.09979	0.462359	22.2468	5.38813	0.835977	26.3624	2.99049	0.342513	7.3305	3.45401	0.467919	16.9452	2.05113	0.685791	10.2002	4.49634	0.256355	13.6619	
1.8848	0.492198	9.34397	2.51497	0.537379	7.64966	8.31047	0.452711	32.4092	6.33462	0.612106	13.0212	6.17757	0.706454	23.7342	1.9453	0.438287	5.02945	2.30719	0.37243	8.53067	7.54779	0.56324	37.594	


# This instance was randomly generated with the following parameters: 
# SIGMA_MIN=0.1
# SIGMA_MAX=1
# CAPACITY_OVER_DEMAND=5