6	12
168.19	668.847	38.0005
41.4842	842.025	62.801
63.3707	1300.29	141.585
40.3323	1157.74	133.73
72.2028	1091.88	100.323
101.043	977.11	94.6368
7.16288
13.5773
40.3585
4.73876
31.5628
23.65
41.7967
18.9294
0.433568
35.4785
24.7665
43.0835
3.11759	1.47858	11.2893	4.47998	3.14207	9.08082	5.09203	3.59554	20.1686	9.73773	2.48359	40.1307	3.63873	3.42867	17.9971	9.59833	1.08851	26.6615	4.15643	1.64881	13.0179	4.01563	1.8545	13.8698	8.02993	1.879	33.3853	5.27534	1.72074	15.1293	7.60381	1.40577	27.7629	9.32192	2.4599	29.3849	
3.76071	3.65472	8.90192	1.9708	2.94406	4.77625	5.62297	1.80725	26.0136	6.79982	3.69108	31.4079	1.74667	2.3582	3.96948	7.51458	2.08043	23.2084	2.71309	3.46168	12.1985	1.3636	3.43771	3.12785	5.84095	1.70992	21.5623	2.39741	1.28849	10.3765	6.3061	1.39116	18.6713	8.53537	2.31762	25.1695	
2.33415	1.92988	10.5017	4.28077	1.62228	9.88444	4.37489	1.88586	13.3164	8.95632	1.90475	32.1722	3.36379	3.66937	11.4369	8.8141	2.73447	18.7229	4.09912	3.11334	15.501	3.37868	1.45171	10.7711	7.24352	1.69913	26.5162	4.54155	2.35501	13.7336	6.82875	3.86023	16.1308	8.58212	1.82048	36.7558	
7.25315	3.50949	20.1915	8.62311	3.3572	40.4545	6.70032	3.64175	19.3849	1.26164	1.25995	2.72207	8.34656	2.30349	17.6591	2.99483	1.64447	13.5892	9.38889	1.4621	45.8651	6.52134	3.0257	25.6976	2.93918	1.2334	11.2803	4.96309	1.03554	23.1346	4.25499	3.81211	18.1104	5.43648	2.00866	20.4966	
2.65378	1.2311	13.1232	6.42601	1.84708	18.7447	1.67197	2.4951	4.00488	4.28314	1.58988	12.8176	5.65409	1.03561	12.3302	3.83947	3.40325	19.1469	6.90116	1.73822	19.8255	3.63173	2.18287	17.2745	2.38403	1.63411	10.2792	2.49397	3.25998	6.16047	1.87066	3.86234	8.84833	3.91547	3.51385	13.1932	
8.13765	1.47729	23.3415	8.67745	1.17685	30.1211	7.92644	1.16336	16.2806	2.80144	1.56345	13.9723	8.57092	3.09707	19.4572	4.53284	2.7486	14.3002	9.48092	3.38009	24.0769	6.98147	1.09908	25.7066	4.34265	3.0195	14.8956	5.58699	1.05612	17.8088	5.69176	2.48398	21.9855	6.97575	3.10387	27.444	


# This instance was randomly generated with the following parameters: 
# SIGMA_MIN=1
# SIGMA_MAX=4
# CAPACITY_OVER_DEMAND=2