8	16
132.25	367.154	12.2398
116.734	1267.65	144.923
8.44985	621.269	36.4822
168.052	1199.09	125.939
19.678	425.522	17.3791
102.97	950.341	74.7389
157.478	366.872	12.5986
129.703	1284.92	154.646
13.3389
25.9692
28.1233
28.9027
14.7484
7.38078
15.7692
23.3376
21.3863
27.9991
9.22447
9.57793
12.2746
20.5039
11.4911
19.4456
5.36205	1.89595	13.7429	1.76441	1.46249	3.83818	4.04772	1.96534	8.72776	3.10918	2.57934	12.8213	4.68879	2.87468	16.0589	5.38815	1.28213	24.5148	8.50537	3.64988	28.0143	1.72933	1.59955	7.81641	1.13775	2.17296	3.04994	2.37958	2.89619	9.87738	3.90263	3.96984	10.0098	0.998215	3.40378	2.81805	6.33524	1.96721	23.0678	1.30462	1.66536	3.49225	2.9781	3.88706	10.5793	2.91133	3.32758	7.36138	
6.76727	2.32251	26.2988	4.31696	2.63979	11.8732	6.55437	2.39579	25.4535	5.12847	2.55032	19.7395	6.37587	1.95532	26.3977	2.88984	1.50414	9.58969	6.95916	1.47085	21.4904	4.30949	3.9509	12.8919	3.68175	3.37687	14.9228	1.68973	2.20213	8.02781	1.39885	3.42056	3.42096	2.18192	3.98927	5.19726	4.15381	2.15439	13.4312	2.87206	3.87441	13.3866	5.26517	2.11143	18.8899	3.59141	2.19422	11.8889	
6.80916	1.54511	17.1039	2.85373	1.75286	8.05511	4.32593	1.29844	12.3176	4.50685	1.69092	10.8332	6.12069	2.87406	14.6787	4.80918	2.43991	21.814	9.23665	2.90165	41.489	2.72155	2.71912	6.36787	2.34053	3.36713	11.2102	3.17532	1.99882	9.61527	3.4552	1.449	7.5759	2.18475	3.99409	9.72708	5.40125	2.21402	11.6386	2.70597	1.38709	12.495	4.27371	1.5254	15.9421	1.51589	1.43856	6.31106	
7.10055	3.52446	15.2541	4.07481	1.1784	11.6497	6.04203	1.92432	22.0965	5.2081	1.726	19.1878	6.6068	1.98461	25.2746	3.11647	1.56422	13.2401	7.82461	1.9336	39.0113	4.02243	1.32877	17.5665	3.45058	1.52005	14.8201	2.30276	1.04127	7.72442	1.68339	3.26726	8.13077	2.2625	3.95385	10.5145	4.04457	2.96065	17.1374	2.98471	2.83308	9.61876	5.22122	2.96045	15.563	2.73906	1.95504	11.316	
1.26253	3.09122	4.07104	3.6864	1.3198	14.1862	6.05264	3.53466	19.2234	1.84827	1.19364	4.77665	1.22186	3.18928	6.05075	8.18643	3.90756	24.6247	7.28291	3.95541	18.719	3.91464	3.53779	11.447	3.71937	3.82574	17.2825	3.90448	1.4085	17.6622	6.81618	2.98728	22.5001	3.67347	3.59328	11.217	9.64428	1.71637	43.1929	3.01116	1.99025	7.62488	2.5899	3.25299	6.98766	7.1432	2.65351	18.8764	
7.00043	1.36723	31.0136	2.93525	2.15495	7.59215	4.22106	2.09743	20.6824	4.66018	2.13068	9.94291	6.29182	1.9786	27.0179	4.94786	2.93709	15.0512	9.50584	1.16638	44.7924	2.78609	1.17558	8.30639	2.4606	3.38543	9.35053	3.44924	3.53724	11.4476	3.63035	1.4626	11.1475	2.43914	2.56761	7.09614	5.45715	1.37518	13.9962	2.93487	3.60889	10.1544	4.3894	3.57785	17.6222	1.26893	3.74866	4.69693	
3.23159	2.24953	11.9999	5.88467	3.80284	28.5215	8.52049	3.19721	33.9196	4.41411	1.80495	15.2716	3.80064	1.56783	10.6601	7.80539	3.33604	34.0502	4.76384	2.02236	23.0284	6.0912	3.25841	17.9797	5.68125	2.72872	11.5757	4.1389	3.883	16.6204	6.74583	2.76756	20.8954	4.81614	2.61465	22.8168	9.49214	2.99217	39.1256	4.4441	1.27274	19.0993	5.15259	2.9679	16.7606	8.50789	2.10255	19.1763	
3.68338	3.01274	14.1956	0.972186	2.87681	3.266	3.0639	2.06891	9.56807	1.1839	3.42807	3.97056	2.78372	1.57197	10.1263	7.84488	3.87411	24.16	9.43478	1.59634	39.069	1.17024	1.43241	4.2604	1.4558	1.93671	6.98234	4.04416	1.1505	9.37699	6.3473	1.44457	16.0212	2.81084	1.98593	6.42131	8.88491	2.54317	25.9921	2.23266	1.61992	7.62874	0.555538	2.32964	1.73655	4.94277	1.902	22.5603	


# This instance was randomly generated with the following parameters: 
# SIGMA_MIN=1
# SIGMA_MAX=4
# CAPACITY_OVER_DEMAND=2