10	20
104.126	1276.73	145.861
118.007	1087.88	116.736
13.7118	899.161	67.1201
154.298	738.907	46.907
19.3469	1070.38	105.654
113.608	805.416	62.7439
134.885	535.136	24.4051
131.298	603.975	36.0796
46.7668	734.269	53.1039
25.9635	723.86	52.0191
15.5942
6.0586
31.9918
32.7118
23.1458
17.4313
14.5033
2.97578
13.129
20.9174
4.85192
33.2825
30.9195
27.6596
18.1407
28.3541
13.0004
6.61764
3.90153
10.1275
6.66477	0.287469	21.3063	2.88149	0.848846	8.85076	1.1024	0.952176	2.24367	5.79263	0.370351	16.9627	4.1367	0.267519	12.1156	4.1701	0.344649	8.59937	3.87194	0.595996	14.6117	3.18228	0.391719	12.6599	5.70687	0.473649	24.0393	6.38403	0.908765	23.0143	4.09321	0.928177	8.66121	4.56777	0.947707	17.6889	4.25233	0.614979	15.7647	2.70424	0.80151	13.4551	6.05599	0.215338	24.3181	5.95646	0.195776	29.5725	3.30498	0.845253	7.59739	3.42917	0.778997	11.4391	5.19222	0.350509	24.4282	2.14931	0.142466	6.6791	
9.18419	0.110115	37.8431	5.32194	0.288452	25.866	6.28852	0.92341	20.4605	7.03636	0.49458	14.5476	8.99407	0.964443	19.0921	7.84942	0.150145	38.7413	1.96496	0.930498	5.01364	6.81719	0.549274	31.45	9.55788	0.339918	32.7336	5.88693	0.386227	21.7388	8.23938	0.939547	22.9579	2.84395	0.252116	7.56426	2.12733	0.133276	4.79516	6.42861	0.777265	25.4891	10.2933	0.635313	46.9102	7.40941	0.769096	20.0955	7.64945	0.786109	30.9365	5.8699	0.750711	20.5192	3.24327	0.574743	9.36042	6.05517	0.547866	22.6776	
4.67964	0.493255	22.7926	0.477706	0.459206	1.81605	2.65123	0.757481	8.91378	3.37894	0.604785	15.7097	6.26761	0.750144	19.7832	2.84188	0.240409	10.4608	3.0954	0.32553	6.75188	5.63521	0.378378	16.8445	4.55815	0.706268	11.6579	4.00113	0.249736	8.12944	3.24238	0.443577	8.69009	3.04149	0.334313	8.97904	3.18198	0.301022	12.2626	5.15334	0.300263	24.0387	5.28061	0.543677	20.7815	3.58517	0.15241	8.40036	5.70505	0.175083	14.5571	5.72873	0.213414	27.768	3.46769	0.635725	10.5412	4.59521	0.482005	19.2035	
5.63871	0.347629	16.1975	1.49475	0.410183	4.92898	2.09084	0.414728	4.41964	4.39029	0.417697	13.5734	5.60683	0.94018	12.8101	3.53754	0.406081	12.3966	2.82635	0.456233	13.9966	4.69109	0.408229	11.5046	5.23812	0.451377	15.1522	4.82599	0.953285	13.1302	3.76065	0.755264	17.6789	3.20158	0.750711	10.7539	3.07566	0.631927	13.6525	4.20376	0.607979	10.2649	5.83507	0.80831	17.7693	4.60386	0.879889	14.9476	4.86594	0.494404	14.6458	4.71739	0.639452	23.4714	3.76762	0.736622	11.6239	3.64449	0.46237	14.5207	
7.8056	0.358816	17.8763	3.58985	0.228503	14.9069	3.28972	0.187179	13.0936	6.27894	0.692455	24.0349	5.86052	0.523604	14.4904	5.73581	0.799165	14.8862	2.29786	0.43982	6.89051	3.92455	0.82826	13.1402	7.41823	0.727169	20.458	6.12273	0.884365	14.2108	5.88505	0.126351	25.6043	3.43293	0.678048	8.12529	2.8035	0.666484	12.1939	3.47599	0.311145	16.0385	7.94348	0.806821	28.6294	6.55605	0.566189	21.4855	4.59877	0.297743	17.9436	3.33911	0.870799	16.6942	4.12225	0.924786	13.9669	3.02051	0.131341	11.3375	
8.85884	0.41136	40.0629	4.71129	0.197883	11.4259	4.98649	0.467439	23.2958	6.9881	0.510586	34.4182	7.43487	0.545816	32.9736	7.10767	0.933421	26.6751	1.94465	0.671265	4.89959	5.20751	0.924165	24.9217	8.82216	0.249483	33.6524	6.302	0.500659	18.6731	7.36659	0.103734	32.7762	3.22183	0.63867	14.9198	2.40999	0.246386	5.64953	4.82285	0.596503	15.6431	9.44091	0.912989	26.2959	7.32204	0.37677	31.5765	6.0552	0.883944	28.051	4.27921	0.22972	8.8408	3.83375	0.666259	9.5671	4.46355	0.95099	16.7955	
2.07098	0.390518	5.42519	2.21735	0.48607	7.1632	4.6445	0.675576	18.4567	1.2848	0.75237	5.87251	8.01426	0.402685	29.0841	1.97333	0.65101	4.38038	5.18483	0.659959	11.792	8.03625	0.423779	28.8789	3.05313	0.952256	6.37078	3.18579	0.614463	7.03872	2.76153	0.319551	5.88826	4.48661	0.303021	17.7837	5.03296	0.715091	22.0044	7.57892	0.832534	28.4047	4.06669	0.14478	11.1865	1.21223	0.325397	5.82866	7.86708	0.670793	31.6375	8.32047	0.577486	29.7766	4.50857	0.294313	14.4778	7.03833	0.959441	19.6258	
7.98707	0.909528	28.1571	4.08134	0.278874	14.1987	5.2226	0.376751	25.5281	5.90925	0.616639	12.2062	8.18304	0.603381	20.7859	6.60971	0.510279	31.8939	0.741469	0.672932	2.03381	6.25265	0.440929	16.8215	8.3174	0.287338	20.4023	4.97265	0.121167	18.1313	7.00927	0.783414	28.7104	1.8575	0.347057	8.04794	1.04756	0.236161	2.91211	5.81843	0.996719	15.3293	9.05814	0.571583	19.2379	6.27101	0.453706	21.1464	6.95608	0.161479	19.2013	5.50038	0.442351	20.3709	2.41891	0.46286	6.78155	5.37659	0.926776	25.8544	
7.41152	0.889773	26.0255	4.90873	0.263565	10.0141	2.03748	0.645211	6.27846	7.44537	0.676398	36.1235	1.74516	0.146844	3.70145	4.68583	0.925991	13.4655	6.70203	0.21812	31.7589	3.05885	0.771729	6.35248	5.55812	0.936726	23.0703	8.60026	0.588838	24.334	4.13626	0.372772	19.2808	7.3078	0.659205	18.7909	7.06534	0.534861	19.5822	2.89169	0.952696	12.2667	5.39369	0.577818	18.1011	7.47284	0.42022	19.4448	2.1839	0.154729	5.95783	4.20633	0.231366	9.27352	7.88864	0.158034	18.8325	2.72397	0.197062	7.18494	
0.833717	0.476311	3.50487	3.40102	0.912496	6.91834	5.49883	0.714422	23.0176	1.79793	0.254146	4.17093	8.62872	0.480633	29.9028	2.2272	0.901334	7.32778	6.41636	0.727169	30.7941	8.96203	0.93598	33.716	2.50985	0.858987	5.54912	3.90463	0.909098	10.2699	2.92237	0.718103	13.9849	5.67012	0.815831	21.9125	6.24928	0.567401	17.2571	8.52414	0.18619	33.3279	3.54746	0.552481	8.35401	1.45641	0.166153	3.87124	8.67606	0.699334	36.2524	9.35854	0.224309	31.9744	5.63177	0.796919	16.0313	8.0009	0.359312	29.5921	


# This instance was randomly generated with the following parameters: 
# SIGMA_MIN=0.1
# SIGMA_MAX=1
# CAPACITY_OVER_DEMAND=2