4	8
168.177	980.621	87.9209
28.9421	844.734	61.6175
171.441	648.076	40.1829
67.8507	998.296	89.5682
16.4424
12.7442
12.6506
14.855
4.24862
8.08042
11.1843
12.891
2.69104	1.14933	7.02131	4.21574	1.61508	16.9264	4.6279	0.889096	11.029	6.24454	1.38178	23.7692	7.90441	0.519754	25.4058	1.18934	0.822619	5.8603	1.05882	0.9524	4.53793	7.22682	1.03637	26.9719	
5.5855	0.810089	22.7486	10.9549	1.88891	44.0139	7.29335	1.48122	22.6395	1.65924	0.884988	7.77158	4.66498	1.13558	22.1949	6.19251	0.999848	13.6488	6.48663	1.58359	24.5463	3.16287	1.74508	7.23288	
3.43117	1.02292	9.86854	9.28814	1.01627	42.5566	4.32807	1.71514	11.8089	1.62893	1.20755	5.00527	2.35178	0.936864	7.14797	5.6949	1.44127	24.8923	5.93211	1.59304	19.0953	1.53703	0.705512	3.43673	
4.62397	0.990437	17.3831	6.716	1.48346	32.3909	7.02105	0.590693	19.8465	5.94946	0.891194	22.6568	8.57905	0.877246	19.3561	1.8007	0.856987	6.09378	1.96015	0.513675	6.48423	7.45007	1.91547	32.9836	


# This instance was randomly generated with the following parameters: 
# SIGMA_MIN=0.5
# SIGMA_MAX=2
# CAPACITY_OVER_DEMAND=3