6	12
162.12	1044.41	101.15
4.04272	1189.94	133.133
21.1176	1294.09	145.028
114.521	1006.51	95.7152
87.8977	967.212	92.6231
67.2914	452.306	20.3612
23.3886
30.5947
58.8541
55.7813
48.465
2.43242
26.75
34.5266
18.875
70.4141
20.8312
1.09402
6.02657	0.577497	26.2573	0.825831	0.550141	2.44016	7.73183	1.70331	33.6226	4.22465	1.93635	13.3166	9.3217	0.829531	26.4173	7.8972	1.89209	30.3437	3.72456	1.66992	11.3755	4.08075	1.62627	9.3859	4.08304	1.58693	8.79114	1.71886	0.655254	8.14808	5.07693	1.05054	18.4934	9.28332	0.665141	34.2902	
2.07993	1.34529	4.38376	7.69464	1.17897	21.5617	1.97527	1.86308	9.28769	3.42237	1.85644	8.3359	4.64996	1.20825	22.4595	2.78164	1.19333	11.4986	4.07752	1.34414	14.9683	3.90796	1.83283	9.14975	7.05689	1.66644	31.0828	6.10779	0.510058	29.8783	5.23873	1.25539	22.1898	10.3144	1.54912	37.924	
3.52877	0.653057	14.6048	8.84784	1.01849	43.4493	3.57281	1.15062	8.90103	4.3325	1.27626	14.4933	2.01843	1.56926	7.48119	2.74043	1.86112	10.4479	4.59414	1.73545	14.6766	7.79983	0.947009	18.1632	5.45794	1.46556	20.3604	8.59042	0.829808	23.7407	9.57804	1.31189	19.8803	5.80374	1.69951	11.8375	
6.65802	1.50275	22.6215	2.18793	1.78622	8.20368	8.38796	1.05605	40.7138	4.79206	0.677336	14.4734	9.3363	0.84582	24.7134	8.30496	0.83265	19.3087	4.13003	1.92042	18.0677	6.1348	1.37205	26.8176	2.57137	1.66712	9.35359	4.08898	0.555417	9.41275	7.37607	0.65698	25.749	7.41715	1.30977	35.8767	
2.21261	1.12503	6.29078	5.52595	0.710585	12.5729	3.76986	0.994735	11.6708	1.25954	1.38277	3.45208	4.56699	1.6206	21.3078	3.53331	1.10782	10.8179	1.26065	1.28709	4.61792	4.97839	1.95096	15.4238	3.03784	0.98172	6.85824	5.27221	1.81087	20.58	6.79856	0.632844	30.2033	6.43805	1.43377	16.5533	
5.46156	0.603215	14.7602	3.44644	0.829844	17.1822	7.13074	1.8656	35.5264	3.71962	0.949871	9.45191	7.7861	0.63878	26.7636	6.92878	1.7589	33.6389	3.05883	1.45277	10.5493	6.0691	0.565118	23.4279	0.903369	1.75568	2.16908	4.67981	1.47227	21.4102	7.60351	1.03023	18.8448	6.03667	1.22428	25.943	


# This instance was randomly generated with the following parameters: 
# SIGMA_MIN=0.5
# SIGMA_MAX=2
# CAPACITY_OVER_DEMAND=1.5