6	12
48.7567	972.354	78.7082
32.3144	1134.62	125.638
68.3069	1067.21	101.931
17.3966	1159.04	117.002
126.576	844.351	68.3615
112.858	643.811	37.2594
3.10961
6.10515
6.4651
7.64058
5.51755
3.52049
3.98362
3.069
4.64116
0.956856
2.64681
5.23408
3.81693	2.75543	11.2106	2.39194	3.48054	9.097	1.40326	1.94228	4.55246	7.02318	3.73991	23.8483	2.49235	2.78664	7.32413	7.37537	2.21778	15.6283	8.13324	2.82857	29.7795	1.95271	1.21886	6.66415	0.863996	2.63333	2.77902	6.98092	3.20634	14.5857	7.56975	2.84426	17.9392	4.72195	1.07541	12.2725	
7.40036	3.95141	21.8165	3.39811	1.99302	12.2193	6.36318	2.82021	16.7177	10.8909	2.09924	47.3052	7.46895	3.01407	23.2305	11.2308	3.75708	29.22	8.49646	1.81204	32.0587	3.34512	2.77271	13.1761	5.32594	3.21996	15.1653	9.70277	3.37279	47.7177	5.30694	2.18147	19.5344	0.638148	2.11907	2.70986	
6.20638	1.27933	22.5398	2.98911	1.50466	7.98703	6.72773	3.75579	25.8753	9.47574	2.26656	38.3685	7.4144	3.66027	27.7347	9.78606	1.32858	27.6398	5.9137	3.94301	18.3995	3.41012	2.8931	8.00999	6.0125	1.26577	22.9906	7.7838	3.98241	28.1725	2.73582	3.48736	12.3232	2.11475	2.78395	5.03967	
4.3584	3.21478	17.8799	4.42295	1.3142	17.48	0.685739	3.03911	1.403	6.79034	3.25118	21.0058	1.43595	2.00161	4.64919	7.11957	3.65553	20.4321	9.52683	2.21312	26.8111	4.0099	2.36559	8.59677	1.62643	3.84896	4.7287	7.5175	3.08405	20.5804	9.52558	3.80438	38.9416	6.71442	3.43562	27.0323	
6.77852	1.85882	27.6896	2.88233	1.92385	14.1232	6.25167	3.2719	15.8694	10.2328	2.60747	34.6286	7.22247	2.56301	21.1361	10.5656	1.30733	42.6753	7.53716	1.0139	19.6904	2.99747	2.11593	10.5846	5.31676	3.72918	11.5163	8.89578	1.57323	38.4825	4.40431	3.86289	12.655	0.389609	3.97832	1.04358	
3.34085	1.07282	16.4951	6.53272	3.9531	23.9264	7.26135	3.56259	35.2645	3.0158	1.18687	8.63114	6.39633	1.1431	29.2126	3.1351	3.31294	11.0677	3.78471	3.15515	15.9006	6.95341	2.49763	17.4541	7.80652	3.17499	25.7509	0.339824	2.17906	0.859641	7.3086	2.443	35.7251	8.98493	3.58542	24.2172	


# This instance was randomly generated with the following parameters: 
# SIGMA_MIN=1
# SIGMA_MAX=4
# CAPACITY_OVER_DEMAND=10