10	20
161.586	963.066	85.741
124.806	1278.1	136.883
114.603	623.286	34.0724
30.4081	779.873	57.6123
107.932	591.766	34.1288
95.508	598.282	35.5489
47.9219	1094.41	110.03
121.39	479.933	22.9451
23.5794	878.149	76.5705
173.51	551.588	26.0011
23.847
7.36337
2.46899
24.3183
15.1851
21.9519
26.8762
2.44804
32.1141
46.5798
9.98221
0.110665
31.8434
13.8479
39.3163
37.7778
35.2192
21.1602
4.78331
15.8287
2.75598	1.59128	7.41762	4.84132	1.17244	13.2506	2.92961	1.30756	9.71065	2.95726	1.61392	9.20116	7.4726	1.73521	23.8219	7.16329	1.85314	17.8671	2.65883	1.6185	8.04798	3.662	0.656105	9.33185	2.07901	0.592891	5.73549	1.16389	0.627227	4.69469	6.33392	1.22048	29.8966	6.62278	1.46247	28.1711	2.05503	1.93438	7.38429	3.61444	1.53734	9.35415	3.88937	1.94401	14.8333	3.48829	1.96718	14.8778	3.59696	0.887993	10.0874	3.92508	1.14951	12.4636	6.67576	1.38239	17.3883	4.02251	0.706495	13.2707	
8.58399	1.08203	26.9603	1.56447	1.56577	4.58834	7.01394	1.606	34.229	8.20815	1.01875	31.8453	2.78513	1.17341	6.73348	7.62589	0.849107	35.9782	8.71183	1.61966	31.765	2.94452	0.767373	13.7619	4.20844	1.58665	12.1243	5.62539	0.78009	25.465	5.72586	1.03767	23.1762	2.87602	1.37106	8.00283	7.52926	1.46658	32.2424	3.32194	0.803746	15.6636	5.71537	1.72326	17.4437	9.69896	1.55505	25.8057	9.66446	0.676296	46.658	3.22053	1.31629	10.6891	3.34519	0.62622	7.11273	6.31009	1.83809	13.3704	
5.91831	0.8778	28.3949	1.37146	0.560048	6.79047	4.62437	0.993391	11.4366	5.63975	0.648414	22.2683	4.30994	1.92446	18.6954	6.65687	1.97473	17.9421	6.0497	1.70658	26.9931	1.16395	1.01596	4.41008	1.5391	0.733729	5.29721	3.01076	0.915342	13.7293	5.04071	1.15896	23.1456	3.69082	1.13889	8.99715	4.8937	1.70247	10.3762	1.62004	1.91378	6.40605	4.01535	1.09933	16.3409	6.99853	1.28497	31.5928	6.96779	1.68205	24.9489	1.81941	0.773164	8.80308	3.93588	1.17171	19.3377	4.38388	1.61507	19.6919	
0.966811	1.76162	3.46218	7.96212	1.80895	24.008	3.31018	0.921802	11.7059	1.84548	1.83646	5.993	10.1521	1.58544	22.4179	7.70065	0.932776	21.424	2.76091	1.74677	6.93656	7.08934	1.32022	32.0422	5.47399	0.54037	11.7297	4.51221	0.598395	18.3665	7.73182	1.90443	37.995	9.18433	1.39576	39.5686	2.04989	1.20485	10.2248	7.06175	0.768259	17.0055	6.93547	1.69438	31.1918	2.13936	0.521022	5.90785	0.229547	1.54903	0.804409	7.3726	0.991001	35.3094	9.08894	0.655439	42.3266	4.93104	0.685464	13.0347	
4.94119	0.847556	16.8675	5.89518	1.00407	21.0201	2.72737	0.676195	6.59156	3.94931	1.96193	10.1953	6.30414	0.852577	23.7077	1.93578	0.851872	6.50034	7.40911	1.70876	17.7473	6.75388	1.79693	31.1466	5.68683	1.44029	11.814	6.24555	1.4621	22.8648	2.48507	1.34919	8.31215	5.32779	1.93822	18.5251	4.22623	0.62561	11.729	7.10202	0.520903	28.573	8.79448	0.809948	34.9063	7.53346	1.1203	20.3416	5.99082	1.81484	20.8683	7.38201	0.972049	22.6147	4.97448	1.76748	14.3259	1.46304	1.99734	3.38301	
8.83609	1.58923	34.0187	5.98213	1.49385	29.5916	8.83864	0.966133	19.7086	9.14194	0.822292	42.9482	8.68038	0.777526	36.9721	11.9086	1.14278	58.1504	7.00622	0.521937	32.9136	4.1344	1.26979	18.8225	5.03459	0.816857	14.6136	5.02467	1.59794	19.9571	10.339	1.41575	28.3061	8.47795	1.44034	41.7127	8.23952	1.42511	39.5725	3.69413	0.777422	12.5923	2.36286	1.91802	11.1152	8.17988	1.46586	18.466	9.37463	1.64408	36.1111	3.48029	0.72038	16.4352	8.85799	1.23933	26.4857	9.2737	1.40629	46.1013	
5.60379	1.46902	15.4402	2.81801	1.46315	8.5062	4.95716	0.561729	19.7271	5.59674	1.58202	12.7536	5.82255	1.29829	16.3648	7.87618	0.973461	16.0669	5.0168	1.60889	22.1678	0.880216	0.667857	3.91572	1.03461	0.738631	2.9623	1.94996	1.075	4.56655	6.41658	1.23169	16.226	5.25359	1.41491	16.1442	4.7333	0.532433	22.8066	0.725796	1.91209	3.47405	2.47099	0.857814	8.46523	6.08971	1.06235	25.9855	6.48512	0.888186	15.8571	1.04099	1.85431	3.50598	5.50582	0.541646	14.4608	5.21265	1.62186	25.8481	
0.764321	1.98027	3.77693	6.60344	1.78685	23.3393	1.63485	0.93619	4.65584	0.291451	1.614	0.704478	8.58471	1.1923	41.1847	6.11493	1.95452	26.7942	3.48123	1.96469	11.5758	6.06839	1.01553	12.7945	4.45482	1.5797	18.0517	3.89753	1.64122	10.6275	6.05836	1.77835	19.8419	7.59929	0.803502	30.3793	0.701108	0.860428	2.53179	6.14222	1.42601	25.0624	6.60077	1.70394	30.3538	3.38131	0.884914	8.64664	1.90487	0.806332	6.4133	6.46562	0.640367	31.0383	7.47558	1.90383	24.0827	3.25833	0.955276	10.0473	
5.93788	0.835413	26.3811	2.4491	1.21357	7.74107	5.14762	1.21088	11.5463	5.8776	1.8587	20.6967	5.45766	1.70521	27.1803	7.815	0.932463	15.6383	5.44508	1.76917	16.4801	0.446031	1.99262	1.18767	1.27487	0.893076	2.82944	2.36763	0.514973	6.53918	6.28308	1.93183	15.9639	4.93089	1.77893	18.3757	5.03185	0.761971	18.7803	0.450803	1.96412	1.158	2.7247	1.53208	6.67833	6.5098	1.88206	23.0094	6.85163	0.612327	21.1868	0.766327	1.05197	2.35102	5.20679	1.92251	16.3463	5.27221	0.859451	20.3037	
2.72427	1.78366	12.6128	7.91318	1.87757	19.2106	4.76503	0.526475	16.656	3.68235	0.811637	17.5713	10.5658	0.882874	37.3042	9.39331	1.62362	44.3705	0.641463	1.39953	2.65673	6.47038	0.875308	19.0751	5.04903	0.611803	15.2946	3.66456	1.7401	18.0397	8.99862	1.04269	35.3561	9.69747	1.69866	27.4715	3.25589	1.21625	9.82078	6.28044	0.797	21.399	5.3523	1.60851	14.386	0.541781	1.25746	2.68792	2.31936	0.99222	6.4393	6.54373	1.72052	21.602	9.72152	0.56907	35.5766	6.32356	1.34564	25.0107	


# This instance was randomly generated with the following parameters: 
# SIGMA_MIN=0.5
# SIGMA_MAX=2
# CAPACITY_OVER_DEMAND=1.5