10	20
1.43195	651.83	40.0631
148.383	1208	120.61
115.283	689.107	40.2202
133.874	1032.34	90.144
143.842	1125.42	110.52
85.0557	1086.62	115.028
154.088	989.38	83.0584
60.6384	859.983	72.0537
164.744	765.642	50.0809
19.7323	1236.82	143.759
2.49236
10.4384
3.25264
8.29763
6.70527
10.1657
14.5896
1.07291
14.961
8.6942
14.6127
13.7652
12.0334
5.22791
0.694682
10.4946
8.65435
11.9992
12.6414
2.31448
4.04605	0.688335	18.3383	6.92781	0.905047	24.8347	4.34842	1.90153	13.7504	4.00169	1.22253	9.00697	5.56765	1.84905	18.2765	5.75364	0.650816	18.4815	6.42659	1.00098	14.5777	3.98549	0.865025	18.9043	7.15873	0.85864	22.1238	8.20695	1.10847	19.9067	7.9504	1.7635	37.0494	5.34901	0.765758	24.9887	6.34876	1.03245	22.5998	9.48269	1.82712	41.8883	8.19011	0.639767	26.6672	4.43326	1.15028	18.9686	1.03659	1.37091	2.54413	5.26597	1.19706	19.6543	8.72763	1.91582	38.5203	8.70547	1.04341	35.3947	
4.66152	1.93554	9.94156	4.02073	0.642322	16.3176	9.73691	1.95918	37.9822	8.42741	0.945698	41.2696	7.90848	0.858051	25.5429	3.323	1.91318	11.6375	4.23206	1.99971	11.4724	8.94821	1.593	25.1013	2.34091	0.851276	6.85332	1.55449	1.21343	6.48004	0.660075	1.96808	3.08964	4.71905	0.571669	19.7461	7.7526	0.517498	17.8068	0.983954	1.76549	4.53608	1.68076	1.48896	3.74705	6.76316	1.25662	15.6755	9.1479	0.615013	22.0713	8.68953	0.684125	22.0368	1.21997	1.10783	3.63442	0.811814	1.59054	2.32806	
3.74637	0.660902	13.0382	4.80226	1.77286	21.4219	8.4396	0.96213	26.6647	7.12329	1.30113	30.2556	8.23726	1.99799	18.5818	2.12592	0.769271	9.16129	4.85967	1.67028	15.671	7.65884	1.03024	36.0621	0.843154	0.564067	3.31528	2.82999	0.587329	10.3582	1.00031	1.28389	3.41921	3.33782	1.30807	10.2717	8.24239	0.773748	31.5693	2.30454	0.860071	5.71747	0.475439	1.64906	2.02129	5.41097	1.04046	15.0079	8.54438	0.965671	36.0176	7.26754	1.22599	21.935	0.98323	0.950301	2.95598	1.1281	0.716571	3.55471	
4.17851	0.651854	17.3027	8.46922	1.49045	17.2834	1.57734	1.10166	3.37884	1.32222	0.742326	3.38839	8.14724	1.76846	25.1061	5.4956	0.829646	12.0575	8.02956	1.61078	23.8335	1.1648	1.00798	2.65277	6.81854	1.59871	27.4405	8.9667	0.929904	34.9401	8.11919	0.571765	19.5747	4.41675	1.29964	11.0725	8.85112	1.8095	29.2487	9.72425	1.43159	43.8559	7.91267	1.3144	29.0725	2.59827	1.39909	12.5793	3.75446	1.85505	16.9421	2.5579	1.63588	12.4828	8.58526	0.784249	36.3466	8.69856	1.47107	30.0179	
3.29129	1.18473	13.2945	1.59172	0.722988	3.87394	8.31687	1.13172	19.3257	7.21963	1.76829	32.228	3.77151	1.7884	14.9895	3.78604	0.543942	13.2022	1.14582	1.67963	2.55463	7.59441	1.67593	29.3994	4.44805	1.60806	19.2973	3.24193	0.690599	11.8757	3.96887	1.98917	18.0241	4.90688	0.559533	15.0396	3.80022	1.71379	11.4276	5.03346	1.05858	15.8731	4.93581	0.527332	21.2026	6.11898	1.83775	27.7218	5.68132	0.723019	27.981	8.05908	1.14923	18.657	5.066	1.87793	20.987	4.81429	0.716413	21.306	
3.15036	0.787469	9.19974	6.54722	1.53423	32.5229	3.89795	1.56863	10.7546	3.29653	1.94946	15.8847	5.82681	1.84386	14.0409	4.83498	1.23513	20.6893	6.06751	0.883938	18.8238	3.39228	1.52702	15.1324	6.24595	1.51825	19.0629	7.55366	1.21244	31.3824	7.14018	1.32253	16.3394	4.36125	1.0186	19.6979	6.53846	1.5484	21.9088	8.70295	0.863629	22.0777	7.29675	1.90828	35.8243	3.4917	0.749807	17.2395	2.00358	1.84093	9.10158	4.52903	1.8463	20.9343	7.86204	1.58363	35.8858	7.8656	0.544892	21.6089	
4.69415	1.61538	14.8022	4.45812	0.644094	9.46425	9.63428	1.04657	36.7213	8.31965	1.41663	22.1774	8.28679	0.623355	28.3764	3.23612	1.2884	9.16832	4.64711	1.41139	11.4853	8.84858	0.549614	29.8346	2.1012	1.91552	8.79952	2.02703	0.777565	4.91283	0.67439	1.53018	2.47376	4.56206	1.10946	12.1675	8.159	1.9178	24.627	1.04431	1.10801	3.88057	1.28742	1.05036	2.6171	6.62755	0.870127	17.174	9.30413	1.38054	43.5211	8.51541	0.830849	35.6031	0.751031	0.548777	3.55286	0.33869	1.31321	0.882411	
5.80619	1.11825	28.1724	4.88629	1.10169	17.6123	10.7634	1.83438	37.6682	9.44814	0.576557	25.6747	8.91207	0.678139	37.3352	4.36982	0.971203	14.775	5.17315	1.57652	13.4363	9.97856	1.51626	26.8099	3.19318	1.53154	8.64495	2.27182	1.23025	9.73224	1.75777	0.521866	5.74412	5.67938	1.67017	15.0761	8.68704	0.905184	29.6839	0.294922	0.748873	0.840804	2.23716	1.24514	7.21929	7.74934	1.58158	34.3233	10.3325	1.94414	32.3074	9.61755	0.866248	37.5203	1.51865	1.62461	5.5662	1.22645	0.816227	5.88837	
1.21285	1.12562	4.01052	3.50367	0.610764	15.9858	6.53163	1.22391	28.5356	5.33098	1.36548	13.7336	5.39482	1.72859	17.7071	1.88013	0.829341	3.92118	3.18671	1.04248	7.17696	5.76655	1.90205	15.5187	2.9905	1.41729	7.61308	3.75705	1.66339	8.60685	3.38809	1.07537	7.14856	2.78063	0.516264	9.13182	5.65531	0.624483	14.3675	4.89863	1.75919	19.6622	3.84526	0.60122	16.019	4.05014	0.890271	10.7538	5.24215	0.966734	13.6134	6.03835	1.56626	18.5095	4.26422	1.23141	14.8195	4.18102	1.52481	12.9252	
2.69961	1.20727	7.70988	7.28408	1.31126	30.5456	3.95179	1.00838	19.6052	2.66848	0.609107	5.89681	8.73892	1.83829	39.2449	2.81487	0.824196	8.6124	7.00172	0.802519	26.3902	3.21409	0.568773	15.0948	3.76831	1.88676	14.0685	6.74233	0.677495	17.875	5.37846	1.69542	20.736	1.33157	1.22478	5.50056	9.18581	0.728668	20.901	6.90142	0.511241	32.2584	4.79561	0.951021	15.2264	0.963568	0.916826	3.18237	6.1824	0.537069	17.6395	2.6583	1.43715	6.33089	5.52118	1.49661	22.9495	5.73812	1.77495	27.2065	


# This instance was randomly generated with the following parameters: 
# SIGMA_MIN=0.5
# SIGMA_MAX=2
# CAPACITY_OVER_DEMAND=5