10	20
150.381	1264.06	134.505
77.4166	1029.52	93.1185
15.1093	1167.55	130.963
153.595	969.449	79.4525
160.914	1107.42	119.79
8.90232	962.489	91.4184
131.053	1033.51	102.077
162.139	1065.55	100.624
136.223	895.049	77.5712
145.464	538.444	25.8285
14.7389
25.5422
1.63536
29.9472
31.3034
27.8389
22.3099
2.22714
10.46
17.278
15.5733
3.99109
11.926
2.37634
5.12645
14.6356
3.70153
23.0845
31.519
23.235
2.98086	0.759382	9.50629	9.67922	0.442678	40.5913	7.81538	0.320733	38.4633	6.78161	0.803515	18.3773	1.26543	0.272889	3.8849	7.79069	0.233372	34.0027	5.93302	0.74957	20.0721	7.99575	0.853652	36.64	7.48561	0.634238	21.4318	6.86011	0.883857	28.2207	4.49483	0.261436	18.2939	0.936695	0.449593	4.68225	5.94228	0.841755	24.2255	2.13013	0.230136	8.9365	3.36724	0.412503	7.02397	7.24824	0.979323	27.8994	3.10114	0.590797	9.1967	6.38635	0.29554	21.4227	5.13432	0.496983	24.162	0.637911	0.787654	2.74514	
8.83278	0.882044	43.6368	8.15533	0.421304	27.2461	5.85879	0.308005	22.4134	8.05582	0.972018	24.6711	5.75315	0.514105	22.7329	5.50964	0.178503	12.469	8.83184	0.819955	27.7676	7.23853	0.53262	15.9458	11.3241	0.242521	53.0175	8.38692	0.676552	28.8078	6.20282	0.355815	19.1742	6.72236	0.281065	13.768	7.23191	0.428836	21.0006	6.94532	0.962638	33.4716	4.70249	0.761762	14.0206	6.20073	0.320279	29.5339	4.12218	0.281853	14.3546	0.601763	0.938798	2.37298	1.94289	0.999999	7.40992	6.52672	0.594891	21.341	
1.98049	0.724695	8.52344	8.12197	0.935011	24.3748	7.39245	0.853286	15.2997	4.46413	0.99529	16.477	5.26316	0.337621	11.8424	7.60912	0.937233	17.9406	2.70676	0.24792	6.79963	6.59601	0.195593	26.7415	2.77438	0.203721	12.5626	4.26672	0.248802	11.4579	4.1232	0.240361	10.9825	4.2631	0.926145	9.78617	4.28202	0.326023	13.0912	3.31419	0.679969	14.7756	7.98778	0.590477	20.7157	6.50332	0.898395	16.6075	6.04844	0.370207	22.0556	9.49964	0.654155	42.1294	8.06755	0.734522	19.8437	4.7236	0.182412	14.639	
7.93716	0.297533	38.4113	8.90619	0.496412	36.2408	6.54418	0.792579	28.8827	8.13724	0.77522	23.1983	4.58887	0.89544	16.0049	6.24554	0.384048	20.8415	8.59588	0.710314	24.2216	7.74439	0.866777	33.7614	11.002	0.956893	53.5686	8.43514	0.727847	28.3275	5.95225	0.519319	21.1076	5.63775	0.189192	12.5435	7.23099	0.310068	23.7591	6.09298	0.473598	17.2633	3.14352	0.655125	8.17444	6.68091	0.485552	16.0032	3.25945	0.613536	9.03895	1.06236	0.965661	2.4338	1.53016	0.628041	3.58291	5.36612	0.371698	13.0464	
5.35381	0.175706	26.6327	3.43045	0.18972	11.1654	2.82751	0.279646	8.76369	0.605297	0.117557	1.51696	5.93028	0.360051	23.1988	3.13535	0.375038	9.05164	2.19444	0.469031	4.69031	1.83105	0.767856	6.15575	4.46902	0.476334	15.0563	0.962736	0.801813	3.28316	2.176	0.804768	5.78384	5.66798	0.479751	27.185	0.666026	0.817531	2.85727	4.56037	0.262733	20.1335	8.05653	0.171928	19.0819	1.92615	0.457741	4.38358	5.14883	0.798232	12.9862	7.24362	0.770993	26.6682	6.07073	0.2572	17.5733	6.02175	0.177737	29.6491	
2.56915	0.423283	8.08238	9.46965	0.248178	32.8487	7.67067	0.645126	19.0791	6.48348	0.818313	23.2755	1.4028	0.205815	5.62219	7.66568	0.67099	34.3279	5.57259	0.349576	22.8115	7.77814	0.532305	38.6556	7.08044	0.890081	19.4964	6.54723	0.660953	26.9716	4.26066	0.561825	13.7541	0.69913	0.726117	1.72366	5.66709	0.999572	17.5662	1.8018	0.267452	4.79672	3.7331	0.613427	12.8223	7.06799	0.395087	33.6077	3.17767	0.199169	7.85895	6.5743	0.787899	32.6001	5.27945	0.205145	25.0661	0.636963	0.844474	1.28134	
4.73886	0.542804	12.2461	11.0942	0.667366	40.768	9.05112	0.94627	37.8011	8.45627	0.440719	39.9074	2.3153	0.213474	5.98981	8.9628	0.828791	31.6318	7.73169	0.720027	24.3213	9.45068	0.38731	43.5275	9.31425	0.156538	38.9794	8.56699	0.43168	36.1888	6.05103	0.926693	26.0119	2.69583	0.413763	12.7815	7.57132	0.353252	32.4745	3.91329	0.900426	13.6109	2.44679	0.848793	10.0882	8.60364	0.232483	18.6093	3.83544	0.622343	13.4446	6.34088	0.970676	31.4745	5.36993	0.804844	13.3744	2.25829	0.709868	6.2167	
4.74085	0.728823	16.7921	4.8251	0.370433	21.3449	2.95044	0.847032	10.5087	2.84294	0.921391	7.06737	3.95886	0.252778	9.00999	2.98838	0.196403	11.9826	3.45185	0.859042	15.9862	3.18892	0.145715	10.9698	5.96178	0.695309	26.4726	3.12677	0.398911	12.3458	0.959526	0.334593	2.99634	4.03284	0.812785	9.42612	1.9191	0.518498	6.63838	3.23516	0.518647	12.8624	5.77889	0.495839	24.4175	2.35306	0.208183	5.73648	2.85031	0.740055	13.8624	5.07612	0.322483	15.3456	3.79989	0.326514	12.2367	4.26643	0.362556	13.6198	
4.15416	0.346824	17.8593	4.6694	0.352293	23.1435	3.91738	0.464789	8.04163	1.1271	0.106447	4.35647	5.22078	0.317907	21.0955	4.17509	0.114963	14.8595	1.14524	0.271199	5.2579	3.07662	0.178183	11.004	3.64326	0.342736	15.5462	1.15114	0.655559	4.72451	1.72268	0.191415	4.49166	4.77572	0.292856	21.9154	0.779805	0.586542	3.08249	3.59492	0.303771	10.4576	7.60183	0.820929	30.8699	3.01213	0.837421	9.81794	4.81315	0.82196	10.5895	7.45905	0.585034	23.9252	6.15446	0.930486	27.1429	5.17596	0.54715	19.5542	
6.02571	0.659537	26.7102	8.09065	0.226704	20.9929	5.77227	0.268251	22.4401	6.65535	0.209811	30.1673	2.77457	0.243872	12.1087	5.55967	0.806608	14.1841	6.87264	0.441002	33.5915	6.69179	0.832574	14.841	9.2069	0.452296	43.2324	6.91747	0.35172	17.7053	4.28748	0.878725	16.2478	3.77559	0.739267	11.8298	5.71028	0.2363	14.808	4.17714	0.929867	16.6166	2.40623	0.918312	10.928	5.65894	0.787834	18.581	1.35806	0.223319	6.4653	2.39752	0.276168	10.2767	1.21388	0.953344	4.8572	3.5514	0.130127	14.2458	


# This instance was randomly generated with the following parameters: 
# SIGMA_MIN=0.1
# SIGMA_MAX=1
# CAPACITY_OVER_DEMAND=3