6	12
37.019	1143.76	121.597
119.804	483.04	19.4557
131.334	765.389	48.5657
102.096	1249.26	147.374
51.9334	941.527	87.1509
39.2541	1007.18	85.3662
12.326
17.1026
30.0204
0.0139206
2.98372
35.1768
29.4626
36.6317
32.5592
7.04193
10.4165
41.0191
2.45239	0.579643	7.02902	7.33826	1.04531	32.9402	2.79257	1.43419	5.7169	0.967099	0.650744	3.61951	4.69675	1.36605	19.6688	2.82386	1.4896	10.16	5.0704	1.58115	13.72	1.82518	1.62941	6.54134	4.99498	0.55118	11.5159	2.56747	1.0977	11.5067	3.60625	1.04123	16.966	4.35583	1.38399	12.9233	
7.49583	1.1963	29.3185	9.56023	0.625678	26.2647	9.49494	1.91159	19.1838	8.31698	1.58444	27.9588	3.65992	1.88375	14.1721	4.97301	0.64626	11.4571	2.50553	1.22398	12.4927	8.78834	0.687374	34.3615	7.47487	1.539	37.2968	5.02915	0.50458	11.3297	10.4551	1.75377	22.3164	7.49952	0.991968	25.8057	
6.14483	1.48498	21.637	5.08129	1.33965	12.2774	1.04559	1.32895	4.06973	4.07817	0.630383	17.1881	8.01392	0.766486	37.2964	6.18058	0.881097	22.1483	7.75561	1.29412	16.8791	4.79064	0.971844	9.82626	3.89488	0.667135	9.36788	5.33144	1.384	25.015	1.0167	1.93419	3.26946	3.32904	1.31343	12.5642	
3.27984	1.77368	9.28879	11.5054	0.525815	27.4144	8.04678	1.01043	33.6006	5.293	1.47567	24.5715	2.59763	1.92848	12.4215	3.26975	1.74574	14.0789	4.34195	1.45017	14.5526	5.11277	1.73004	17.1097	8.92809	1.86114	35.6382	4.48404	1.79868	16.0021	8.84492	1.01255	36.2023	8.49139	1.84792	36.0257	
6.19033	0.646159	24.0321	4.00229	1.29789	14.5748	1.79912	0.765127	8.28296	4.33601	1.66344	19.4805	7.35522	1.88165	29.0352	5.63247	0.823583	12.4453	6.84233	1.6748	24.7617	5.17589	1.88542	13.0972	2.52753	0.750926	9.95941	4.6103	0.828118	16.1658	2.31222	0.789325	10.8477	1.96094	0.631845	5.68629	
7.29744	0.967438	31.4958	2.43245	1.27945	6.46814	4.12637	1.57032	18.7886	5.91403	0.550006	26.6018	7.12305	0.577148	18.0672	5.80825	0.991046	18.7778	6.06881	1.78238	26.3047	6.812	1.60093	14.2008	0.201617	1.62113	0.866049	4.59679	0.720961	18.3023	4.74567	1.04654	20.1855	0.704294	0.552253	2.83032	


# This instance was randomly generated with the following parameters: 
# SIGMA_MIN=0.5
# SIGMA_MAX=2
# CAPACITY_OVER_DEMAND=2