9	18
49.4479	1107.17	112.439
163.617	1041.67	99.3045
155.219	1307.64	150.463
25.9972	1049.25	102.951
129.323	958.34	82.8451
82.4271	381.564	13.5798
116.81	1008.12	86.5667
115.267	1024.1	93.7418
65.4629	1255.94	136.463
13.1685
55.5524
39.8438
8.99839
19.7919
16.9323
41.4745
44.8
48.0247
21.8606
34.3177
19.3014
37.3376
53.9065
47.8498
55.4795
26.7882
0.141318
9.46988	0.52167	30.1213	9.19813	1.04633	30.6926	6.1969	1.67859	18.7353	6.95359	1.68212	26.4151	4.09884	0.506106	18.5684	1.04846	1.23026	2.76575	4.19287	1.53041	17.0467	5.28618	1.26723	24.4634	2.35809	1.64794	11.4981	7.25912	1.48653	34.4648	3.53065	1.20734	14.5041	7.33269	0.696067	36.369	4.13352	1.96139	18.4947	3.32969	0.54572	9.05539	8.85666	0.935068	36.0675	8.60072	1.42696	21.8269	3.86654	1.01534	17.1341	4.58758	1.96462	19.2611	
9.89179	1.70184	38.3438	8.47018	0.556418	31.5375	4.87204	1.88923	17.8626	3.25526	0.804132	15.167	0.232903	0.55526	1.07923	4.7771	0.601831	23.41	6.614	0.644665	26.645	2.48107	0.658697	9.84348	2.06785	0.68258	5.85451	7.26853	0.67644	28.8412	5.49424	0.965015	11.1344	3.94919	1.43334	11.85	7.17782	1.47217	19.8915	4.82961	1.10559	16.2919	6.01329	0.656071	24.4937	7.50311	0.936519	18.7705	0.598631	0.885871	1.31281	7.68357	0.682256	35.9479	
6.07091	1.37333	26.2651	5.28599	1.00774	19.5967	2.33464	0.947458	6.14521	4.93134	0.794613	16.211	4.2105	1.36962	20.1858	3.7286	1.10797	16.3191	3.2637	1.99643	10.0224	2.90715	1.02401	11.8517	2.53677	0.793733	10.6818	3.55124	1.68426	11.2874	2.16896	1.95587	10.5945	4.7715	1.68774	17.0532	4.23254	1.6904	17.1642	1.49507	1.02815	4.41014	5.50638	1.11596	19.4286	4.63575	0.687797	21.5384	3.40066	1.32966	12.582	4.68156	0.837629	16.7472	
5.39518	1.90525	14.1169	2.64771	0.870062	10.5037	3.0461	0.86093	10.6892	5.274	0.502557	19.6654	7.55932	0.954455	23.1116	9.09138	1.26525	29.725	7.75023	1.46119	16.1659	4.86914	0.806581	18.6035	7.24183	1.94861	19.9542	3.88923	1.03324	8.6311	7.042	0.878939	16.4772	4.31077	0.842902	20.0618	8.90164	1.98647	33.526	6.6021	1.38495	16.1863	2.43593	1.62487	8.71195	1.72945	1.98874	7.82263	6.87469	0.866142	26.862	9.20964	1.94216	23.8285	
7.41715	1.43454	20.394	7.05121	1.20883	18.0665	4.18917	0.82248	14.6891	5.91046	1.30769	22.7176	3.99382	1.64356	17.7449	1.86796	0.824707	8.77845	2.83011	1.66722	10.243	3.95517	1.33498	13.1728	1.78659	1.01385	5.09861	5.12341	0.998194	20.5026	1.79459	1.4431	4.27393	6.02639	0.609355	17.6689	3.35461	1.51291	9.2741	1.31607	0.565606	5.66271	7.16789	0.749263	16.9028	6.48026	1.8253	26.639	3.37219	1.85202	12.2619	3.85955	0.9613	8.92924	
8.97608	1.10629	25.2397	7.15813	0.609954	20.9704	3.65475	1.23854	14.6074	1.535	0.835986	4.44057	2.04399	0.560183	7.2459	5.91151	1.74274	20.5994	6.9039	0.566246	27.2732	1.03394	0.744358	5.02774	3.08667	0.732466	8.81217	6.36143	1.30944	14.9926	5.75471	0.994963	23.2081	2.07612	1.34705	10.1963	7.70789	0.899637	26.1975	5.03737	0.84655	18.9398	4.14261	1.18986	14.2515	6.10265	1.5707	16.7735	1.66616	1.27904	3.90125	8.19823	1.00077	20.3087	
1.1972	1.43991	4.59585	1.68153	1.49837	8.33766	4.2395	1.27468	9.57389	8.26061	1.04684	29.9409	9.14565	1.96474	30.8927	8.26889	1.25181	20.3804	5.61619	0.763342	15.3576	6.85779	1.22425	31.6134	7.76998	1.36701	16.2416	1.68604	1.64115	6.55633	5.55138	1.88626	26.4722	7.50713	1.94609	17.8413	6.65574	0.576144	21.9283	5.55877	1.85368	18.6346	6.39541	0.719825	20.6594	2.54411	1.52527	5.45172	8.32031	1.47005	31.1603	6.75505	1.94279	23.4263	
3.15358	0.990775	7.95525	3.20257	1.2063	13.0635	2.92274	1.01177	12.77	6.96117	0.511906	23.5027	7.0861	0.775178	15.7075	5.79165	1.93285	14.44	3.35647	1.57935	14.6665	5.19019	0.732903	25.4719	5.45391	0.978541	21.9131	1.01665	0.663236	2.56998	3.10039	0.919137	9.21708	6.43129	0.752776	29.8331	4.48252	0.601914	18.899	3.07806	1.60808	9.37379	6.09176	1.18971	15.5557	3.18182	0.632665	10.7535	6.26026	1.64788	28.1152	4.69373	1.21603	9.57938	
5.33304	1.17721	25.4328	5.59185	1.59934	14.7539	3.88028	0.714247	8.47755	7.04957	1.90121	15.8342	6.00079	0.722702	15.0865	3.43076	1.58388	7.76813	1.23837	0.783334	2.48038	5.02707	1.78781	24.0238	3.93103	0.770438	19.6347	3.43461	1.55852	8.71491	0.675285	1.19812	2.22652	6.84594	1.42141	31.0132	2.35554	0.602772	8.093	1.01414	1.1659	3.59168	7.28863	0.957387	29.859	5.34929	1.38056	16.7099	5.25457	0.529915	10.6142	2.72628	1.96775	12.2447	


# This instance was randomly generated with the following parameters: 
# SIGMA_MIN=0.5
# SIGMA_MAX=2
# CAPACITY_OVER_DEMAND=1.5