8	16
125.322	909.181	77.6329
123.18	1184.55	134.463
106.408	1372.57	159.105
72.3699	771.223	53.0538
62.8633	1130.62	110.502
159.982	1061.02	93.5717
1.8855	1187.71	134.12
67.3391	894.373	69.0988
22.4989
14.1252
10.459
12.0267
1.85592
18.1486
14.4264
29.2658
16.8702
15.0828
28.7165
14.4829
28.2666
28.5042
6.40482
16.0477
2.90566	3.81197	6.18817	4.70132	3.2862	17.6308	2.95181	2.47363	9.15302	5.86348	2.56359	28.3529	8.35361	3.35285	26.6068	8.84563	2.50755	43.0018	5.21767	1.42371	12.5725	2.10199	3.52805	8.70158	6.21369	1.00686	28.5752	7.65867	1.69683	25.9522	10.7478	2.66095	23.7666	4.37646	2.18247	11.0367	8.63359	3.6372	29.7062	5.95741	1.19243	29.196	9.01166	1.67862	44.9544	7.49158	1.02406	17.6535	
6.37319	1.57057	15.6919	4.72555	1.06448	20.8175	1.69334	2.06498	4.60951	7.34278	2.77085	21.2425	5.26489	2.24046	14.1019	6.09061	3.66248	26.7575	5.74938	2.21639	13.2497	2.52573	2.18627	5.91614	7.73597	3.82959	26.6305	6.04056	2.78214	19.9979	8.30991	3.6174	35.1983	6.73035	1.60011	24.5707	9.23719	3.56478	20.4285	6.81941	2.47779	17.1156	10.1188	1.06331	37.4478	6.00171	1.43662	18.5679	
8.17885	3.57162	26.5956	5.09561	3.22789	22.0389	8.2409	3.86046	28.9041	3.69449	3.54927	16.0314	8.78536	2.98033	33.1949	7.99368	3.14925	35.0939	4.19582	3.04503	14.6781	7.99421	2.37204	36.9974	3.49037	3.52332	15.4611	5.35129	1.7729	12.5844	7.72421	3.35	29.944	5.63762	2.22174	24.884	0.667133	2.68457	3.24685	3.32974	1.06839	7.61185	1.58136	1.02739	6.87668	5.1374	3.7327	12.5661	
6.39903	2.19794	22.3625	2.50805	2.89093	5.59406	2.01627	3.95546	6.79181	5.47143	3.43924	13.2578	3.67172	2.41479	7.62574	4.01352	2.78561	12.4548	3.57014	1.5163	14.9791	2.74525	1.2336	6.66815	5.8372	2.45506	24.7933	3.21403	1.41244	8.12579	5.94158	2.1454	15.9223	5.6159	3.31355	20.8483	6.7057	2.23067	26.2504	4.64001	2.68579	20.7155	7.77354	2.59887	37.3409	3.14909	3.88352	8.19717	
7.38685	1.75172	20.3917	4.542	3.11608	14.5191	7.67747	3.56155	24.964	2.90456	3.7098	11.9322	8.68214	3.0879	32.4235	7.97847	2.61849	35.841	3.5755	2.31839	13.056	7.36311	1.4881	18.2499	2.6921	3.71406	11.352	5.27935	3.26817	22.6462	7.93929	1.30583	28.9241	4.84323	1.3343	20.4742	0.219633	3.71576	0.949321	2.63009	2.30304	8.17035	1.23234	3.79644	3.14525	5.04193	3.62013	16.2121	
8.26156	2.96965	35.243	5.4604	1.73195	16.9041	8.60308	3.52257	41.908	3.79972	3.39827	16.6985	9.29408	3.90925	40.1859	8.50851	3.91402	27.0085	4.51613	2.61165	17.2611	8.30943	2.85711	19.8918	3.55054	2.96297	7.23251	5.86102	1.69242	18.3494	8.22781	1.90387	26.2267	5.71425	2.3752	26.2243	0.936721	2.91208	3.58674	3.58255	2.7743	16.486	1.23202	3.72703	4.76991	5.64445	1.82983	14.8466	
6.31457	3.79	22.8256	3.13965	3.06019	10.5076	1.43478	1.42137	4.84775	6.02962	1.59079	12.2332	3.96801	1.97807	17.7636	4.5309	1.77615	13.8617	4.21476	3.61676	17.8569	2.38278	1.70014	7.55831	6.4102	1.65812	14.0699	4.08895	3.3363	11.0721	6.60914	3.91456	31.7165	5.90169	3.33419	20.2078	7.51206	3.12317	32.8874	5.3026	2.1226	19.6093	8.51944	3.8086	33.9057	4.04038	3.3337	8.91345	
6.04189	3.11077	13.9012	1.37677	2.58727	3.28668	2.76257	2.3011	11.7989	4.3063	2.98892	18.6274	4.28058	3.05379	17.8436	4.25773	1.63874	16.7387	2.35641	2.77736	10.9911	3.08414	2.46729	7.38918	4.6516	1.97557	17.4903	2.54944	1.88241	10.9246	5.7798	1.09151	24.3722	4.77562	2.35784	15.8088	5.37951	3.32727	15.6986	3.38645	2.31106	15.3552	6.45579	3.52855	25.9159	2.3857	2.22019	5.76453	


# This instance was randomly generated with the following parameters: 
# SIGMA_MIN=1
# SIGMA_MAX=4
# CAPACITY_OVER_DEMAND=3