9	18
90.516	1242.63	137.45
17.0981	765.51	53.5574
135.335	662.443	42.1886
80.731	1182.58	117.975
116.486	646.189	36.4165
117.057	1177.34	118.478
97.4726	898.054	70.9298
123.1	991.467	87.4269
102.987	778.614	57.6772
46.526
5.21063
24.0302
2.23858
32.4601
38.278
32.4056
16.4161
49.7146
12.9956
64.6323
11.5095
25.4643
22.2862
52.7716
31.1069
0.753121
12.6001
5.08034	1.88013	20.6517	3.0195	2.53453	9.84109	2.55796	1.47033	10.3335	3.61324	3.12769	12.4886	7.04764	3.86104	24.9756	8.15138	2.31558	23.2251	6.32315	1.42356	22.0482	3.2533	1.53512	13.257	3.37549	2.29021	15.5597	2.48994	3.50552	7.41364	2.94781	3.88255	10.6846	3.49604	1.43406	12.0088	8.77619	1.81314	34.171	7.46448	2.33631	29.7585	5.04277	3.61891	18.0134	1.12199	1.46899	5.45756	3.26351	3.12442	13.6197	5.65377	3.12656	13.8925	
2.65751	3.18164	8.25911	8.21981	2.80444	19.0156	8.60205	1.74621	42.9885	10.3698	2.85274	29.4136	12.7912	1.74123	33.0034	7.85116	1.07177	22.1475	12.258	2.08546	39.0685	8.70349	2.84233	27.2996	8.11621	2.84083	33.799	6.28883	2.7549	13.3201	8.0947	2.93324	35.2223	9.57475	3.52517	31.9245	7.95011	3.76201	25.508	9.7041	1.89857	31.8704	8.99847	1.58007	27.6084	6.62759	1.68017	21.8132	10.1599	3.12769	21.8004	3.75965	2.30392	10.3685	
2.88454	1.73807	12.8008	8.54922	3.94137	25.1769	9.13405	3.20185	38.2392	10.7901	2.27849	38.4226	13.0893	3.84616	52.1804	7.75738	1.41515	36.6142	12.5784	3.82977	47.1107	9.25175	2.05477	42.5493	8.41796	3.72938	28.9414	6.62194	1.2395	33.0159	8.64435	1.91423	21.548	9.93759	3.84762	39.3454	7.80455	2.76092	27.2789	9.76907	2.25604	45.1702	9.21664	1.25093	29.9351	7.14038	3.53688	31.5837	10.6038	1.42084	30.8342	3.80825	3.1569	17.004	
9.98069	3.09961	39.9716	4.30619	1.76634	13.4416	7.55473	2.32267	37.2246	3.47332	1.85889	14.9703	0.607564	3.26288	1.93543	8.88205	3.93457	41.9501	0.269533	3.25717	0.821164	8.40461	1.66614	18.6879	4.43184	2.74965	11.2003	6.23599	3.67319	15.2116	8.54892	1.64996	37.5769	3.12406	2.48605	12.5182	9.60545	1.32677	30.485	6.07597	1.03286	14.8513	4.1824	1.58828	18.6064	7.62487	2.51669	37.8413	4.16814	2.47316	19.5221	9.57094	1.55743	34.6334	
9.02992	2.03381	25.1329	3.49199	2.83871	9.67806	7.48372	2.59932	30.1891	3.57318	3.08582	12.3227	1.20327	1.33378	2.50699	7.67662	3.13857	21.8153	1.05052	2.33932	3.18078	8.35678	2.31395	37.0422	3.51109	3.68568	10.9406	5.37715	3.55093	24.744	8.41467	2.60732	34.9729	2.65601	3.23257	8.56586	8.39972	2.14638	23.1515	4.89038	3.62134	15.8811	3.01814	1.51506	6.47331	7.22171	1.5464	22.8465	4.27563	3.89722	10.3856	8.51989	3.99567	30.2028	
2.96728	2.77612	12.0863	5.9629	2.43298	25.8059	9.26307	3.36775	22.0291	8.89119	1.05789	27.0533	9.75281	3.08789	36.586	2.90439	3.2087	13.1639	9.46485	1.23177	36.3726	9.80007	2.785	48.1649	5.58478	1.96366	21.5137	4.56109	3.39591	20.7266	9.3218	2.566	37.6497	7.48417	3.57463	29.9955	3.05021	3.74246	11.1771	5.17622	2.82595	24.8211	5.54957	3.06311	17.8847	7.24586	2.39434	29.7993	9.03296	3.13055	26.1607	1.52041	3.91189	3.80236	
5.0476	2.92595	14.8349	6.64509	2.15507	30.5149	10.7405	2.26786	45.3158	9.62948	3.47238	31.008	9.60786	3.50799	47.4567	1.12024	1.38835	3.04838	9.48745	1.46758	24.2855	11.3694	3.97354	53.8603	6.17935	1.59697	25.0851	5.75142	3.15407	15.5385	10.946	1.88882	48.509	8.05931	1.41854	36.1509	0.969732	1.13743	1.95635	4.15488	1.87764	13.3192	5.54907	3.64119	12.0305	8.84294	2.8876	18.6831	9.9109	2.92466	45.112	3.58523	1.02615	15.4479	
5.00573	3.62021	11.0469	4.38038	3.05945	10.7236	8.97948	1.55793	40.0199	7.3155	1.04219	32.0443	7.1734	2.17301	21.1907	1.85786	1.42516	7.54193	7.03049	2.28366	25.4021	9.70483	3.18735	45.9443	3.88761	2.55908	16.5603	3.96991	2.1455	18.5604	9.36775	2.45442	28.8886	5.7013	3.06662	27.993	2.58311	2.55387	10.7134	2.24054	1.24534	6.47515	3.09063	2.77867	8.17682	7.30644	2.63401	31.264	7.66503	1.7116	32.5439	3.7472	2.49761	7.54309	
5.7611	2.30187	27.5175	3.97744	1.58198	15.4051	8.88042	2.63459	29.5652	6.78	1.37669	19.1525	6.25055	2.70241	21.3776	2.54949	1.11629	7.20819	6.1619	2.81132	24.0394	9.65483	3.39551	37.8174	3.47357	3.52899	7.3323	4.03394	1.02522	10.2414	9.37391	2.98031	28.4385	5.13304	3.39415	23.6856	3.283	1.61738	8.96364	1.38417	1.83773	5.81093	2.32821	2.4523	11.4534	7.37844	1.31024	27.2749	7.2013	2.71207	33.8769	4.60732	1.43722	20.7927	


# This instance was randomly generated with the following parameters: 
# SIGMA_MIN=1
# SIGMA_MAX=4
# CAPACITY_OVER_DEMAND=1.5