8	16
50.3278	1088.58	99.1989
117.564	1193.99	133.735
126.016	987.764	84.629
147.933	624.758	36.839
0.586294	1233.82	150.767
10.4554	613.468	33.2892
141.562	1186.02	129.487
96.0178	1261.93	153.446
11.8032
64.5779
35.9225
4.37158
11.231
33.6425
45.361
31.1557
38.2818
58.8736
19.5847
5.20891
41.309
59.4784
67.0031
19.7892
9.00258	0.794201	19.4427	2.49134	0.4263	10.6349	7.57894	0.103622	18.3825	6.97825	0.889651	17.1773	4.62181	0.874561	15.3466	4.49359	0.131834	12.321	2.87999	0.479656	9.76288	3.71043	0.484421	14.025	7.37202	0.287149	22.8966	4.29278	0.426585	13.5404	5.3959	0.698388	13.6835	5.07738	0.25755	24.4119	6.15604	0.854243	20.0484	8.29452	0.687683	36.8862	4.8088	0.716438	20.9953	3.37096	0.542308	11.3614	
3.8203	0.474468	13.3798	5.53368	0.706006	21.7001	1.17218	0.799164	2.3958	2.54773	0.826157	6.52836	5.72404	0.854191	18.0224	8.60858	0.292979	31.4315	3.75827	0.263447	9.10743	3.54491	0.542647	15.7923	7.00722	0.539931	22.3814	5.30237	0.128728	22.6015	9.59413	0.106521	33.5909	3.76776	0.873047	11.2621	5.95006	0.447742	18.0987	6.64025	0.850303	21.9573	8.44504	0.194203	31.6192	3.18289	0.650813	9.41532	
5.48558	0.585007	12.0913	3.35815	0.392313	7.59851	3.75634	0.319775	12.3531	3.51207	0.763237	12.9078	4.46308	0.92885	19.8456	6.22863	0.437221	19.4929	1.02572	0.385189	3.95015	1.36268	0.597538	2.86451	6.1115	0.41134	22.3803	3.43352	0.424207	15.3907	7.24876	0.667968	29.0792	3.21803	0.310496	7.78985	4.82088	0.472474	12.2709	6.35636	0.977259	23.1423	6.17896	0.342023	20.7555	0.661785	0.383426	1.65108	
2.05772	0.568771	9.93535	7.34904	0.192067	34.9909	3.11081	0.392711	13.2526	0.904659	0.654455	4.46466	8.34406	0.466651	29.0447	7.21157	0.462562	14.8542	4.50068	0.835329	14.754	3.4713	0.924675	8.39676	3.95713	0.272514	11.2107	3.76358	0.510174	16.7899	8.02489	0.150048	21.6676	6.69594	0.658728	27.2699	3.28392	0.897258	6.91959	3.2691	0.977202	7.61673	6.84379	0.836075	19.6614	4.66694	0.91732	12.1592	
4.08514	0.935222	11.9874	8.2625	0.802236	40.6264	5.57597	0.169972	12.5337	3.34699	0.821625	7.47245	9.71837	0.615846	40.4323	5.78652	0.366016	19.7943	5.29401	0.948753	12.9447	4.1586	0.513124	16.0479	1.49825	0.844963	6.1422	3.04829	0.762205	11.9872	6.38717	0.799479	31.8936	8.40075	0.469895	24.9071	1.42718	0.916914	4.82494	1.08649	0.741916	3.76911	5.29621	0.800793	18.7627	5.85007	0.401397	26.6416	
1.93259	0.635139	4.48513	7.8467	0.140891	29.4623	3.49072	0.914778	16.3711	1.36457	0.669108	4.3758	8.86623	0.972364	20.569	7.36441	0.191971	27.7775	4.97103	0.52201	18.4455	3.9131	0.424014	17.5601	3.75974	0.314809	12.3883	3.99133	0.221064	14.3293	8.1347	0.585619	31.6512	7.21868	0.812664	33.3684	3.25639	0.801146	11.7022	2.9087	0.113752	11.5849	6.96576	0.646854	22.4473	5.17258	0.678346	22.9615	
7.86286	0.888355	34.8615	2.87906	0.144134	6.3342	5.17504	0.295981	12.1227	6.26127	0.371958	12.6317	1.80095	0.213603	5.09209	9.05947	0.13766	24.7543	3.96474	0.581278	10.6753	4.82966	0.7632	15.1963	9.61238	0.201489	23.4659	6.8494	0.924684	27.6629	10.072	0.750909	24.7786	0.317101	0.424166	1.48607	8.32371	0.386139	36.687	9.77149	0.397595	28.1933	9.15992	0.966794	33.8325	3.08298	0.678901	7.74272	
4.96272	0.909987	19.5892	9.97682	0.15694	48.4201	7.00982	0.361537	14.1093	4.81644	0.125939	13.8677	11.4705	0.968799	32.0472	6.63057	0.748054	17.6714	7.02292	0.604167	34.5979	5.89537	0.635192	25.0187	1.69666	0.598723	7.88112	4.55707	0.254407	18.5276	7.00866	0.409809	27.1777	10.147	0.834303	49.2237	2.70131	0.433919	10.7402	0.684227	0.694898	2.63794	6.07728	0.446232	30.2748	7.60234	0.554978	26.2858	


# This instance was randomly generated with the following parameters: 
# SIGMA_MIN=0.1
# SIGMA_MAX=1
# CAPACITY_OVER_DEMAND=1.5