4	8
73.9719	891.771	68.9903
78.7348	768.407	54.2977
169.934	1148.64	113.333
140.469	994.437	86.1034
11.5624
10.3048
0.567452
10.5736
14.0163
4.34619
6.98921
6.18503
6.50661	3.97661	20.809	8.18988	1.24341	35.4714	1.42814	2.23717	3.66914	6.64775	2.7096	14.2635	12.1401	2.01116	33.1588	3.6793	2.95946	10.4859	7.62626	1.34484	34.3928	0.767196	3.6333	3.47149	
5.58107	3.16905	24.4497	8.37553	1.20866	18.2088	6.4828	2.76089	18.9806	6.19863	3.62926	25.7392	8.19747	3.77273	29.1997	4.03512	3.83843	17.5599	5.75018	1.60551	12.6295	7.03608	3.58666	31.4756	
1.51025	1.20156	3.85683	3.93701	1.07381	14.4071	3.59907	2.85507	17.743	1.82351	1.44913	7.85595	7.11891	1.07511	21.5844	2.44782	3.4077	10.7918	2.60291	2.1304	11.2829	4.2801	1.4734	15.3449	
3.66434	2.93126	14.3045	4.21496	3.95848	10.6185	8.64755	3.11832	39.6358	3.77955	1.88058	15.3765	2.07175	3.43764	6.58141	6.8993	1.6413	31.3382	2.53061	3.28386	6.39199	9.33446	1.1547	43.2716	


# This instance was randomly generated with the following parameters: 
# SIGMA_MIN=1
# SIGMA_MAX=4
# CAPACITY_OVER_DEMAND=5