12	24
45.7833	1077.24	103.343
113.869	1016.02	86.639
24.226	1006.61	96.0459
42.1824	1148.34	114.799
133.963	1035.14	103.7
24.9743	987.419	90.4183
64.9399	839.78	64.4766
122.633	873.848	70.0048
44.9745	745.293	50.3759
48.5969	1039.6	104.037
33.9358	1137.6	118.196
93.5664	891.512	72.9236
11.8516
10.7779
1.67292
1.78594
16.1294
2.63691
8.92564
16.5204
1.39825
6.04614
11.7422
0.650176
16.2534
17.0191
3.33974
6.27792
14.1868
16.8231
7.5499
7.59338
10.6531
10.3561
2.3379
12.4639
4.10916	0.257782	14.2018	1.55688	0.585623	6.67249	4.15364	0.581626	14.045	9.83021	0.315974	21.8045	3.82083	0.759561	17.176	1.2008	0.817187	4.82017	6.80711	0.5469	28.8712	6.32565	0.649617	26.5886	7.69866	0.388463	20.4446	6.73778	0.530984	25.4992	5.76512	0.246434	20.3476	1.70355	0.101458	7.24418	2.32324	0.101259	8.68972	4.65649	0.418631	11.0971	5.36186	0.130127	15.4579	6.8778	0.729964	17.2634	3.29598	0.652501	10.359	2.38343	0.128008	8.95793	1.66404	0.463999	4.91852	6.51556	0.582842	19.8263	5.09042	0.939184	20.7076	5.11381	0.31775	22.4657	4.13645	0.708764	9.9371	8.51021	0.332625	34.5073	
3.30112	0.585968	15.0552	8.11761	0.450186	21.1547	7.25151	0.506977	32.6933	5.98251	0.924437	23.638	3.14282	0.296676	12.2537	6.75091	0.553755	27.8956	6.48299	0.725554	31.5272	1.2135	0.264016	3.8118	1.41667	0.288826	4.25788	4.96913	0.813648	20.731	5.52482	0.707946	15.5084	7.64027	0.890706	21.4291	5.7174	0.772468	16.1737	2.45578	0.93536	8.37226	8.74822	0.723155	25.5474	6.63315	0.90963	29.9691	4.01119	0.155048	16.4631	5.46427	0.940519	23.1882	7.19333	0.582668	18.1267	8.92029	0.887971	37.2939	1.69199	0.795516	7.77847	2.52184	0.991037	5.54561	3.44488	0.149931	8.00784	6.8138	0.939785	30.2157	
4.81316	0.767039	11.5754	9.52132	0.466973	33.0535	8.7596	0.158695	17.7414	6.61809	0.246451	28.0945	4.62754	0.713908	21.4426	8.19438	0.381521	23.9254	7.80121	0.138696	16.5047	1.86432	0.526826	4.45715	0.576048	0.497529	2.74612	6.21928	0.312748	25.7067	6.92019	0.582986	19.6027	9.09186	0.199798	45.1877	6.81013	0.776066	20.7823	3.54263	0.106348	10.1898	10.2471	0.201535	33.7586	7.951	0.75908	17.0006	5.11837	0.251257	22.8605	6.56486	0.418552	15.2459	8.65604	0.44058	39.5939	10.3748	0.362697	40.1307	3.00864	0.283	11.781	3.34698	0.421542	11.3198	4.95742	0.335579	11.7038	7.90034	0.742164	23.9256	
3.22723	0.678327	8.0313	2.09873	0.324017	7.69242	3.55394	0.900923	11.2825	8.91527	0.750039	33.2903	2.99485	0.184322	10.5639	0.928431	0.973863	2.5261	5.96627	0.933119	27.8745	5.72167	0.208838	15.9764	7.06668	0.236264	17.4726	5.83234	0.168565	13.4162	4.89308	0.320421	23.737	1.79393	0.450243	3.60937	2.49795	0.794999	7.47712	4.11161	0.344943	14.4011	4.91423	0.347235	18.0587	6.04448	0.396772	16.0623	2.95713	0.626258	9.20958	2.46286	0.987139	11.7333	1.49989	0.780966	7.25076	5.9562	0.433964	12.498	4.41811	0.537301	21.3284	4.64074	0.930641	19.2996	3.24224	0.155764	13.3039	7.63466	0.294146	36.273	
1.03948	0.333225	3.3315	4.26216	0.769454	10.7823	3.08412	0.946406	10.5337	6.5136	0.167656	18.8983	1.29619	0.468412	6.42288	2.7751	0.829284	7.26928	4.0289	0.792904	14.9019	4.47696	0.142279	21.5197	5.61659	0.370924	25.6097	3.52188	0.32398	9.37926	2.84089	0.129816	6.39204	3.56139	0.675755	10.157	3.96146	0.497409	17.0896	3.33839	0.133722	7.39192	4.6518	0.282516	13.9537	4.14125	0.170852	13.4972	3.19479	0.891899	6.92338	3.78126	0.371483	12.972	3.0738	0.889326	6.76688	5.18338	0.677729	20.7391	3.09964	0.640775	13.7587	3.99715	0.322505	9.55515	0.952893	0.474031	4.19961	5.47012	0.212539	13.5459	
6.65665	0.725512	24.1943	10.9917	0.780979	52.5306	7.61918	0.266175	33.0311	0.936334	0.36091	2.93725	7.24427	0.649391	32.7709	9.58354	0.239585	22.7995	4.31553	0.608498	14.9542	8.07641	0.111774	26.5695	7.92598	0.178653	16.3946	3.68247	0.159222	10.024	4.86363	0.854788	11.0328	10.0974	0.533155	46.0804	10.8731	0.232805	50.3532	8.55617	0.181386	35.0081	8.16884	0.675607	26.1293	4.35694	0.954276	13.4035	9.55247	0.154174	22.0665	10.6501	0.102352	37.9347	9.63018	0.426721	43.6551	7.25555	0.334917	34.7669	7.65426	0.403183	34.7135	8.98875	0.255443	18.2161	6.53532	0.255136	26.7463	2.57177	0.226017	12.7621	
2.3136	0.704805	5.54651	7.46968	0.847491	32.7919	6.04912	0.595628	18.1346	4.90823	0.465407	19.0398	2.4332	0.544251	7.58944	6.01977	0.524369	19.6426	5.04807	0.90764	12.0641	2.39594	0.623621	11.1158	2.83635	0.71705	11.4734	3.53796	0.301552	7.24643	4.11342	0.194584	19.3787	6.86412	0.540947	25.4309	5.73629	0.336798	16.1369	2.84632	0.944049	5.85915	7.48932	0.659395	33.7193	5.19828	0.538098	18.4186	4.13275	0.289703	11.9865	5.48522	0.517645	16.1728	6.38772	0.890301	24.7688	7.56329	0.532872	33.693	1.9179	0.277777	7.62307	3.21316	0.678045	14.1405	2.39618	0.561926	10.4332	5.42796	0.762404	26.8517	
2.23217	0.630652	4.73415	5.67317	0.340539	19.5936	2.78624	0.664261	11.3059	4.86146	0.1557	13.8098	2.87857	0.207508	8.39134	4.25916	0.884682	19.0832	1.98886	0.331635	5.03532	5.54812	0.736695	25.344	6.35418	0.870302	27.5615	1.64576	0.317026	7.40974	0.788352	0.403588	2.2687	4.7958	0.191339	17.3744	6.03491	0.500605	14.313	4.91601	0.405289	20.6649	4.0282	0.824652	12.9088	2.11408	0.925426	10.5485	5.16766	0.879234	21.5068	5.85519	0.830562	24.1672	4.31891	0.925131	15.3247	3.99268	0.999941	15.0707	4.35068	0.155774	9.20521	5.55368	0.480669	22.4883	2.02887	0.223536	6.23989	3.42207	0.717636	16.1024	
3.32232	0.506351	8.94917	7.78049	0.779918	25.1099	7.31359	0.983601	29.2108	6.73501	0.173746	28.3779	3.00768	0.965602	14.5193	6.48154	0.655799	27.9401	6.90771	0.491428	32.0489	0.431923	0.38304	1.86306	1.38582	0.145349	4.43514	5.4735	0.349493	22.0071	5.87328	0.319754	27.9203	7.38411	0.114389	16.0519	5.10407	0.737	23.0804	1.81536	0.549572	4.66393	8.85123	0.253551	36.8883	7.05669	0.354803	28.2483	3.39864	0.648083	7.76718	4.85462	0.178342	21.1508	6.96183	0.135608	15.1976	9.14321	0.37178	26.3613	1.27312	0.590357	4.6868	1.76237	0.338537	5.80275	3.49658	0.46166	17.3816	7.4022	0.902318	28.1769	
4.33294	0.787515	21.5647	9.52083	0.392946	34.0064	7.40819	0.902682	24.1969	3.26492	0.988575	8.73313	4.6297	0.269914	19.8327	8.03782	0.878405	39.0698	5.32291	0.425332	21.8467	4.11548	0.965319	13.2266	3.74408	0.394902	17.9352	3.69655	0.541205	7.78145	4.83376	0.163197	11.4506	8.81957	0.602572	40.4779	8.04246	0.77893	38.0272	5.06463	0.240992	18.4015	8.63259	0.623416	23.8017	5.45986	0.538811	18.5882	6.43142	0.621678	22.6172	7.79158	0.713777	19.6037	8.32801	0.679481	39.9035	8.34695	0.938111	32.0282	4.14406	0.341672	10.3426	5.31494	0.521524	25.3631	4.34182	0.4193	16.716	4.87315	0.809897	18.051	
4.09962	0.500687	11.5814	9.25833	0.15329	25.2202	7.68094	0.141165	30.8711	4.57365	0.988154	12.5576	4.20936	0.397985	16.5276	7.81118	0.926741	26.7634	6.1103	0.790837	19.6855	2.92815	0.795504	13.3166	2.42975	0.681726	5.35032	4.47493	0.303488	13.3262	5.40465	0.297676	12.7293	8.65461	0.698258	31.0183	7.2967	0.358188	31.4116	4.1252	0.821698	8.84108	9.04372	0.244676	31.4088	6.25617	0.928161	28.5982	5.61669	0.382197	13.6683	7.04243	0.510048	34.007	8.17688	0.900026	31.3472	8.94739	0.413042	34.2551	3.25879	0.259336	10.3495	4.25991	0.556796	8.7168	4.17031	0.251281	15.8113	5.96166	0.503476	19.2413	
4.70851	0.249917	12.2246	9.23949	0.603579	41.2527	8.69087	0.717399	29.6667	7.01086	0.76627	15.0691	4.45332	0.77292	20.0104	7.9504	0.852669	34.2669	7.94137	0.632907	26.3567	1.46935	0.64445	3.27243	0.0835481	0.176451	0.241069	6.39517	0.666233	31.0008	7.00513	0.225234	20.3623	8.85323	0.880504	32.6872	6.3964	0.367215	16.8232	3.16718	0.545449	13.6594	10.2048	0.431384	49.876	8.09158	0.166673	35.6029	4.72242	0.824809	22.7305	6.15498	0.498512	21.7665	8.43086	0.529588	23.9177	10.4032	0.56438	24.1146	2.74191	0.969615	11.4158	2.90622	0.301576	10.8105	4.86775	0.833747	17.6231	8.15602	0.267148	33.1509	


# This instance was randomly generated with the following parameters: 
# SIGMA_MIN=0.1
# SIGMA_MAX=1
# CAPACITY_OVER_DEMAND=5