8	16
29.05	457.316	19.587
34.925	1387.91	159.92
96.9231	1206.85	120.932
114.88	1119.56	109.461
65.1362	864.586	69.2653
155.163	605.217	35.2116
164.596	972.522	83.6652
30.5395	1305.89	142.138
40.0418
42.3567
1.06254
59.863
40.7147
1.64096
45.1544
7.51121
4.9551
28.0499
8.09413
11.4505
59.3108
40.2939
63.6253
39.3283
4.14554	0.782069	8.79079	4.68855	1.81441	15.5095	7.01062	1.52173	17.5576	4.33942	1.23713	8.70549	2.45237	1.72144	7.64456	5.19491	0.836174	15.8173	2.57495	1.56363	6.26097	0.798013	1.7854	2.75874	4.51965	1.0762	16.1389	2.81232	0.874759	11.7125	2.30038	1.42142	6.17268	6.63364	0.964392	14.7015	4.586	1.5831	14.0321	2.12621	1.90833	10.3592	3.97829	1.21864	16.0904	1.88581	1.2721	3.95167	
4.02236	1.30025	10.6634	4.6463	1.3708	9.54053	7.08025	0.838893	18.5311	4.79622	0.971458	18.6936	2.54864	0.920408	8.84679	5.0712	0.791007	17.2428	2.5273	1.10998	10.3413	0.66724	0.752382	2.28943	4.32897	1.45493	17.7688	2.97051	0.508205	8.9939	1.80375	0.60061	5.81487	6.2769	1.44751	30.5773	4.91411	1.5841	22.2659	2.50127	0.934226	8.67066	3.89244	0.811802	16.0385	1.48864	1.02863	6.38029	
3.18407	1.89815	15.9169	2.79539	1.86011	9.30641	3.69656	1.99845	7.72818	2.63264	0.666539	8.56354	1.94032	1.83039	6.00472	3.72928	0.725653	15.5269	2.55552	0.855047	11.7062	3.63671	0.886885	9.48565	3.88015	1.41945	14.2494	1.41767	1.4447	5.54163	5.33742	0.639152	17.2364	6.84067	1.00122	18.968	1.00082	0.934893	3.60883	4.98704	0.788697	12.1001	2.8438	0.919095	10.0013	4.25864	1.30502	15.0698	
5.40618	1.66754	22.824	5.31066	1.70871	21.9424	6.36024	0.761978	31.6608	0.831408	1.20886	3.53204	3.39419	1.86504	10.459	6.19696	1.06599	30.3568	4.10679	1.47105	8.70035	3.86794	1.78247	10.078	6.06587	1.48842	19.7357	3.12611	0.738446	15.2918	5.78235	1.83906	25.0592	8.90221	1.74306	23.2604	2.42976	0.789843	8.44162	3.30324	0.673473	9.57898	5.08039	1.21263	17.556	4.98887	1.18644	20.6952	
5.10123	1.27442	15.0969	5.95333	1.61382	18.4043	8.62867	1.38683	41.2954	7.18639	1.5634	32.7738	4.47709	1.67652	13.155	6.02661	1.03793	22.9488	4.11146	1.61075	14.3691	2.76864	1.15306	11.2621	5.08209	0.966198	23.6454	4.98323	0.777948	24.2433	1.15919	0.529775	5.64851	5.86606	1.16343	23.9254	7.17288	1.25946	15.037	4.22544	1.36376	16.2805	5.1282	1.13368	20.3294	2.23995	0.610721	10.4811	
7.17655	1.27204	16.2349	7.72196	1.06084	31.4141	9.94144	1.48431	49.0474	5.80844	0.673106	19.2866	5.42599	0.762001	23.2578	8.22704	1.12954	22.3029	5.61342	0.637247	20.4686	3.79342	1.02541	9.30984	7.51043	0.779903	31.7557	5.70064	1.57318	28.0301	4.28308	1.88949	19.3621	9.2878	1.52628	44.2293	6.90834	0.71514	22.0597	1.685	1.41717	4.30857	7.01671	0.506315	24.3657	4.56385	0.967874	11.4843	
2.83834	0.75188	6.11022	2.09452	0.905561	7.13426	1.47915	1.11969	6.29619	6.78303	1.90576	22.0866	4.40151	1.32024	16.1265	1.94329	0.754434	8.59286	4.21602	1.63072	12.1978	6.07872	1.57652	23.4065	2.923	1.11072	9.77984	4.24115	1.08837	14.0814	6.77876	1.55077	16.8068	4.71516	1.51431	14.0422	4.80041	1.72656	17.9817	8.54275	0.740262	29.5915	2.87554	1.99258	11.2217	5.79655	1.68855	13.3857	
3.61253	1.88354	8.20502	4.09185	1.00765	13.2091	6.36013	1.39611	23.5642	3.94242	0.838258	18.2259	1.80584	0.775291	5.39385	4.65338	1.95505	22.2883	2.00731	1.56938	4.55717	0.621786	0.713511	1.94212	4.04617	0.880837	12.3888	2.15182	0.893784	8.13641	2.52431	1.32035	5.64227	6.36161	0.516237	28.3219	3.98667	1.51023	9.99706	2.51897	1.58165	11.3954	3.41692	1.81207	10.8209	1.81285	1.03706	5.74702	


# This instance was randomly generated with the following parameters: 
# SIGMA_MIN=0.5
# SIGMA_MAX=2
# CAPACITY_OVER_DEMAND=1.5