11	22
47.5736	652.131	38.4352
32.4089	371.364	11.5612
153.855	528.147	27.7807
117.571	1231.88	131.631
78.6332	699.335	48.1199
130.963	843.404	70.133
36.6202	765.85	54.739
26.4426	825.191	62.4463
105.66	1023.42	87.4128
161.374	822.563	63.751
3.91901	805.378	64.1799
5.45511
18.571
18.6005
8.49929
4.49851
10.7924
11.0542
13.0902
34.7859
13.1621
8.60016
31.8878
1.10454
1.24898
28.917
9.78929
22.8897
16.6213
6.11062
2.69445
27.7992
33.9225
6.14888	1.36031	26.6811	0.523318	1.49302	1.16419	1.46574	1.62354	6.73513	7.4441	1.60223	35.546	8.54379	1.59188	25.1309	5.22871	0.655158	21.9194	0.808158	1.6855	1.86259	4.05251	1.81698	17.1876	7.78372	0.546861	33.6377	1.24602	0.722759	4.75187	4.22581	1.10866	15.1774	6.60555	1.83873	14.0593	2.45481	0.80469	5.65239	6.82995	1.43673	27.3951	1.18622	0.937143	5.55107	2.57914	0.501584	11.6049	7.65844	0.867416	31.0045	4.28241	0.970483	17.586	1.95641	1.60391	7.49342	4.69251	0.958222	18.3653	2.55361	1.20419	11.1	3.27686	1.70513	7.98224	
1.83949	0.699225	7.56676	7.90199	1.10693	29.373	6.63964	1.74708	24.141	7.53841	0.692548	22.4366	0.928283	1.608	4.16677	6.64189	0.984909	25.8818	8.2591	1.93191	31.72	8.09507	0.532289	33.0083	4.30175	0.987053	16.1845	7.33366	0.584706	15.1566	3.89573	0.987692	8.49067	6.71165	1.8876	30.9681	6.0022	1.76535	25.133	2.53325	1.16808	11.9874	6.8186	1.45634	15.3636	8.70286	0.929005	21.4658	1.98251	0.558124	4.30425	4.05882	1.22881	11.3762	6.72834	1.51635	25.0675	4.97825	0.571451	20.6216	8.84231	1.23251	17.9974	5.43898	1.54189	27.1654	
5.30197	0.669453	14.4533	5.85086	1.86039	17.2465	5.9685	1.37269	24.4547	11.0555	0.933094	30.4203	6.98227	1.98883	30.3849	9.12147	1.53446	29.077	5.92042	1.16601	21.7497	9.25328	1.45705	43.8379	9.13252	1.40907	35.7166	6.69452	1.75682	25.5676	3.93754	0.623767	18.056	10.0467	1.12577	33.7868	6.31891	1.6387	13.372	3.53111	1.14092	16.8415	5.80329	1.76804	20.4738	8.55359	1.94077	38.7375	4.29508	0.652473	20.1428	5.93564	1.6298	16.0651	4.33831	0.914297	17.9982	2.00675	0.849334	6.92348	8.59529	1.15391	33.883	3.30904	1.50603	16.508	
6.23207	1.32614	24.4547	4.59867	1.00821	10.6372	3.40513	1.99323	14.5435	3.62885	1.33318	11.1845	8.01141	1.00353	21.3572	1.80856	1.42402	6.05355	4.93071	1.45975	13.5212	0.257931	0.774003	0.648685	5.46232	1.71501	22.2425	2.96654	1.30327	7.11124	5.59364	1.19324	14.7731	3.06089	1.6047	14.7095	2.85157	1.65987	13.7213	8.05221	1.0029	27.6352	3.70224	0.88409	14.8134	2.0592	0.997517	9.89894	8.5688	1.62253	19.9159	4.01093	1.27117	9.31185	5.33884	1.62263	17.7592	7.19494	0.997788	17.7792	2.21508	0.76459	9.03042	5.88271	1.27689	14.657	
7.11958	1.22402	21.6202	1.41761	1.48121	6.56293	2.33098	1.61213	7.42508	7.66122	1.96455	35.6634	9.48685	1.73175	33.8082	5.51979	1.1441	22.7271	1.39564	0.757612	4.92507	3.99208	1.48946	12.6834	8.43144	0.881562	22.5035	1.78452	0.63208	3.72238	5.26397	0.992282	11.0792	6.91191	0.573495	33.8933	3.18757	0.528701	7.97584	7.88533	1.56297	17.5611	2.13702	1.87089	7.11664	2.21872	1.09284	7.08895	8.70668	1.24185	42.5082	5.13675	0.925103	13.9099	2.97055	0.690294	8.89613	5.73444	1.73517	12.7172	2.12678	1.14045	8.16574	4.33077	1.55677	13.9769	
0.564285	1.33199	1.57772	5.8457	0.856884	13.5018	4.45779	0.814162	16.1031	5.99139	1.24843	23.1622	2.69879	1.0928	7.92124	4.65845	1.00437	9.84062	6.23045	1.77817	21.1821	5.90423	1.66998	27.7781	3.51549	1.67831	14.4997	5.11454	1.26948	17.9175	2.19475	1.76157	5.83735	5.04554	1.21958	17.5082	3.75579	1.91821	15.0131	2.82006	0.839331	10.7805	4.6722	1.95223	21.1916	6.44287	1.39136	29.8843	3.02864	1.52537	6.07498	1.79899	0.531726	6.66235	4.87483	0.500768	22.0136	3.94437	1.64901	10.7939	6.58252	0.609657	25.3446	3.82328	1.18734	16.1604	
7.19872	1.97101	14.7844	5.3757	1.56411	11.6541	4.33907	1.19376	9.50183	3.60162	1.54387	11.4338	8.87372	1.29182	36.9925	2.36128	1.03889	5.2392	5.66943	0.780382	24.3672	0.925916	1.85936	3.01723	6.04407	0.632024	24.9269	3.81026	1.89664	17.8632	6.62246	0.910553	15.7788	3.30812	1.68388	13.4369	3.86337	1.54357	10.0193	9.06689	1.7243	27.6856	4.61065	1.85947	10.6518	2.47639	1.76546	10.6814	9.56462	1.99247	42.8049	5.00937	0.553258	10.7422	6.25819	1.35098	23.4141	8.21056	0.524561	34.8289	2.59202	1.59064	12.7279	6.88065	1.01431	31.6849	
2.20643	1.86235	7.84969	7.72159	0.688402	20.4318	6.67276	1.38182	24.9555	8.55212	1.25311	24.4465	2.16939	1.38158	9.30483	7.40741	1.70573	15.844	8.03804	1.77509	24.8696	8.6312	1.30296	26.3799	5.48883	1.04859	16.2243	7.42724	1.3946	25.9626	3.65242	0.82229	14.8523	7.66608	1.94001	16.5128	6.21165	1.47369	21.2064	1.48609	1.08843	3.78189	6.78812	0.792424	29.812	8.9792	0.892808	19.1121	0.714042	0.517569	2.45741	4.44317	1.91844	10.8076	6.38447	0.994549	17.9459	4.21605	1.03941	10.0729	9.10335	1.26118	38.3368	4.9836	1.05335	22.6736	
1.4941	1.88329	4.16892	7.58465	1.93879	31.2257	6.23663	0.791447	28.368	6.84676	1.12766	14.764	0.934361	0.955861	3.43111	5.98018	0.644326	13.5889	7.95822	1.93197	24.3356	7.4883	1.3663	15.1464	3.63823	1.22391	17.3928	6.89651	0.7509	27.2551	3.69432	1.75713	7.84208	6.02192	0.572272	20.5509	5.5306	1.94486	21.9628	2.85916	0.95439	6.61472	6.44235	1.85821	23.353	8.18194	0.568666	34.3592	2.48755	1.69503	12.1059	3.54919	0.502261	10.2739	6.50702	1.32962	15.2942	5.0263	1.34067	20.187	8.32643	1.25616	19.8636	5.30041	0.504061	24.1763	
6.40537	1.14149	26.7295	7.63074	1.454	29.5421	6.1082	1.72601	19.4215	0.215048	0.893412	1.00585	7.18204	0.74527	31.0628	2.01991	1.43653	7.90619	8.01722	1.49741	29.0079	3.62649	1.17347	8.82476	3.52217	1.68151	10.3366	5.98555	0.534166	13.8101	6.94452	1.28205	31.6885	0.837145	0.787746	2.56201	5.17755	0.633815	15.8881	8.6702	1.37786	18.2693	6.46455	1.06746	20.8285	5.48026	1.39149	20.9094	8.84751	1.88378	29.6143	4.9472	1.49536	23.7478	7.9117	1.6577	26.9286	8.89673	1.22415	19.5403	5.63737	1.21781	19.7539	7.91679	0.508978	20.0364	
8.56329	1.17247	35.4861	2.73049	1.36148	10.7174	3.76623	1.00883	12.1245	8.53761	1.34855	20.1566	10.9211	1.41425	31.9264	6.52244	0.587745	29.1762	2.54996	1.07521	12.723	4.72217	1.05134	20.5916	9.68823	1.08029	45.2262	3.15074	1.06156	7.18728	6.70369	1.23249	23.1979	7.89281	0.600173	26.6948	4.56477	1.87783	17.5544	9.30601	1.16728	43.9539	3.58429	1.75218	17.1189	2.85117	0.527253	11.3517	10.1386	1.39002	37.2239	6.54405	1.41093	23.498	4.27647	0.788497	13.5868	7.0544	1.49186	34.7563	2.69847	0.819094	6.55681	5.69201	1.29956	20.6172	


# This instance was randomly generated with the following parameters: 
# SIGMA_MIN=0.5
# SIGMA_MAX=2
# CAPACITY_OVER_DEMAND=2