9	18
155.311	554.677	29.5761
110.695	1146.06	120.756
40.178	1180.85	119.004
128.745	1138.63	111.386
46.8585	1053	110.395
2.1644	477.675	22.5434
8.93172	1214.76	140.858
11.3568	756.838	50.5112
35.3147	1162.3	132.504
4.2403
27.6573
5.51933
18.197
16.505
22.5199
10.4385
6.95033
36.5898
25.9748
3.84357
2.27339
4.42171
9.34018
30.9127
5.50489
15.0288
33.2603
5.64676	0.728933	13.0603	7.33018	0.746947	18.1029	7.071	0.375489	17.0456	4.16875	0.236658	18.9502	4.36062	0.192537	15.1514	8.20194	0.156723	17.7492	8.1075	0.128926	17.0229	5.04544	0.382977	15.6196	5.4019	0.427344	25.9442	2.4639	0.444771	7.20315	5.42618	0.227786	24.1883	4.96973	0.193505	11.8455	2.70868	0.592995	8.2976	6.71231	0.386921	29.3081	7.9157	0.568711	27.2915	7.77562	0.575147	26.8513	4.04964	0.634631	12.649	3.48976	0.626095	13.4982	
2.95121	0.452596	6.91928	4.84621	0.831966	19.2872	9.42468	0.835608	45.242	4.66395	0.365787	14.8931	11.6407	0.293637	47.1362	9.43102	0.543526	31.7402	0.321943	0.858916	1.41084	12.0618	0.923412	35.2445	4.10618	0.396896	15.6378	8.90094	0.220364	43.425	5.91811	0.634431	22.168	3.38743	0.980961	11.2119	9.39815	0.687788	44.8412	6.75198	0.964177	30.3933	4.25737	0.485304	15.6538	8.95368	0.612296	20.4855	5.30807	0.479489	24.4244	7.10296	0.902846	24.4907	
2.42961	0.700183	9.21018	1.50671	0.904001	4.81435	6.3183	0.191434	26.9797	3.37449	0.961301	10.3574	9.7182	0.541144	21.4604	6.14894	0.144814	15.1398	3.05956	0.864735	8.33635	9.97596	0.344819	36.8534	5.65736	0.50013	16.7666	7.13716	0.808815	15.9813	3.16291	0.22044	12.6724	3.86955	0.848707	18.4832	7.59489	0.812369	21.6404	3.559	0.246653	15.5667	0.952542	0.79991	4.64741	5.69537	0.253796	24.775	3.55389	0.7229	17.4361	7.80979	0.368337	18.3648	
5.44091	0.600682	13.5094	8.42302	0.525459	39.2338	10.145	0.903225	31.7013	5.05368	0.30494	20.8876	8.34322	0.823941	28.0138	11.0115	0.186893	52.0799	6.84854	0.894356	30.1744	9.03767	0.991761	42.1574	2.86384	0.952721	14.1755	6.26672	0.183309	18.8845	7.32623	0.513983	25.8197	4.04232	0.901003	8.90138	6.613	0.79273	22.3491	8.80309	0.926535	41.336	8.624	0.906292	32.6574	10.5154	0.710326	29.6195	5.54972	0.456396	14.2138	0.517446	0.619279	1.95443	
5.76811	0.128261	28.6494	2.65236	0.458646	12.8895	3.31916	0.294636	13.943	5.44057	0.727192	26.4302	8.68752	0.246655	38.9811	2.46965	0.630288	11.0736	7.16575	0.259487	18.6798	8.63422	0.353827	21.7071	9.02396	0.547945	20.9031	6.8889	0.31395	33.2187	3.2017	0.185539	13.3683	7.07915	0.737685	26.0735	7.1655	0.703859	28.0998	1.78938	0.403581	4.45941	3.24278	0.739476	9.3126	2.21191	0.122781	7.279	4.95184	0.511735	15.0563	10.246	0.485709	28.3454	
5.99582	0.299619	25.3865	4.67859	0.274792	16.6936	1.51823	0.746109	3.84913	4.6127	0.89183	17.6619	4.72758	0.228822	10.3586	2.72497	0.484795	6.87373	8.41351	0.861844	19.2184	4.67131	0.420908	22.5994	8.37589	0.688713	29.7755	3.35137	0.209558	12.2968	2.83365	0.792169	10.5194	6.68324	0.924809	31.2832	3.47654	0.785781	16.7517	2.69523	0.224214	7.73627	5.5713	0.728663	27.5032	2.38464	0.910163	7.62537	3.8327	0.217598	8.81501	8.32093	0.995722	20.6139	
6.734	0.767611	20.3214	8.44324	0.807075	32.9275	7.86168	0.100066	17.1183	5.28873	0.594985	10.784	4.23343	0.938158	11.2896	9.05595	0.539641	27.9136	9.14025	0.597141	30.4701	4.96429	0.727854	11.3986	6.16889	0.466602	26.035	3.05679	0.573609	9.50366	6.50191	0.602031	27.0631	5.96916	0.779726	28.226	3.13507	0.687582	14.3327	7.74243	0.412025	37.447	9.03825	0.501731	19.8573	8.65622	0.146303	31.8449	5.17116	0.807355	22.9542	3.77536	0.295879	10.1073	
7.41784	0.498912	15.5618	7.45635	0.965476	22.9537	4.68375	0.727784	15.8452	5.70727	0.880173	18.1341	1.3969	0.928512	5.483	6.01741	0.116329	21.0491	10.0791	0.825522	36.1417	1.69291	0.323804	7.19171	8.55373	0.280542	23.607	1.58692	0.15579	6.38573	5.28019	0.640611	24.1194	7.43764	0.231261	16.0587	1.13563	0.646057	4.45825	5.85727	0.702747	22.3665	8.29053	0.250898	35.7123	5.76592	0.846296	17.7718	5.08443	0.237843	17.9664	7.22515	0.754689	23.7218	
4.10496	0.562855	14.353	5.78476	0.20267	19.7434	6.22298	0.182529	30.8209	2.57654	0.523425	5.91819	5.07615	0.165396	16.9477	7.20526	0.958079	14.6255	6.6455	0.245696	16.9022	5.6535	0.942817	15.5025	4.48183	0.270748	12.287	2.49935	0.962807	10.7667	3.99798	0.921185	9.98214	3.61235	0.92794	12.4327	2.94824	0.435088	6.18095	5.37804	0.129988	23.8087	6.33866	0.707477	27.0456	6.73643	0.28015	30.639	2.48481	0.103247	6.74817	3.58548	0.721256	14.6889	


# This instance was randomly generated with the following parameters: 
# SIGMA_MIN=0.1
# SIGMA_MAX=1
# CAPACITY_OVER_DEMAND=3