11	22
41.3685	1133.27	114.708
97.458	371.899	13.2377
58.9513	389.108	14.6911
118.907	1025.49	95.0421
64.7604	793.693	61.5897
33.2143	1231.04	139.491
100.811	564.509	27.3925
7.21306	1078.78	105.676
126.357	906.438	81.872
6.01563	978.071	82.8026
113.626	403.898	16.2947
3.92413
12.2722
7.84127
4.97925
2.72953
10.5441
6.30937
7.7398
10.487
4.66663
13.0628
1.87685
6.6962
2.33604
11.1445
12.5957
0.379549
5.03754
5.29193
1.64171
12.7164
6.28706
4.04421	0.24856	17.3953	3.6566	0.796662	15.3056	6.68306	0.158101	29.7106	7.02854	0.832187	15.7085	0.395518	0.588927	1.67508	2.02182	0.562487	7.97537	4.22935	0.22986	19.0145	4.98754	0.827192	13.2922	7.7462	0.552595	25.6398	2.87687	0.503524	6.28305	6.33077	0.129996	23.1432	5.66522	0.942058	22.7487	5.18655	0.654769	18.1301	5.10568	0.532143	19.3068	4.40727	0.532555	20.8536	7.54811	0.620541	23.7729	4.98406	0.171172	24.3547	7.82824	0.862067	38.3288	9.07609	0.271091	35.9881	3.29266	0.281797	14.4351	0.975964	0.274387	3.6794	1.82216	0.919832	9.05935	
7.87905	0.646971	20.5073	2.71777	0.912689	7.48127	4.36313	0.61055	18.8197	3.86912	0.603324	9.23968	3.85398	0.695372	17.5587	4.23297	0.672218	16.4512	8.38727	0.455507	26.1061	5.64398	0.12013	20.8369	5.20148	0.213272	17.7164	1.8898	0.393823	4.40905	6.80088	0.233593	25.3726	4.84351	0.84044	17.4383	1.2575	0.460231	3.96463	4.91827	0.736994	15.2652	3.22117	0.403106	16.071	5.32368	0.504234	14.9181	4.82783	0.957742	18.5181	8.8951	0.616097	27.0796	9.45428	0.84077	32.3886	3.14539	0.640693	10.6239	4.53612	0.263626	11.5587	4.99018	0.305768	19.233	
7.54206	0.414114	16.3886	7.11158	0.258077	30.419	6.73977	0.751794	28.4019	8.13023	0.780793	21.7575	8.87692	0.929904	36.6397	7.02118	0.459541	22.2762	9.01449	0.249422	34.169	4.27576	0.597117	18.029	7.00142	0.382866	16.5864	10.3176	0.660042	38.7236	2.99936	0.416264	7.41769	5.10682	0.935274	18.4648	9.38589	0.432425	18.9444	4.87784	0.205335	14.8867	12.3633	0.619732	42.504	6.4235	0.420234	24.4884	4.96725	0.258133	16.8734	1.19743	0.647157	2.43755	0.961351	0.200428	2.04745	6.8289	0.510691	31.8325	8.04495	0.606872	24.6336	7.25235	0.879162	26.1664	
7.70888	0.231914	16.8521	2.88651	0.265299	11.8207	1.36916	0.539484	2.82296	2.74901	0.637654	11.1619	6.04679	0.77366	18.6232	4.60559	0.66649	22.3729	8.92371	0.353708	24.7245	2.68177	0.70855	8.33448	2.03994	0.494062	5.5597	6.17537	0.597717	16.0987	2.84912	0.575462	7.56475	0.871314	0.84417	2.14481	4.22386	0.836411	12.7933	1.68791	0.875134	5.93396	8.05668	0.63607	39.3827	1.5414	0.350478	4.20114	1.76006	0.199017	3.57237	4.88239	0.469433	11.6787	4.82476	0.520839	23.8938	3.08676	0.194849	12.9425	5.7909	0.734378	12.8217	5.44349	0.62812	26.8294	
2.65097	0.966863	10.5091	3.45615	0.332811	12.3945	6.09319	0.833876	28.9022	6.8909	0.268911	30.8788	2.44117	0.44131	8.64777	1.17367	0.291196	5.63482	3.65179	0.684461	13.7811	3.14781	0.611426	13.964	7.11801	0.28121	17.9077	4.73568	0.456202	14.4986	4.34802	0.366939	18.6308	4.4636	0.762457	13.7155	5.91313	0.60172	13.7836	3.70416	0.924986	16.3138	6.59095	0.621778	23.1286	6.75871	0.920326	23.4731	3.60291	0.58057	16.653	5.53895	0.59727	11.4585	6.92923	0.318674	20.9217	2.86298	0.927797	12.9693	1.43792	0.775802	6.94512	0.591473	0.402242	1.80557	
3.249	0.205246	11.3716	5.72964	0.552201	12.4295	7.26088	0.371869	27.6697	8.46214	0.702965	38.1091	5.78359	0.520001	28.5585	4.22901	0.394842	9.6979	4.70895	0.921385	21.1489	3.37141	0.328805	15.9347	8.0566	0.701065	33.2036	7.96544	0.362052	34.6282	3.51839	0.712104	13.5405	5.21119	0.898831	24.4713	8.41794	0.43514	24.4053	4.45	0.69775	18.9196	9.8955	0.919442	33.0349	7.53547	0.800691	29.3087	4.43294	0.686546	21.9527	3.20437	0.934036	10.6446	4.91695	0.296671	24.2371	5.17725	0.606241	17.7094	4.77213	0.229387	22.7964	3.93201	0.848711	13.0773	
9.67922	0.958096	31.9546	4.06723	0.838168	9.54672	1.06448	0.40236	4.53218	1.39199	0.176076	5.32433	7.35644	0.407727	21.8912	6.26289	0.246264	21.6408	10.8021	0.890774	53.7717	4.80936	0.821674	15.5218	0.183199	0.749675	0.670701	6.73478	0.542232	26.8719	4.93001	0.552335	23.1602	2.96457	0.554161	9.74832	3.95401	0.322434	15.5979	3.76746	0.166423	16.9385	8.3061	0.578025	18.5086	0.746074	0.364309	2.77686	3.81585	0.938579	14.8953	6.83338	0.267408	18.775	6.42173	0.556781	20.2063	4.50802	0.996134	18.6797	7.34696	0.72457	35.0481	7.17309	0.319785	15.8303	
5.82991	0.409058	16.2745	0.277099	0.916627	0.813667	3.24189	0.665755	13.3993	3.77575	0.981628	11.4393	3.10168	0.18601	6.41556	2.09485	0.293529	6.45027	6.73447	0.273006	29.4355	2.78844	0.675077	11.2992	4.30708	0.149695	10.9098	3.39389	0.73419	16.4599	4.02085	0.569475	8.06485	2.46286	0.524793	5.89097	2.92885	0.857427	7.78294	2.22176	0.508359	9.58272	5.41026	0.263082	18.209	4.0995	0.624422	19.4403	2.1109	0.588603	5.75749	6.05839	0.491009	22.0003	6.77522	0.340069	24.8903	0.332236	0.133542	0.823207	3.07063	0.288445	12.9466	3.03006	0.55163	10.7141	
6.16645	0.933221	29.058	1.25329	0.890396	3.24042	3.99367	0.885676	16.6109	4.11806	0.194319	8.24855	2.5557	0.674532	5.27592	2.4325	0.292701	11.3569	6.82586	0.401647	25.5135	4.01721	0.146263	14.0774	5.0204	0.74394	13.3965	2.13875	0.171239	6.80583	5.28224	0.816486	20.1108	3.66598	0.27262	12.8493	2.36604	0.404278	10.245	3.49009	0.528482	17.3985	4.14157	0.144171	13.3987	4.93666	0.183302	13.4961	3.38028	0.678319	6.9726	7.28927	0.326768	25.5798	8.04481	0.132763	38.1084	1.44717	0.800165	4.17106	2.95012	0.958295	12.9282	3.25468	0.468121	14.0213	
5.32739	0.166149	20.8544	4.46999	0.269343	12.0814	7.41031	0.707128	29.357	7.48701	0.510125	33.6788	1.56128	0.605491	3.27163	3.41803	0.656745	13.4075	5.19508	0.435383	15.6983	6.33008	0.151256	28.8604	8.44464	0.458531	19.1972	2.27175	0.844006	9.81743	7.69062	0.941083	33.0897	6.73778	0.536648	18.5805	5.23446	0.720276	16.3361	6.28834	0.484274	13.052	3.17815	0.116631	14.5753	8.33935	0.256392	23.8985	6.1656	0.700906	24.585	9.29244	0.692002	45.3239	10.4735	0.141217	34.3177	4.27318	0.827403	19.1449	2.49189	0.270078	10.0175	3.33906	0.696547	13.9692	
5.03735	0.513686	22.1665	5.23789	0.449619	14.3115	5.94088	0.525281	28.9963	7.26523	0.819087	24.5457	6.41142	0.762283	19.7897	4.59021	0.665496	16.9042	6.51157	0.440821	27.6288	2.34845	0.616933	5.08993	6.57455	0.700389	27.568	8.12977	0.421352	19.7857	1.78539	0.334253	7.12905	3.924	0.508273	8.21744	7.81247	0.869613	30.3399	3.33079	0.123853	14.5375	10.162	0.257155	46.4477	6.01386	0.146118	15.6003	3.36688	0.135774	14.635	1.40841	0.396101	6.58409	3.01149	0.936329	12.7886	4.81295	0.400877	13.8899	5.52041	0.125719	12.0654	4.70297	0.956401	14.0093	


# This instance was randomly generated with the following parameters: 
# SIGMA_MIN=0.1
# SIGMA_MAX=1
# CAPACITY_OVER_DEMAND=5