6	12
10.546	1250.08	153.87
10.4545	998.73	84.6579
42.309	1200.31	131.554
163.522	1192.82	131.68
146.706	843.873	66.7702
104.496	795.689	55.4041
20.8124
54.5028
50.4502
58.9676
43.0041
16.6924
35.9137
10.802
60.8116
29.7586
26.7058
7.53551
3.76491	1.21391	17.0093	3.82777	3.6175	10.1611	3.63311	3.66342	14.1859	4.89246	1.54666	10.3821	6.7043	2.98348	18.178	3.46367	1.41974	16.0473	3.59385	3.16686	9.5872	3.4156	3.8346	11.1927	2.0773	3.04135	6.27866	1.41814	3.58398	3.52338	2.18198	2.93036	5.46982	1.79062	2.49566	8.03075	
4.41068	1.1311	11.3223	7.80429	3.31707	29.583	8.77751	2.78834	21.1277	4.54337	2.70191	20.7863	6.36702	1.83323	14.6939	8.42634	2.58108	32.235	5.37534	2.19148	15.8787	8.235	3.62673	23.4496	5.60909	3.04551	25.6169	6.23431	3.09782	28.8313	5.64869	1.10869	21.6352	9.25534	3.95959	42.0407	
2.21641	3.90064	7.07747	1.395	3.45242	6.70417	2.17976	3.99156	7.85135	2.49529	1.71717	6.65958	3.73775	3.4564	15.8484	6.25663	1.58319	15.4804	5.03986	2.85065	21.7782	6.16302	3.43905	18.0522	2.17138	3.71441	9.57612	2.88802	2.93646	12.9306	3.43509	1.17975	7.25027	3.62205	3.52937	12.8236	
2.75915	2.17323	9.52147	5.27278	3.14754	10.9376	6.38804	2.66924	29.1806	1.91513	1.92623	8.56263	3.19038	2.80625	13.8424	8.60561	3.33754	31.4419	5.93041	2.70029	25.6737	8.43982	2.01998	20.6676	4.50469	1.18014	12.5979	5.45063	2.53239	26.8615	5.26091	2.58839	20.8124	7.78407	2.04853	31.5599	
1.10264	3.44483	3.25222	4.61444	2.88386	16.0181	5.49574	3.95169	11.0247	1.9396	1.11802	4.66738	4.43866	1.75487	20.2684	6.2161	2.76051	27.2042	3.57315	2.19789	11.7467	6.048	3.78647	22.1531	2.3922	1.15758	6.68994	3.21779	3.91438	12.2557	2.90237	1.98107	7.90965	5.99001	1.68752	21.0435	
0.694621	3.17806	2.53641	3.25679	2.27447	7.304	4.25374	3.29574	15.3191	0.745318	3.44609	2.16978	3.18226	1.82637	12.764	6.72256	3.77012	26.1744	4.54842	3.40953	20.3166	6.5797	3.08121	20.9552	2.32206	3.39704	5.97243	3.31923	3.55908	7.12467	3.37522	2.51159	13.7817	5.39926	2.32556	18.0243	


# This instance was randomly generated with the following parameters: 
# SIGMA_MIN=1
# SIGMA_MAX=4
# CAPACITY_OVER_DEMAND=1.5