6	12
20.9647	1060.59	95.1062
131.884	1154.81	113.66
131.472	1126.79	126.893
57.7519	728.797	46.2723
176.303	982.772	93.7372
78.4412	971.336	92.6299
19.4143
10.3093
18.5326
30.7321
33.2883
1.25303
16.418
1.25036
24.9071
6.58235
17.9329
8.81252
5.42495	2.42396	25.4392	5.86092	1.79198	22.8816	6.58428	2.71511	26.6263	8.60046	1.58857	17.7655	6.30049	2.4929	18.8541	8.22232	1.73504	38.8386	3.27418	2.55605	11.1979	4.64411	2.6136	21.5064	5.94331	2.34886	23.8091	7.1728	2.97174	17.9728	5.39315	2.67991	19.761	5.03676	3.20446	21.9342	
5.44563	3.19275	22.4168	6.67059	3.82074	28.4578	3.25042	3.88633	14.2013	8.50263	1.44389	29.3767	3.43789	2.52418	15.9982	6.22963	3.17161	27.4999	0.582957	1.34546	2.60565	3.94468	2.22732	17.3883	3.57588	2.92486	12.509	5.04023	1.37691	15.8401	5.1338	1.4345	10.5037	3.941	1.80646	13.5386	
4.91463	2.44457	13.9327	4.29464	2.88147	12.6605	9.39971	3.35355	24.8397	1.77107	3.84427	6.59815	8.29028	2.87264	17.0789	5.94897	3.30586	12.0386	9.7899	1.78789	22.8567	6.3194	1.2773	13.3768	7.48244	1.89043	33.2315	6.55461	2.53945	25.4275	5.15126	3.58847	15.5478	6.34073	3.99534	16.3258	
3.64487	1.4804	7.41638	4.64259	2.24813	19.2375	5.13304	1.46475	10.3055	3.25159	2.78699	6.85657	4.11876	2.05074	17.161	1.28271	2.13649	6.03379	6.74538	2.82281	20.9247	3.87553	2.71521	7.97121	3.54522	3.43177	15.7986	2.19445	2.84996	5.64104	3.41178	2.71401	9.18917	3.50191	3.40288	7.14931	
2.65369	3.37283	9.42667	2.1701	2.33794	4.71946	7.52539	3.70864	18.3775	0.824652	1.0535	4.06854	6.41102	2.58317	30.5945	4.64095	1.56165	21.6524	7.56495	3.54522	28.7591	4.10622	3.25658	10.9653	5.54765	1.98579	20.4867	4.89983	3.23911	21.0829	2.91852	2.77626	12.758	4.18998	1.90291	13.4461	
3.37883	2.23355	12.2506	4.88605	3.53724	10.0044	2.5417	1.31834	10.5096	5.13934	2.60123	18.6717	1.44287	2.69969	3.18476	1.84883	2.60074	8.13045	4.18445	1.1683	10.3051	2.4236	1.3964	9.45245	0.815921	3.98995	2.08452	0.666361	2.91493	3.12976	2.94019	2.48886	7.85447	1.89509	2.22633	6.10818	


# This instance was randomly generated with the following parameters: 
# SIGMA_MIN=1
# SIGMA_MAX=4
# CAPACITY_OVER_DEMAND=3