11	22
178.494	1380.13	158.163
53.073	933.97	84.028
5.49666	1133.5	107.038
127.496	1178.11	115.045
166.721	519.72	22.899
19.5568	1236.08	140.214
75.3131	671.265	43.0706
170.584	1226.96	125.054
55.5316	629.95	36.2931
123.776	1134.96	126.804
48.196	1092.01	117.152
3.12479
6.33272
1.81042
4.51537
4.95629
5.50063
7.74338
0.457187
4.63661
0.920987
3.06315
6.36325
6.16241
2.99054
6.11686
8.25267
4.63996
6.59887
7.75358
5.5215
4.00668
6.10831
1.50823	1.67228	4.15064	3.14866	1.0945	7.43409	4.61819	3.0005	21.0003	7.50659	3.29293	28.312	7.366	3.8929	17.8685	2.90814	1.69264	12.9725	6.89018	3.64809	30.9691	2.91713	3.56468	12.4632	7.34289	3.65783	19.697	4.96341	3.91316	20.4734	7.42136	1.22187	29.4874	3.53798	2.18255	7.07655	4.79669	3.47194	14.0526	6.27888	2.76012	19.1166	2.62288	2.17389	9.33309	3.88086	2.7241	16.0633	3.7273	1.76903	11.8835	5.69372	2.89482	17.1466	4.91038	2.89254	13.0889	4.86521	1.3176	13.197	1.89407	1.14165	6.28759	4.97999	3.73833	24.071	
5.41166	2.48484	21.2635	6.78079	2.26287	28.641	6.53186	2.426	27.1566	5.07438	2.38211	13.2578	3.06877	1.64688	10.1386	8.63958	2.16723	34.1952	7.90212	3.43766	25.3929	7.5061	2.50482	35.4066	4.94549	1.78087	15.013	4.48535	2.96013	13.0393	2.768	3.7131	10.5855	9.17676	1.26511	38.8763	8.16283	3.3602	37.7208	1.75901	2.15765	7.66713	6.18303	1.52463	25.7836	7.86414	2.05956	16.6413	5.39039	1.35293	16.9629	0.91758	1.61859	2.29578	9.52023	1.68241	38.6985	7.47072	3.35185	27.3207	5.16773	1.32623	11.4365	10.4009	2.76483	51.8526	
6.07211	1.15124	27.1662	5.18266	1.11672	22.3978	11.0017	1.45522	39.9884	1.63257	3.61852	3.62237	3.90941	3.01838	16.2257	7.9122	3.62426	23.4863	2.54415	2.00561	8.81099	6.14944	3.00429	20.6661	1.67445	1.5494	6.6173	2.7799	3.44387	13.2122	4.31709	1.9462	16.4861	8.06327	3.09772	19.1661	11.9627	3.92951	44.846	4.71386	3.77863	23.1473	9.53312	3.50861	35.6367	11.2069	2.52756	31.0448	9.72442	3.43212	38.5644	7.01591	2.35417	27.0312	6.90332	1.09776	13.8196	11.6776	3.67008	41.0977	5.69557	3.39694	20.8243	8.47952	3.47388	36.1623	
4.23287	1.2811	18.5597	5.25805	1.89468	21.9761	6.91757	2.77721	14.7212	3.66608	1.81926	13.7449	2.2619	3.55456	6.1269	7.40149	2.96527	33.4094	6.16342	3.78598	13.8518	6.07639	2.01971	13.4787	3.51468	2.57544	9.21898	2.74135	3.23895	6.5252	2.18638	2.73354	7.60613	7.88457	2.64319	23.6307	8.31138	3.29494	28.794	0.949236	2.67418	3.3705	6.04784	3.40676	21.8489	7.81625	1.19784	29.6627	5.65532	3.11132	17.5023	2.18052	1.15492	7.17279	7.98501	3.74019	22.1092	7.76985	2.97479	35.2404	3.91447	3.85243	12.9109	9.00372	1.20183	26.4932	
1.77949	1.4169	5.52085	3.19174	2.31937	12.0075	5.73198	3.59017	20.8834	4.81104	1.31635	9.87985	4.42192	3.64625	16.5882	4.98578	3.51732	20.7105	5.51408	3.64895	25.9843	3.83033	1.08285	11.4695	4.64173	1.58471	10.2934	2.50269	1.57808	7.70595	4.48075	2.84319	21.1669	5.50146	3.71293	22.4444	6.71685	3.31493	20.2143	3.37808	1.0704	14.8368	4.29484	3.46879	12.112	6.02558	2.043	29.519	4.46664	1.09177	15.7752	3.50509	3.87593	15.9536	5.90021	2.55967	16.9762	6.39651	2.47016	12.8997	1.48907	2.61965	3.90378	6.71159	3.39912	29.152	
4.55982	2.92275	22.3935	2.48592	2.86389	12.265	10.1221	3.437	34.6622	5.98806	1.08763	14.3249	7.55075	1.67244	22.3176	4.12986	1.09083	11.9198	2.52738	3.53516	12.5892	2.76357	1.03809	11.0101	5.91091	1.89271	25.6508	4.35098	3.71234	20.0282	7.86914	3.22392	18.4067	3.97012	3.35439	18.3908	10.3362	3.96211	29.7992	7.47011	2.42025	19.6256	8.17497	1.76217	23.8631	9.38396	2.30212	28.1986	9.06738	2.00488	41.0361	8.72218	1.46738	28.3045	2.2183	1.8772	8.59588	10.4356	1.03334	38.3518	4.43493	2.3019	8.89844	3.87023	2.90171	14.8659	
6.07742	3.43671	19.0585	7.90542	1.87353	38.4212	1.7996	1.09345	6.82491	11.4474	3.41254	40.7938	10.5257	3.19102	34.5351	6.85462	2.28614	20.17	11.5929	3.45786	39.2307	7.56769	2.76531	18.5698	11.2778	1.89184	42.8479	9.14638	1.00213	18.8324	10.4125	2.82419	35.2498	7.41398	3.54905	24.1036	0.0469751	1.47477	0.147769	9.12889	2.99784	33.5716	2.384	2.66049	5.95742	0.961688	3.12617	3.05575	2.72961	2.95299	6.09179	7.24572	2.97661	22.5231	9.29023	2.61108	41.7791	0.902436	3.54299	2.84673	6.38612	1.77247	31.2762	8.77652	3.33331	18.7478	
7.46147	1.06637	30.6613	6.33035	1.79596	20.4154	12.5129	3.03195	43.6021	2.81881	1.30105	14.0545	5.11483	2.80119	21.8312	8.98303	2.74067	21.9352	2.90931	1.22268	13.4681	7.23901	1.89792	16.9729	2.92457	1.82941	7.49951	4.28362	1.25823	15.6343	5.52238	3.00157	23.5826	9.05164	1.77996	21.917	13.4352	2.49748	65.9662	6.10184	2.31803	15.4401	11.0075	3.63582	34.7027	12.6574	3.6272	37.554	11.2386	3.5373	41.3783	8.47885	2.19826	18.3854	7.62963	2.43862	26.763	13.1744	1.88782	44.1356	7.0981	3.22577	23.1823	9.26598	3.3799	32.7403	
5.58205	1.58694	22.6652	6.24136	2.5447	30.63	8.40793	1.65783	19.8504	2.80581	2.98982	13.4035	0.752657	2.79014	2.76638	8.63333	2.57202	26.0215	6.19939	3.71645	24.5434	7.15486	1.31254	23.5012	2.6991	2.4807	7.57022	3.15724	1.70043	9.94464	0.628822	3.15016	2.95048	9.0638	2.90467	31.7972	9.85194	1.41586	44.4447	0.69595	3.91629	2.85521	7.60713	3.41485	16.1613	9.37402	1.02063	40.7154	7.16389	2.62464	14.3683	3.16798	3.39766	6.36424	8.87666	3.51908	33.6334	9.28358	2.86379	27.4465	5.22766	2.40683	25.7014	10.0624	3.63933	36.4379	
2.4277	3.92347	11.6452	4.34967	3.48585	18.3885	3.33074	3.47414	14.6912	8.03567	2.07201	39.9379	7.5192	1.76339	15.9423	4.09772	3.69071	12.8127	7.94558	2.09656	38.4457	4.20404	2.94075	12.4871	7.86705	1.86049	37.0988	5.60292	3.43457	21.8234	7.50379	2.97587	21.016	4.72935	2.42573	21.2465	3.69603	1.63329	11.4057	6.27157	3.84408	17.3787	1.36538	1.47701	2.88307	2.87287	3.9211	9.55221	2.45128	1.12485	5.2689	5.17367	1.48206	15.6963	6.20086	2.70296	27.8812	3.64207	3.0473	14.9995	2.73397	1.54131	8.47842	6.18321	2.23554	27.7797	
3.37452	2.75403	9.33267	5.44647	1.20377	23.3597	2.83612	3.03603	13.2043	7.49322	2.84748	30.1224	6.41281	2.7248	26.369	5.97345	1.82524	26.9609	8.44218	2.39862	23.5415	5.64022	3.59648	16.2908	7.32544	1.21815	19.317	5.43875	2.86468	20.6885	6.29611	3.13547	22.9016	6.60072	1.20579	17.1856	4.16311	2.67252	20.1749	5.01256	2.04491	20.895	2.06172	3.22452	7.19918	3.75337	3.2862	16.2472	1.54851	2.67717	7.34714	3.33334	1.4722	14.5318	7.7748	2.6051	25.5533	3.62921	3.45397	11.5099	3.46497	3.49766	15.9093	8.03251	3.77237	25.2739	


# This instance was randomly generated with the following parameters: 
# SIGMA_MIN=1
# SIGMA_MAX=4
# CAPACITY_OVER_DEMAND=10