12	24
148.478	798.471	59.6708
36.5721	1166.57	121.998
125.164	1253.47	135.624
7.94793	798.048	61.5931
68.3852	1205.3	144.588
117.009	963.349	86.7621
123.881	706.756	48.0826
127.072	1132.65	112.786
44.3348	999.524	85.5829
173.701	539.054	24.0387
23.3677	953.589	85.6232
0.00582367	1090.64	103.344
43.7152
11.6267
19.9359
34.1858
29.0338
18.0138
37.6152
5.8748
57.1885
15.2284
44.4613
42.7391
39.4932
1.21833
39.1091
24.5006
15.606
0.90568
23.5371
35.2187
45.2072
46.6356
46.3507
35.7289
3.67974	1.68757	10.5274	8.8014	1.55569	37.0881	8.4688	0.873192	39.3491	5.05098	1.27664	11.9011	5.14832	0.602017	22.1666	3.79505	0.820252	15.366	9.67609	1.14055	45.4332	1.64542	1.83702	4.19322	0.440696	1.72407	1.35235	5.87016	0.859724	17.9491	3.83783	1.91234	11.3009	1.26714	0.922695	3.51203	3.87397	0.706874	8.00401	3.285	1.82944	9.44644	7.14779	1.32233	29.1832	1.09777	1.9215	3.84834	2.24808	1.93044	8.70605	0.952124	0.997019	4.51355	5.84777	0.557521	17.6801	6.37497	1.07685	31.366	8.21236	1.30318	32.6813	1.87115	1.72947	5.38117	5.70953	1.19832	28.1771	7.41306	1.47605	14.9222	
3.00947	0.981862	12.7919	2.39788	1.19926	7.51731	6.25649	1.88556	31.1585	2.90501	0.61784	13.4711	6.66708	1.24577	19.7207	2.88086	1.18464	9.34968	3.90729	1.83599	8.80666	7.74732	1.54961	17.4653	6.54404	1.61145	27.8936	0.939179	1.13106	2.72077	4.31032	0.936549	14.24	6.21438	0.708905	25.8589	4.95688	0.730179	13.4052	5.40645	1.37834	16.3846	3.65359	1.48297	8.98617	7.28673	0.982878	24.2215	4.9781	0.935603	13.0565	6.54324	1.72082	24.66	3.38186	1.09555	13.8635	1.53392	1.1515	7.20766	1.74242	1.93709	3.78953	5.49627	1.10693	15.3625	5.72927	0.985207	20.0442	0.973817	0.65574	4.22574	
5.12231	0.925359	10.6905	2.711	1.32099	6.55208	5.05855	1.20833	20.3603	5.8017	1.61297	12.1434	9.56716	0.666581	40.0479	5.00813	1.06097	24.6891	4.78209	1.75352	9.82855	9.79223	1.69058	29.3454	8.96151	1.24947	34.5173	3.84006	1.91528	8.78744	7.19039	0.929491	16.7554	8.22604	0.599124	32.8905	7.84379	1.70517	18.9141	8.25586	1.61965	20.9954	2.91363	1.20886	10.2534	9.41513	1.59942	43.1813	7.67815	1.87138	33.9888	9.06282	1.09054	42.6159	3.7182	1.16873	14.7153	4.24555	1.00215	8.99632	1.85637	0.721206	7.49721	7.41232	1.12209	25.9283	8.59231	0.747452	33.5437	2.07579	1.53799	7.65246	
2.11553	1.66812	4.90043	4.14609	0.848635	14.5275	7.30451	1.33565	29.9611	1.17706	1.6941	5.44462	4.71029	1.4121	18.6693	2.02872	0.574504	10.117	4.95219	0.883225	13.6677	6.20753	1.99545	28.8331	4.72533	1.71579	19.3071	1.23408	1.04424	5.34091	2.23924	1.79891	7.57069	4.79833	1.07823	17.2348	2.89694	1.41448	11.3515	3.31317	0.578684	8.41685	4.88378	0.52806	16.9514	5.69497	1.158	25.4283	2.95748	0.515339	12.1223	4.6357	0.67558	17.7506	4.06001	1.73788	8.79896	1.63348	1.08098	5.49383	3.76494	1.22054	12.8593	4.2465	0.986526	9.52836	3.97093	1.10495	18.8119	3.05592	1.62502	13.4088	
6.77512	1.97681	23.8357	9.25753	0.950498	24.0615	12.5772	1.41471	37.163	4.93214	0.980623	22.5976	1.21206	0.984593	2.85269	6.80046	1.23822	24.8543	8.91617	1.42563	31.5991	6.7589	1.14736	21.5263	4.95977	0.849805	20.3839	6.87791	1.60496	21.1027	3.60015	0.939138	12.9421	6.54937	0.779114	28.4375	2.94051	0.741617	8.68595	2.79855	1.60682	10.413	10.4639	0.536482	35.0803	6.30473	1.45344	24.3253	3.994	1.85762	9.15243	4.44329	0.758796	14.2442	9.37936	0.644504	23.7862	6.64188	1.66679	21.0415	9.27048	1.55737	18.8321	6.79693	0.868186	20.2624	2.535	1.95588	6.71237	8.70371	1.25412	23.9394	
4.07326	1.6208	10.2769	3.92672	0.914212	19.1261	3.61333	1.57638	8.88708	5.65548	1.51955	19.0949	9.29868	1.26519	30.6551	3.98138	0.609294	19.5205	5.99101	1.00402	12.1005	8.47409	1.20894	33.9153	7.88877	0.822768	37.3145	3.77103	1.99498	15.8898	6.76829	1.28529	16.8135	6.93125	1.69593	14.0264	7.42917	1.7116	19.9536	7.71059	1.11855	28.0253	1.23251	0.628386	3.33649	8.14827	0.952811	27.2542	6.91093	1.10021	28.1308	8.06848	0.740077	23.6704	2.1237	0.660878	9.73689	4.46902	0.863636	21.8141	2.89229	0.687608	11.1291	6.10033	0.708681	20.6605	8.52025	1.14332	18.4596	2.59161	0.89961	7.34123	
3.75949	1.9231	18.6262	3.76935	1.15834	11.0981	8.66316	1.23883	28.6591	0.918492	0.660327	4.43916	4.28989	1.61127	13.5882	3.67241	1.93697	10.4953	3.86021	0.748462	7.8801	7.52934	1.33114	32.8198	5.84266	1.09377	19.1676	1.80626	0.704101	4.50561	2.4947	1.15646	10.6034	6.235	1.13675	17.2889	2.98048	0.856582	8.70435	3.63254	1.80977	15.1612	6.12395	1.23632	22.0557	6.99287	1.76368	20.1743	3.84988	1.85469	7.89181	5.63286	1.8875	17.9429	5.50031	1.74394	24.2099	1.2039	1.59513	2.54309	3.82465	1.6877	12.1796	5.77272	1.91059	12.0802	3.17209	0.787918	10.7172	3.3707	1.14704	13.1927	
4.88793	1.64066	23.73	8.12977	1.31714	33.3957	2.04837	1.75447	6.3826	7.93185	0.779101	32.3663	10.689	1.20295	46.2817	4.91557	1.70687	16.5959	10.0761	1.86198	26.3291	6.73931	1.01947	25.4225	7.24008	0.991025	27.2157	6.71849	1.83655	16.8913	8.21963	0.623893	23.9513	5.63533	1.07656	19.982	8.76402	1.19336	37.9502	8.67334	0.828275	26.2669	3.16091	0.649142	11.5492	6.69536	0.721698	28.0665	7.45303	1.48761	31.3575	7.65434	0.604976	33.2723	2.94262	1.22189	6.6908	7.61789	1.27645	19.6772	7.0883	1.33741	22.5537	4.98491	0.880646	18.2293	10.4416	1.26744	32.2748	6.53058	1.16347	19.4139	
6.68734	0.756468	23.2171	7.27594	0.938352	15.9213	1.51058	0.61516	7.11576	9.01351	1.67947	44.3468	12.4552	0.900602	61.9717	6.64564	0.903593	30.6283	9.36343	1.86648	38.6406	9.95095	1.70939	33.1301	10.0185	1.98122	24.4336	7.24358	0.677835	17.0034	9.87642	0.991516	25.3306	8.62287	0.570224	31.4098	10.5148	1.98074	51.4863	10.6507	1.36371	40.1162	2.99248	0.90346	13.7292	9.79904	0.936372	40.5389	9.6243	1.59945	34.6461	10.3384	1.37786	33.9966	4.06535	1.63787	12.6063	8.00031	1.57185	32.2587	6.30613	1.06463	16.2313	7.84589	1.34452	16.1398	11.8428	1.24536	30.0869	6.13349	1.76258	15.7441	
5.06918	0.526016	23.4237	1.7897	1.81704	8.2836	8.56532	1.45176	33.2718	3.14762	1.67864	7.84936	6.43335	1.93574	15.1732	4.94995	1.44488	18.9889	1.6895	1.80677	6.70037	9.47023	1.69843	36.9588	7.93684	1.01391	21.3192	2.36633	1.97996	10.5857	4.7741	1.56022	21.8297	8.045	1.34252	17.5725	5.26922	1.23328	11.9055	5.91972	0.735961	26.2994	5.97013	1.99937	20.0921	8.95669	1.9277	23.2428	6.02538	1.63003	24.4948	7.7884	1.62684	21.0861	5.83244	1.40641	21.0507	1.63159	1.33427	3.83015	2.371	1.66196	8.43675	7.44367	1.4395	16.2855	5.17577	1.59012	21.8772	2.43556	1.35565	7.91581	
6.32897	0.516133	14.0887	6.84844	0.693047	17.6589	1.51772	1.02994	3.13888	8.59897	1.80437	32.6816	12.0649	0.756149	38.8787	6.28268	1.27875	19.0145	8.93656	1.33671	43.5239	9.72995	1.09975	28.7058	9.72784	1.73914	45.7971	6.81664	1.61757	26.2128	9.48721	1.91512	22.7446	8.3695	1.94207	25.233	10.129	1.72125	26.5688	10.2797	1.1204	24.7892	2.59288	1.41754	11.6783	9.5581	0.73128	27.0465	9.27287	0.99139	44.2629	10.0346	1.13566	30.4717	3.71235	0.888178	8.17227	7.56811	0.817998	22.0151	5.87404	1.18822	20.4512	7.58026	1.02378	28.9877	11.4345	1.08993	48.5511	5.69668	0.866493	13.3744	
5.32467	1.32912	21.4059	4.14147	1.62766	13.9187	10.0808	1.8823	49.4799	2.28734	1.1159	9.80032	4.35679	0.95977	17.2493	5.23929	0.802625	14.4131	3.37902	1.92784	11.588	8.843	1.55754	31.2668	7.04595	0.707688	34.3927	3.19202	0.776356	12.3822	3.45973	1.11159	9.04866	7.64636	1.56426	37.1066	3.71769	1.99477	14.4838	4.43614	0.99951	14.4067	7.49937	0.579788	25.618	8.29686	1.24064	21.3877	5.00832	1.23158	15.2653	6.76054	1.85902	31.2252	6.98887	1.64451	34.5209	2.35441	1.04563	7.82475	4.56382	0.882609	13.6917	7.24883	1.36553	24.2127	3.00958	0.716245	6.97808	4.35042	0.518271	13.1937	


# This instance was randomly generated with the following parameters: 
# SIGMA_MIN=0.5
# SIGMA_MAX=2
# CAPACITY_OVER_DEMAND=1.5