4	8
168.277	489.288	23.1923
111.079	1235.63	130.401
144.408	1278.18	158.764
90.956	931.099	82.2192
11.1415
58.1629
49.2522
35.7548
35.3088
38.1101
21.6866
13.6345
0.177462	2.84442	0.696219	4.8688	3.85513	18.1819	8.96983	2.75499	22.1628	1.46823	2.28938	5.68593	2.10137	3.55605	7.42399	3.70344	1.33593	10.2251	8.56842	2.77743	30.691	6.94246	2.09749	21.3564	
2.33731	1.26956	11.6864	3.70527	1.53218	8.87872	7.68879	2.88658	24.1863	3.87261	3.59304	8.37966	1.85457	1.68516	5.75122	4.75848	2.90079	14.246	6.25925	3.15561	28.4301	4.8257	3.42083	21.7342	
2.90216	2.96745	9.29654	3.22249	3.83017	14.6241	6.78537	2.07023	29.2284	2.94222	3.1196	8.65032	1.99995	2.38278	4.558	0.923806	3.4444	3.92836	8.12533	2.38721	34.5497	6.2095	3.57765	19.5172	
6.02876	3.53167	22.3581	2.11861	3.80362	9.97686	3.29311	3.48548	12.5618	6.50174	2.77472	29.8743	4.24842	2.86597	16.509	3.74262	2.93774	8.68638	6.42323	1.16134	14.6053	4.59118	2.27492	17.3458	


# This instance was randomly generated with the following parameters: 
# SIGMA_MIN=1
# SIGMA_MAX=4
# CAPACITY_OVER_DEMAND=1.5