6	12
140.811	1027.04	94.4951
38.852	1234.95	146.967
82.1851	382.176	13.8689
71.6655	380.842	12.9635
165.881	563.239	29.3453
44.2314	854.406	70.605
29.6095
25.3047
27.0235
1.07807
16.8657
36.3368
26.2776
5.62616
8.60286
27.0082
13.6315
28.1319
2.03081	0.187038	8.56548	4.47511	0.150199	12.1689	5.70088	0.844877	21.2961	4.21111	0.270113	16.2939	4.97603	0.541926	15.4027	7.79476	0.148662	20.2263	4.34061	0.37193	14.1564	7.49652	0.167815	23.656	2.40466	0.918807	9.97687	5.24144	0.598299	15.8377	6.53904	0.867115	14.2913	0.755329	0.508549	2.29495	
5.50995	0.647685	11.9255	2.67579	0.508584	12.1842	6.15993	0.699744	24.2133	3.69647	0.764237	17.5805	0.985499	0.328179	3.98036	4.66301	0.760972	11.4164	3.00027	0.295734	6.25786	6.16598	0.897076	24.1926	3.99779	0.971808	16.8416	5.53002	0.848399	21.3801	3.65225	0.970272	11.2328	3.86187	0.425455	16.0033	
4.43196	0.853322	12.7541	2.55476	0.115084	11.9416	1.09374	0.325566	3.12691	8.07782	0.692568	33.7836	4.95372	0.705084	19.977	9.74523	0.556985	26.0254	2.15795	0.943925	9.18595	11.0946	0.921788	23.8415	7.10613	0.371375	25.248	0.529548	0.384263	1.52241	3.6912	0.198016	10.5255	4.46291	0.828352	17.6003	
6.58371	0.439534	26.6073	1.91374	0.508349	6.73789	4.21536	0.64093	19.314	7.49807	0.101663	20.9341	3.08028	0.492496	14.9491	7.70602	0.444656	34.2543	2.12191	0.54706	7.78556	9.89058	0.817197	45.5559	7.35844	0.297677	19.3692	3.73677	0.249125	11.9438	0.510081	0.101086	1.54474	5.72022	0.896046	13.5271	
9.83531	0.278217	36.0613	6.35894	0.171386	22.7945	9.97859	0.439317	29.1614	5.6639	0.223045	12.082	4.03084	0.22731	10.9134	2.32631	0.475651	11.0257	6.7853	0.471867	20.5473	5.68108	0.85733	11.4611	7.20826	0.463683	24.432	9.3722	0.401046	34.563	5.82882	0.590028	28.6566	8.12661	0.705594	20.1587	
4.74238	0.452207	19.7952	2.4018	0.201214	7.49669	5.65803	0.369789	18.312	3.6647	0.113317	10.655	1.5543	0.570398	5.06328	5.28255	0.259376	18.114	2.63973	0.628405	6.68508	6.44633	0.570226	14.6177	3.56955	0.637142	11.7691	5.03163	0.834175	10.2636	3.81175	0.597282	10.4622	3.10194	0.700553	12.7212	


# This instance was randomly generated with the following parameters: 
# SIGMA_MIN=0.1
# SIGMA_MAX=1
# CAPACITY_OVER_DEMAND=1.5