10	20
99.2285	1038.25	103.277
165.356	431.489	16.9397
152.492	892.129	75.9421
118.854	1200.59	121.624
119.675	537.11	24.8683
85.4567	1154.14	125.693
17.1777	751.528	47.2946
5.76824	1211.3	146.437
75.7922	1040.44	97.3976
22.3752	975.731	83.651
21.323
51.8172
52.9926
46.8098
3.11942
14.2218
19.5647
6.24247
39.6898
10.1377
19.1729
23.1529
11.2288
6.67149
38.0199
47.988
6.16993
42.6646
50.7928
50.3037
2.06745	1.20899	5.13939	2.7282	1.13331	6.2099	2.99369	0.620387	14.2321	4.17674	0.691681	9.73332	4.39766	1.66277	9.52044	6.60873	1.81875	19.0448	6.85278	1.4658	20.5639	2.71856	1.59431	11.3443	6.44494	1.08744	18.1389	7.13548	1.06661	27.6562	2.14529	1.48607	10.2763	2.50364	1.55296	5.29971	8.5568	1.91673	36.7152	6.18906	1.53971	21.2589	2.97653	1.96671	11.8162	2.91277	0.759151	10.2524	5.70416	1.91362	19.9644	2.36169	1.62561	7.39733	5.29992	0.883014	14.6793	3.75105	0.567319	8.74739	
4.14465	0.837358	9.01039	2.89098	0.978298	13.4475	7.75998	1.34054	27.7351	1.06766	1.47218	3.03334	7.3289	1.08606	35.3873	4.99429	0.611426	20.5963	4.07647	1.54464	14.0388	4.5084	0.655634	16.032	6.61201	1.38731	17.1083	2.50231	1.86629	8.17468	4.57801	0.957561	15.6877	2.73482	1.54642	7.69252	3.4884	1.82391	15.6368	6.29858	1.47908	29.853	4.4494	1.89866	13.1154	5.50225	0.796388	12.8118	3.43012	1.56753	15.6706	7.59783	0.771897	20.7277	1.9634	0.857115	5.63295	7.8932	1.54782	25.0138	
6.15334	1.42805	21.0993	4.67496	0.687283	20.5204	9.56019	0.511596	22.2828	3.07412	1.92057	14.5587	8.72065	0.657212	24.1325	5.19145	1.58981	22.4711	3.90359	1.43771	19.1773	6.4722	0.942149	20.3319	7.2359	1.23316	24.6755	2.44263	0.979099	8.94985	6.26686	0.818558	13.929	4.70562	1.49599	12.3158	2.28743	1.31292	9.85283	6.9529	0.985041	24.8469	5.94924	1.38937	14.2805	7.46233	0.86812	29.1065	4.68265	1.01955	9.90612	9.55033	1.73404	27.9804	3.34578	1.60953	13.7925	9.54118	0.980682	42.0678	
1.29282	0.856615	4.88192	4.00111	0.964042	12.2765	5.08117	0.915772	13.8629	4.40125	1.1573	10.6655	6.80281	0.931567	33.6684	8.32247	1.23206	28.8097	8.22115	0.528446	16.6948	0.981579	1.80145	2.5466	8.58641	1.60731	38.858	6.4963	1.27013	29.0396	4.288	0.619135	15.7629	3.1927	1.04055	9.65242	8.10557	1.3696	25.1848	8.30417	1.87324	17.2177	5.03529	1.05441	16.3578	0.509535	1.01132	1.28279	4.31585	1.14766	8.98735	3.71557	1.74638	13.554	4.54964	0.855819	18.9223	6.04583	1.58522	19.8554	
3.72507	1.33862	12.3432	1.93527	1.77959	9.08179	6.82975	1.74507	26.5702	0.767447	1.00315	2.45862	6.30672	0.848477	14.0934	4.3033	1.90913	12.0572	3.61366	1.96878	9.09311	4.24518	1.41465	16.4946	5.72231	0.758146	20.0917	3.51005	1.90411	7.29728	3.59115	0.884904	16.2606	2.0107	0.895527	4.78047	4.48613	0.517833	9.20691	5.40463	1.33129	11.9301	3.42866	1.01658	10.1411	5.21995	1.28967	16.5864	3.99588	1.79305	9.8229	6.8041	1.7261	28.6785	2.61041	0.75702	5.68512	6.90393	1.13946	18.2926	
1.60079	1.1706	6.95005	1.29252	0.555899	2.79033	4.39437	0.745723	11.4412	2.49445	1.46396	8.05338	4.90561	1.35656	19.8927	5.59196	1.61236	22.0849	5.55775	1.52845	11.6572	2.39859	1.99736	5.01279	5.98132	1.42276	28.9097	5.54208	1.50043	17.432	1.93122	1.4451	7.31909	0.818303	1.29279	1.66312	6.90667	1.80847	33.2732	5.68387	1.85137	26.9766	2.48821	1.49479	10.3258	3.12051	1.19014	8.00926	4.4876	1.24218	17.996	4.04476	1.99899	9.16155	3.80291	1.37773	7.93773	4.83194	1.42426	13.5857	
4.45561	1.85906	17.4238	4.62157	1.91553	21.3268	9.09218	0.967301	32.1937	2.69601	1.66188	13.175	9.23599	0.788042	25.6098	7.32405	0.695568	18.782	6.34184	1.84059	23.4724	4.39791	1.24229	15.959	8.90866	1.53664	24.4128	1.16434	1.05924	3.10149	6.27841	1.59946	15.6932	4.00605	1.33946	10.2147	2.81288	0.813084	9.10957	8.59213	1.39632	38.8598	6.37867	1.03107	28.531	5.2761	1.942	22.9795	1.614	0.811464	6.78023	8.4822	1.16204	28.5736	0.911096	1.51098	2.91549	9.48922	0.771564	38.2372	
7.15587	1.31833	21.5915	5.60179	1.32744	26.975	10.4616	0.776252	49.9706	4.07153	0.875525	10.5482	9.45984	1.46861	21.0413	5.51299	0.986763	17.2769	4.13876	1.41198	16.5289	7.46718	1.09865	17.5856	7.67536	1.23795	27.2334	3.01775	1.94991	11.4705	7.14481	1.22767	20.144	5.68823	1.95876	14.4197	2.25097	1.46562	11.2476	7.41273	0.651024	20.3354	6.76466	0.683272	18.1643	8.45565	1.72059	38.8343	5.50937	1.28889	26.6225	10.5167	1.0107	40.139	4.25077	1.74888	10.518	10.3796	1.72313	47.9947	
5.54343	1.91232	15.1502	3.79046	1.45894	12.8527	8.64856	1.09819	28.1891	2.4104	1.57794	10.0481	7.74827	1.89319	33.8413	4.37375	0.897037	9.51684	3.17864	0.836215	14.6824	5.95694	0.722368	22.0876	6.336	0.700468	22.5593	2.93327	0.594369	9.21115	5.33639	1.66803	22.3411	3.93727	0.781825	12.6871	3.17647	0.543713	8.64982	6.04531	1.82598	19.7962	4.98858	1.89738	15.2556	6.95014	1.24227	25.4458	4.68992	1.67306	18.8567	8.72538	0.777097	19.4723	3.2446	1.67348	7.05925	8.59102	1.94929	40.8397	
5.46899	0.739663	19.7628	2.69076	1.96416	13.453	6.41046	1.80997	28.6521	3.38099	1.0904	14.8813	4.78299	1.71391	19.5251	1.70202	1.10101	7.3327	1.71244	1.93923	6.19277	6.19116	1.7588	29.2666	3.1362	1.52421	9.40271	5.91028	0.681524	16.2814	3.25958	1.78694	9.31684	3.56751	1.12358	17.6478	6.42875	1.1136	31.4123	2.83068	0.59721	12.0296	2.53595	0.523063	10.4723	7.0431	1.67808	19.0893	6.67038	0.909326	30.7299	7.09887	0.782014	14.4699	5.2949	1.89726	15.6234	5.98418	1.22126	21.0524	


# This instance was randomly generated with the following parameters: 
# SIGMA_MIN=0.5
# SIGMA_MAX=2
# CAPACITY_OVER_DEMAND=1.5