6	12
11.3704	1317.29	147.675
30.7446	1285.57	153.112
167.89	1134.2	111.779
92.8557	1141.8	117.361
126.394	1239.16	137.106
159.5	441.699	17.6625
28.4403
38.0542
0.469436
37.635
31.8795
49.7638
45.1809
74.0208
17.4267
39.1255
7.00953
87.4583
2.29444	0.674585	5.0472	7.60225	0.652193	28.745	5.2551	0.668482	25.7676	5.98915	0.985637	27.3986	2.27943	0.297419	10.761	6.96219	0.112703	33.0172	4.02393	0.9158	15.7818	3.72955	0.916373	9.60834	7.79318	0.101332	27.2592	4.38117	0.178984	20.3127	2.87268	0.726288	6.16137	5.98588	0.879809	29.6279	
10.1962	0.590043	40.4605	5.95161	0.674851	26.4874	5.02729	0.897767	12.3043	3.6518	0.744566	16.8732	7.38815	0.279138	32.4313	3.17367	0.956654	6.65543	4.31863	0.256902	16.0915	11.0696	0.955323	38.9402	2.32321	0.490372	9.66171	11.5352	0.378748	44.3153	5.36224	0.334056	26.4395	5.26674	0.832813	16.3974	
8.50335	0.495463	22.0635	6.51561	0.370998	16.6569	4.8335	0.96621	12.3136	1.74161	0.703661	7.09907	6.22931	0.645647	15.7415	3.87121	0.84068	8.9323	2.38681	0.177396	5.90216	9.70599	0.661305	46.385	1.75014	0.252133	8.65172	10.2428	0.963237	24.2121	4.13183	0.959864	19.5549	3.36704	0.955404	14.5782	
6.28552	0.922039	22.2577	7.33901	0.646417	24.4907	5.07997	0.497305	20.0774	1.79179	0.189433	4.76309	4.90779	0.898835	22.01	5.2484	0.613829	14.5184	0.46113	0.817318	1.3982	7.87411	0.112181	26.2626	3.68583	0.671712	16.3726	8.4855	0.502603	18.7766	3.09348	0.44558	10.3459	2.29717	0.59298	8.3087	
1.87188	0.642391	8.75578	7.62246	0.298146	20.184	5.40933	0.749434	26.7066	6.90401	0.886711	22.6091	2.0492	0.338481	9.36942	7.33726	0.705003	15.9639	4.90268	0.999023	21.8218	2.77245	0.972596	10.4776	8.6458	0.64102	21.4102	3.4139	0.334283	10.4557	3.33757	0.53303	13.5971	6.95414	0.496591	18.0506	
8.81407	0.294856	26.097	7.87483	0.865583	18.8991	6.11428	0.82036	27.5466	0.88295	0.846635	2.3979	7.07875	0.844075	29.2917	5.22808	0.902089	15.1789	2.68619	0.873729	7.63496	10.324	0.979497	24.704	1.22256	0.309697	5.46512	10.9093	0.373092	52.4883	5.03142	0.164313	16.7289	2.35116	0.205127	7.04219	


# This instance was randomly generated with the following parameters: 
# SIGMA_MIN=0.1
# SIGMA_MAX=1
# CAPACITY_OVER_DEMAND=1.5