8	16
19.2594	731.392	49.4187
8.01122	641.392	41.0589
99.5016	1236.03	132.902
39.3542	380.239	12.2869
55.9075	851.652	69.0125
42.1672	1299.63	159.026
155.321	890.125	78.9806
110.784	838.508	59.0096
31.1745
55.5402
54.8765
11.7279
8.91107
9.31101
15.335
44.534
18.0147
25.3628
60.5618
12.3602
30.3051
4.09995
0.0473713
18.9678
9.4088	3.61655	27.3423	3.29339	2.6342	15.7573	9.8378	2.25837	30.5359	4.8701	3.64573	11.8812	7.42376	3.86884	31.1378	8.80507	1.22476	34.0631	1.64874	2.62676	6.6239	3.16702	1.05307	12.2885	3.93369	3.90281	9.1486	7.43582	1.24798	36.1762	4.44139	2.22967	10.3874	3.57439	1.48735	13.7178	8.13917	1.87943	29.4068	3.72568	3.87223	15.3167	6.41339	3.12404	15.7035	2.39929	3.03204	9.52983	
6.21073	1.31686	17.2531	6.22677	3.9389	20.6335	8.03377	2.9567	37.4259	1.45365	3.92884	3.31472	1.8771	2.59634	5.04471	7.15801	3.59335	29.3037	7.34464	3.20779	20.0559	7.42228	2.99042	25.335	8.81691	2.99208	27.7061	2.40015	1.44553	9.62	8.54012	1.13336	27.2988	2.50567	1.65687	5.81925	4.5375	1.56926	14.2953	4.56903	3.8184	17.1914	9.10563	3.90572	37.5428	7.05976	1.67063	24.3668	
3.22436	2.47797	7.70336	5.26542	1.63832	17.3667	4.92985	3.20262	23.1191	2.64731	2.92501	13.0569	2.11363	1.35806	10.3418	4.07922	3.43491	15.1932	7.44708	2.25803	23.2499	6.67629	2.95865	26.6621	8.09705	3.90775	36.601	1.4644	1.81327	4.14409	7.43351	1.25337	36.9081	4.09368	3.02052	17.747	1.58961	3.19524	5.18669	3.55258	2.74333	16.2095	7.20412	1.02002	28.2399	6.64191	2.34219	26.395	
6.68211	1.48413	26.491	2.82331	3.72095	8.08943	5.59294	3.55002	16.2026	6.84262	3.07958	20.1488	8.21937	3.63006	27.3212	4.85419	2.85559	12.084	5.15149	2.45855	18.691	3.14556	2.0547	12.9029	3.72013	3.21155	10.9535	7.6875	3.2148	37.9328	2.55295	1.1413	5.54993	6.9441	3.96828	34.1925	6.51298	2.72045	20.5051	3.78585	2.54796	12.1741	0.955944	1.83061	2.50814	3.84951	3.44964	9.21438	
2.26093	2.38682	4.77213	6.21469	1.44508	30.2406	4.33348	2.22087	13.12	3.76918	2.44559	13.7987	2.46674	2.89072	6.70772	3.66279	1.43193	16.2169	8.5455	1.97452	24.5914	7.63121	3.34199	27.4964	9.02566	2.41204	28.2202	1.71991	3.95085	6.74381	8.27125	2.86405	26.2256	5.25846	2.31237	25.0272	0.622327	2.07959	2.59698	4.58108	2.42307	22.7989	7.74743	1.60085	36.412	7.66841	1.2532	38.0715	
4.13101	2.35929	19.823	3.06776	1.03584	8.35447	4.67579	1.58849	20.6754	3.21688	3.22595	13.2473	4.2419	3.31572	14.6136	3.63619	1.50065	11.445	5.59191	2.52748	20.61	4.47967	1.21718	11.0315	5.86251	3.49378	23.3529	3.73281	2.15118	17.0758	5.12009	1.5669	17.1316	3.96713	3.5108	11.1483	3.1285	3.98466	10.6065	1.61569	2.36569	3.26976	4.91917	3.2591	19.7799	4.5824	3.65357	17.102	
8.7223	3.72343	33.264	2.39139	3.47782	11.8012	7.98692	3.29636	22.1329	7.16153	3.59504	29.0626	9.1402	2.02085	22.9598	7.15031	2.27885	19.4399	3.18339	3.87808	10.6703	1.41635	3.1678	4.27244	1.22156	1.59359	4.55434	8.77148	1.77384	20.2076	0.0965245	1.5819	0.408863	6.7018	2.75894	13.5586	8.18326	1.36122	22.0702	4.13284	3.96026	18.0091	2.29712	2.61378	10.2701	2.14701	1.63776	4.74125	
8.66221	1.5072	36.9986	6.14697	1.7126	20.374	10.1296	1.01381	49.5027	2.81386	1.69471	9.25523	4.69778	1.86034	13.0337	9.1485	3.46407	27.6788	6.08554	2.76535	19.8359	6.92228	2.06075	26.0188	8.10837	3.42729	30.3606	5.14751	3.43009	13.7123	8.21718	1.89425	27.0029	1.83954	2.82256	8.31437	7.01192	2.70706	31.2144	5.02605	3.40442	16.1072	9.47954	2.59781	47.3588	6.32149	3.66059	18.5467	


# This instance was randomly generated with the following parameters: 
# SIGMA_MIN=1
# SIGMA_MAX=4
# CAPACITY_OVER_DEMAND=1.5