10	20
117.4	762.15	48.7858
171.581	1087.95	110.381
53.8396	375.144	13.8709
134.468	1221.77	133.652
28.9797	703.225	46.4131
21.8715	1062.25	97.3194
68.5583	667.472	40.0488
51.0333	1183.25	125.212
64.1497	543.245	28.8205
104.719	692.27	40.273
18.9577
23.2785
10.1413
13.1205
22.7502
25.3702
8.72288
26.0961
3.11616
2.1478
23.65
27.284
19.1671
11.4358
11.5052
17.1194
28.1005
17.2278
11.7572
21.4398
6.97978	2.36222	31.2011	7.06708	3.79763	18.6317	9.66833	3.63303	32.5305	3.15342	3.50979	10.528	9.28113	2.57479	34.1727	4.96157	2.80961	15.4947	9.73443	3.52678	46.7728	3.89401	2.68369	11.1175	6.85744	1.58706	20.1775	8.08828	1.77574	27.9396	1.21591	1.00541	2.55183	7.89862	1.29619	28.386	3.74615	3.74846	16.9149	7.32362	2.65634	20.3477	7.72903	1.87693	29.8605	6.20147	2.46302	27.8508	5.38361	1.54424	11.9751	10.3227	1.05753	43.4464	6.26332	2.2661	22.8628	5.32768	3.50474	26.5911	
2.83069	2.21768	8.05881	1.06437	1.6938	2.64161	5.62831	1.71583	19.7948	3.12785	3.66659	10.9396	3.41601	2.33864	15.2705	3.85019	3.50578	11.707	4.39462	3.53173	21.7009	2.82282	2.76299	7.77821	2.90346	2.59483	8.41243	2.5449	3.62268	10.2838	5.03659	3.06142	21.5591	3.49254	1.97606	12.5237	2.97095	2.72405	11.6748	5.28003	3.675	22.2053	3.46188	2.51467	13.598	4.62404	2.23745	21.8522	5.64604	3.86122	24.1537	5.34855	2.0095	21	0.328168	3.60885	1.31092	1.02779	3.41365	2.68478	
2.61989	3.70862	10.5442	1.104	3.37209	2.73839	5.7415	3.90868	12.9271	4.11362	3.11745	13.8881	2.91398	3.92415	14.4323	4.29676	2.21957	13.4071	3.50262	3.89345	12.2079	3.88139	1.1721	11.473	3.42127	3.95177	16.1968	2.41656	2.42868	6.88058	6.05163	1.83995	29.6533	3.02289	1.58215	13.2986	3.80894	3.11206	17.0485	5.90143	2.93767	29.0618	3.76046	1.16024	14.5168	4.79411	3.06186	10.8561	6.55466	3.80822	18.4881	5.15867	1.91387	23.3374	0.997172	3.90676	4.15284	1.94113	2.47383	4.88618	
7.25014	1.62151	35.9976	4.12612	2.98257	12.0888	3.313	1.36691	7.96311	4.92196	2.60122	12.456	4.78107	2.58032	12.7597	7.40157	2.79629	21.6172	8.67186	2.70773	17.9434	3.30007	1.29627	9.96153	1.88009	3.83681	5.08569	3.70433	1.46483	14.3937	5.61557	3.28406	14.5715	7.96605	2.31633	21.6829	5.66737	1.67938	22.2973	0.932978	3.95361	2.1559	2.20316	1.76949	6.51243	8.5625	2.83587	39.5528	2.05043	3.77438	4.62682	4.43448	1.24112	22.1091	4.7909	1.01615	10.7371	4.70817	1.16429	15.5032	
2.62948	3.88656	9.52144	5.93964	3.52124	24.015	10.534	2.77727	49.9961	6.56691	3.4802	23.9589	7.27202	3.70116	15.3316	4.204	1.74917	19.0996	2.50489	1.98374	10.3246	7.46161	2.01624	23.2976	8.20312	2.23869	31.8013	7.18761	1.46187	28.5896	8.21535	2.33609	39.264	1.85739	1.48925	8.52651	5.62867	2.32505	25.2888	10.6267	3.15145	40.0037	8.60491	2.61293	40.5497	3.17289	2.69776	13.212	10.7806	1.51129	21.5884	9.71911	3.4424	25.9456	5.02951	2.08115	12.3128	5.26589	1.87351	14.2003	
1.23161	3.0235	3.37313	2.48192	3.61235	12.3007	7.16489	2.42896	29.0973	4.11383	3.53838	9.68325	4.22233	2.01961	12.3776	3.34353	3.31929	9.61748	2.65988	2.22831	11.4324	4.42974	1.46531	13.2695	4.72409	3.8166	20.4872	3.8393	1.84267	13.8639	6.05455	1.48761	28.733	1.62776	3.51607	6.21732	3.48897	1.05245	8.01124	7.15905	3.52252	21.7463	5.14824	3.22594	17.0373	3.54813	1.64518	10.5797	7.51119	2.50201	29.8513	6.55204	3.45543	24.6506	1.60627	1.79874	6.9257	2.14693	1.30666	5.46082	
5.51241	3.63387	13.0955	2.15297	1.7906	4.5515	3.13298	3.93174	11.6108	5.99442	2.98766	12.4037	0.608868	2.3056	2.98762	7.04766	1.9091	33.5282	5.55834	1.24219	13.4481	4.9715	1.53607	19.2957	2.44707	1.80116	9.6791	0.766364	1.23371	2.04721	7.66575	1.45276	17.832	5.78901	2.88053	15.2634	6.09686	1.09968	28.3395	4.47896	2.68113	16.4059	1.99219	3.08596	4.02156	7.67979	3.61388	19.4251	6.1234	3.51213	14.8609	2.26211	3.23846	4.8763	3.45016	1.24686	16.4645	4.1976	1.90362	10.2854	
4.55015	3.90261	11.2925	3.24973	2.7356	14.2534	5.94428	1.83826	19.2491	6.99231	3.37082	33.1449	2.40011	2.703	4.89621	6.82551	2.77276	23.2357	3.19503	2.38523	7.21312	6.59307	2.72951	31.8831	5.02824	1.6977	20.1992	3.20051	3.64128	10.4456	8.92125	1.14413	36.5314	4.32753	1.55135	19.4212	6.6596	3.81047	29.8915	7.33683	1.55709	24.2793	4.83694	3.00647	12.0413	6.92945	1.99701	29.1731	8.67739	3.75055	24.5719	4.66397	1.61162	18.3539	3.87626	3.10394	7.81237	4.8218	1.80879	14.8153	
2.74438	3.88321	8.11764	5.51246	2.48586	21.3122	10.0212	3.50527	40.835	3.48767	1.02897	11.2082	7.73792	3.82408	37.3683	0.690056	1.39963	2.41215	5.387	3.59232	19.4699	4.94828	3.26054	21.2052	7.06694	2.26388	25.3255	7.0106	3.62438	23.5706	4.59003	3.57581	15.0553	3.36762	3.42503	12.3501	2.52816	2.42043	11.2159	9.01607	3.39989	21.1639	7.79406	2.95336	18.0501	0.88384	1.3465	2.64518	8.32449	1.16522	27.2999	9.8194	3.40849	34.1681	4.20487	2.3545	14.6283	3.65015	2.91	8.85422	
8.90928	1.28746	43.9448	5.57535	1.66179	26.5382	2.89656	1.47421	11.7003	6.66501	1.25739	20.4349	5.60917	3.10283	16.8245	9.16534	2.27562	41.283	10.0901	1.93414	34.5806	5.04379	2.67481	21.7647	3.2513	1.36612	7.11156	4.78248	3.32458	15.5666	7.19012	1.47545	31.4312	9.57495	3.74775	28.1191	7.43032	2.13904	18.8474	0.841249	1.07912	3.04382	3.1172	3.83362	9.52632	10.3145	1.669	34.1617	2.7807	3.50133	12.2322	4.4292	2.63153	11.6013	6.41665	2.31744	18.6565	6.4276	1.85919	12.8742	


# This instance was randomly generated with the following parameters: 
# SIGMA_MIN=1
# SIGMA_MAX=4
# CAPACITY_OVER_DEMAND=2