11	22
75.7284	740.7	48.9266
34.5205	1217.2	138.355
100.156	834.52	62.4285
140.17	1173.01	128.533
16.9089	910.412	72.0245
123.722	887.038	74.6526
77.484	1199.15	119.013
124.463	1283.14	140.388
123.749	1105.55	107.134
44.9902	1097	99.5904
167.546	1207.96	128.356
8.93652
1.97468
9.60813
6.35352
7.18031
5.97295
3.05413
0.459873
0.277201
10.0587
7.45651
9.04319
6.30195
1.81439
2.63353
5.12727
6.76646
3.59852
8.43806
2.44063
2.13462
2.30901
8.91913	0.707988	29.3747	6.5726	0.520796	32.8335	3.21817	1.60467	15.0469	5.19405	0.905538	24.673	5.47325	1.78706	12.3853	5.59317	1.21866	19.7689	2.36038	1.44125	5.29874	5.5141	0.67935	19.1716	1.35112	1.81398	5.73786	4.83866	1.53714	15.4446	6.77288	1.13961	31.2554	1.8199	1.15612	5.32925	7.06319	1.71785	20.9949	2.61181	1.42403	5.62882	8.10577	1.63476	16.9802	5.61716	1.09004	26.0538	4.96585	1.38819	17.4467	2.90349	1.99109	13.0297	9.83734	1.08093	36.0139	4.38001	1.38813	13.7834	8.67718	1.19026	41.1225	7.22957	1.15524	27.0956	
0.831472	0.738572	2.0616	8.84687	1.76861	29.2787	10.829	1.36787	38.158	6.81302	0.84643	26.4908	4.60802	1.38821	20.9412	8.09544	0.617434	19.1699	11.4837	0.725943	29.3145	4.61115	1.55728	19.4143	8.28864	1.16997	20.1034	6.85669	1.66372	24.0341	9.42591	1.36484	26.2087	8.40479	0.557599	21.5149	3.80403	1.01527	14.2671	7.22075	1.84663	21.459	2.70675	1.17002	10.2591	4.88077	1.29468	18.8181	4.96664	0.877349	19.4904	7.18289	1.56387	34.7778	0.412474	1.68561	1.70903	5.25978	1.48195	12.9402	5.58656	0.649019	20.1482	4.1963	1.74209	9.55139	
4.21588	1.90751	13.4356	3.97432	1.31875	14.2739	6.07892	1.6223	21.2304	1.76692	0.724386	6.39997	4.09876	1.12928	8.37886	3.08218	1.89434	14.9799	7.13766	1.84101	14.6792	4.17111	1.69012	13.8052	4.77364	0.864114	18.3191	6.11838	1.01935	20.2337	4.54811	1.32336	21.8832	4.2372	1.75244	19.7954	1.35141	1.99645	5.54864	4.50623	1.2924	11.5961	5.29338	0.962682	13.8742	0.567461	1.2176	1.87423	3.85995	1.2266	15.9515	3.04261	1.01968	11.0322	5.0354	1.3739	16.1436	2.80953	0.723354	12.4755	2.94466	1.04762	9.27675	1.31577	0.663882	5.66774	
8.35945	1.6145	34.6378	7.94991	1.41972	35.8713	5.18428	1.39414	20.616	6.10216	0.920897	17.946	4.43853	1.06301	15.4649	6.85898	1.85479	32.83	4.2741	1.10284	12.5819	4.45538	0.850004	16.7384	1.86935	1.07199	7.21808	3.10026	1.84526	8.14596	8.2492	0.789658	32.3794	3.08737	1.06118	6.91486	7.14948	1.39583	19.9217	1.88248	1.80845	6.76967	7.00491	1.63595	34.9477	5.84545	1.12014	26.0763	4.01926	1.30126	11.7811	3.58264	1.1967	7.83818	9.24256	1.69029	39.3535	3.96131	0.611435	9.61791	9.23096	1.54227	41.273	7.45295	0.734873	16.2598	
9.08671	1.51233	28.9134	7.9632	1.69052	25.7378	4.73847	0.672166	13.8102	6.32342	1.19534	26.2435	5.23961	0.593379	15.0451	6.92336	1.57546	15.6155	3.60735	1.74925	13.607	5.26089	1.17598	26.2102	2.02471	0.991575	6.13523	3.94554	1.77648	11.7759	8.2084	0.677704	39.6392	3.07271	1.0714	9.77466	7.68807	0.516916	37.3594	2.53225	0.906048	11.9483	7.82975	1.9988	19.6066	6.32268	1.38494	18.1649	4.7987	0.972137	22.4581	3.83914	1.95292	18.4191	9.98134	0.669876	30.4694	4.60744	1.38794	11.2254	9.62062	1.43303	32.2877	7.94885	0.936412	38.3988	
4.84348	1.0663	15.6461	6.29515	1.67786	16.6153	5.9703	1.87041	18.4042	3.88761	1.94245	19.0391	1.60575	0.719063	4.97595	5.15403	1.67836	13.1368	6.17221	1.40658	25.2106	1.67251	1.79971	8.15856	2.79429	1.71736	13.6521	2.93922	1.90493	13.9548	6.78008	0.9834	27.1561	3.21781	0.878208	9.3832	3.70726	0.990662	8.44035	1.73025	0.719758	5.40684	4.08569	1.83139	9.72903	2.65594	0.752875	7.32712	1.09819	1.10679	3.79987	2.27869	0.523332	6.60741	5.75039	0.961932	21.6663	0.419186	1.39661	1.27097	6.10375	1.07213	28.0731	4.10226	1.86875	15.875	
2.12341	0.885566	5.19774	6.66638	0.931688	16.5335	9.52178	1.47975	35.774	5.06653	1.87119	25.0197	5.30835	1.21308	18.9329	6.13172	1.94828	18.3425	10.5474	0.93686	25.9424	5.34891	0.741836	25.6689	7.8422	0.514443	33.8119	7.74402	1.75895	28.0037	7.2282	0.667448	19.0657	7.55677	1.62739	17.1454	2.12523	1.08353	8.75719	7.15044	1.53444	22.9544	4.64057	0.565184	22.6841	3.58332	1.64301	13.4079	5.42748	1.65384	11.7498	6.30825	0.620154	27.8304	2.39666	0.891969	8.39729	5.07356	1.70287	16.3863	2.97415	0.63236	7.24692	2.19435	1.12758	9.28186	
7.82998	1.25749	36.8939	9.94491	0.730329	20.1179	7.90359	1.40549	16.1653	7.72648	0.528673	17.6745	3.81768	1.13847	18.5277	8.79446	1.30787	37.4231	7.08424	1.95993	34.8858	3.78442	1.48853	7.68088	4.23555	1.08691	13.6548	1.39192	0.841111	4.08988	10.3426	0.570003	23.7233	5.4545	0.95408	21.1421	7.67446	1.68391	29.28	3.23347	1.88909	10.8893	5.73794	0.551063	21.9837	6.73496	1.75688	21.0407	3.70951	1.55535	12.2102	5.4149	1.87706	24.8764	8.58343	1.81025	33.7245	4.48712	0.648962	15.1189	10.1711	0.647444	47.1752	8.12203	1.20843	37.618	
5.1108	1.71097	12.2353	9.1995	1.3814	40.3234	8.57904	1.4433	31.9126	6.75872	1.32862	23.2545	1.62444	1.49747	8.12117	8.07085	1.87599	27.1908	8.35251	1.6184	39.751	1.55345	0.544459	6.29534	4.91502	1.77139	11.9714	1.58758	1.86185	3.99383	9.69981	0.80059	43.8157	5.79764	1.68697	12.1572	5.64932	1.98435	27.9325	3.51383	1.59127	12.4689	2.87483	0.897601	12.1389	5.16372	1.5017	22.9586	1.92756	1.547	6.92407	5.12646	1.25467	16.5171	5.79735	0.612882	15.4506	3.17817	1.6761	11.4979	8.29776	1.54551	18.7687	6.1728	1.18706	22.2559	
2.2992	0.813702	10.0581	8.74934	1.24753	39.9726	9.62179	1.12684	40.7089	6.3806	0.65121	22.4033	2.41047	1.59491	6.46323	7.77294	0.654538	16.8747	9.92568	1.51525	36.372	2.38752	1.26564	5.69132	6.51503	0.664485	14.6384	4.42289	1.33019	10.7317	9.31626	0.70346	34.7076	6.93924	1.54394	21.7242	4.03756	1.40423	19.4482	5.25824	1.85577	14.2093	0.511844	1.46312	1.91811	4.37473	1.4108	17.1781	2.88318	1.42828	12.7613	5.85473	1.02518	23.8703	2.87522	0.699103	9.26307	3.639	1.99909	10.8649	6.549	1.44948	20.1273	4.58103	0.556802	13.449	
7.13924	1.22287	27.9929	9.52323	1.38997	31.5008	7.78629	1.55032	35.4609	7.24441	1.60956	22.851	3.13295	0.925245	7.82147	8.36838	1.62604	32.4539	7.12167	1.21846	18.5618	3.09801	1.68889	14.9951	4.04384	0.55115	19.917	0.70127	0.867414	1.75745	9.94389	1.49055	42.8995	5.21238	1.61532	25.1393	7.03309	1.41001	29.7399	2.88334	1.68804	12.4971	5.07465	1.54245	23.8901	6.14512	1.4176	29.2102	3.04679	1.63414	12.6958	5.02717	0.591908	16.1734	7.89538	1.77403	18.7562	3.89613	1.14337	9.12242	9.55914	1.94834	37.1242	7.49189	0.690224	23.334	


# This instance was randomly generated with the following parameters: 
# SIGMA_MIN=0.5
# SIGMA_MAX=2
# CAPACITY_OVER_DEMAND=10