9	18
125.533	446.418	19.656
85.4731	682.872	44.7224
30.781	656.801	40.651
88.565	972.513	81.4203
47.5571	673.042	38.7965
90.1826	1312.76	152.382
173.464	771.263	49.2276
114.376	578.223	28.3573
73.0135	498.986	22.8716
6.40111
11.5975
21.9318
17.0249
22.2076
17.5796
22.0885
4.01461
22.7077
22.4992
1.18585
2.31084
0.632727
3.79996
6.84945
12.7202
20.7921
22.699
4.5888	1.806	22.7541	5.47997	0.977081	25.5891	9.53373	1.33075	35.065	1.28839	1.80524	3.64832	5.04689	1.03287	21.6952	7.48805	1.8369	20.0664	0.143985	0.923034	0.519103	4.43286	1.27882	20.8655	9.14696	1.84419	18.4792	5.65318	1.61745	14.9748	2.47502	0.639667	10.7184	1.35589	1.19678	3.98019	2.69463	0.945081	7.66223	4.19009	1.56229	9.58079	5.46185	1.36759	25.7237	8.46582	1.11646	18.8791	6.98847	1.01663	29.7796	5.58134	1.4336	23.7753	
5.2382	1.33303	22.9275	2.66984	1.38283	11.5192	9.64037	1.71305	26.5459	2.07655	1.22824	7.74595	6.83693	1.43559	32.1068	6.64822	1.28834	19.3812	2.98962	1.74851	8.99949	2.29159	1.85686	6.33218	7.76595	1.85533	37.1484	5.23423	1.60916	20.3038	0.63214	1.95961	2.40078	2.81995	0.718299	13.1328	2.1746	1.83603	4.43525	2.8856	1.08178	9.74097	6.6082	1.18653	16.5406	6.45159	0.62962	15.49	3.88757	0.874007	14.0653	4.48729	1.96524	19.98	
2.84163	0.671493	12.5666	6.78658	1.53547	30.9963	2.23094	1.30429	5.47702	7.87587	0.850021	30.03	4.2098	1.88999	11.4106	2.08293	0.795363	9.02931	7.27755	1.76416	19.0158	9.69874	0.629904	36.1388	3.8512	0.55279	10.7341	2.22318	0.922307	9.41383	7.23856	0.741041	30.3212	6.07353	0.534369	15.1769	5.4103	1.49913	18.4337	4.62726	1.93561	15.9201	2.81494	1.83957	7.53914	5.20565	1.34309	22.1047	8.97415	1.63279	29.9626	3.32337	1.01353	12.3542	
5.45962	1.97075	19.3506	3.53655	1.89462	8.45644	6.46265	1.72372	21.3073	7.46704	0.967484	25.9737	7.8455	1.72796	20.0394	2.95226	1.88337	9.47388	7.67366	0.693248	23.3568	7.51397	1.02946	33.4673	2.46964	1.02066	6.01623	3.67463	1.14187	17.4447	6.08675	1.68672	29.5807	6.61351	1.93663	21.443	5.12857	1.44905	23.412	3.64126	1.87693	15.7129	6.64785	0.861935	13.3313	0.654302	0.884973	2.79571	5.00629	1.65999	10.1755	2.69544	1.69832	5.49087	
2.74939	1.30082	11.5099	4.85503	1.13967	19.6724	7.68738	1.50384	36.9699	2.55009	1.76262	6.06356	3.66043	0.53837	10.8049	5.72083	0.600365	17.3143	1.747	1.29925	5.27782	5.28008	0.784997	17.3939	7.48011	0.639813	18.2061	3.85507	1.71298	16.4582	2.7154	0.523695	6.28424	0.605939	1.96735	1.85354	1.56769	0.618914	7.36756	2.8557	1.26127	12.8589	3.76246	1.10951	12.9575	7.06967	1.73132	22.1765	6.79856	1.99965	32.7033	3.96674	1.64088	14.7555	
8.39614	1.34901	24.1129	3.68627	0.879163	14.2845	12.3526	0.735098	58.0829	4.78048	0.514201	21.4123	10.1347	0.817254	30.9777	8.98015	1.04659	36.7932	5.97127	1.2512	14.3157	1.81512	0.653221	6.37833	9.51417	1.72296	43.24	7.99177	0.586964	38.5583	3.85415	0.566543	12.9828	6.08758	0.552731	28.7456	5.40264	0.724858	24.9948	5.6109	1.79269	25.471	9.82244	0.810055	36.7935	7.64492	0.863221	23.8546	2.57634	1.51804	8.84014	6.95659	1.85189	23.2815	
7.74192	1.3081	32.959	2.17641	1.69557	9.86174	10.663	1.19348	46.4498	6.18802	1.49529	18.4709	9.93397	1.11123	38.7238	7.07922	0.615993	16.5178	7.09069	1.37422	35.0642	4.32129	1.45305	20.1543	7.07961	1.62409	21.7876	6.68897	0.862333	32.3427	4.74256	1.80706	12.3305	6.64786	1.87139	21.0579	5.36957	1.71942	17.0892	4.72666	0.760086	16.3926	9.2151	0.592344	27.5524	4.99627	1.76636	23.7462	0.49703	1.8726	1.27253	5.46213	1.40496	20.2261	
4.72317	1.11178	17.1633	8.54716	1.25705	18.9968	0.280306	1.47668	0.958818	9.84119	1.30579	21.9369	5.55932	1.11167	18.4835	3.32526	1.94111	12.3563	9.20434	0.978181	34.9936	11.6423	1.83988	51.5458	4.33631	1.56888	20.3225	4.1442	0.919089	17.6039	9.20713	1.09555	33.9815	8.015	0.810844	36.1019	7.38317	0.596406	19.8089	6.54388	1.57009	26.5898	4.29987	1.16543	10.5016	6.22793	1.37262	19.4023	10.6581	0.694908	41.3451	5.12152	1.78044	15.9295	
4.18492	1.84406	10.4636	4.83993	0.829584	14.1387	9.10509	1.69116	37.3088	1.15216	1.96404	5.05694	4.95152	1.90554	12.7845	6.90514	1.21895	28.2052	0.529279	0.730157	2.44891	4.16989	0.969522	10.3406	8.52078	1.03645	39.8726	5.09754	0.913403	20.7954	1.93892	1.96125	5.23606	0.858025	1.5077	2.45	2.03422	0.582243	8.01789	3.52874	0.550251	13.9056	5.195	0.640427	10.8578	7.79868	1.23484	32.8312	6.431	0.565927	27.462	4.95275	1.45869	18.9431	


# This instance was randomly generated with the following parameters: 
# SIGMA_MIN=0.5
# SIGMA_MAX=2
# CAPACITY_OVER_DEMAND=2