9	18
141.706	891.329	68.5438
36.9122	1009.65	86.6783
127.324	920.162	80.2319
129.308	1275.16	147.293
132.986	1132.97	108.345
45.8711	1084.71	99.1537
76.9378	1216.19	123.187
96.2066	1138.76	125.665
166.658	1275.16	134.653
9.78002
9.3763
6.79798
0.621989
6.14592
3.73536
0.0650984
9.35692
3.33761
3.65727
8.42963
9.09156
9.61232
2.45983
2.92176
7.11167
2.19108
2.68276
4.75333	0.93015	21.9099	1.45845	0.289007	3.66631	5.9366	0.972188	23.775	4.73488	0.882909	10.772	1.61398	0.526217	3.71138	3.72941	0.439507	12.868	3.90871	0.786425	15.0239	6.13171	0.781357	17.6866	7.0928	0.425974	19.6541	4.39733	0.977753	21.0532	5.11983	0.285883	11.247	5.57308	0.17306	14.6268	2.10379	0.252394	7.4829	8.20355	0.386225	35.4058	2.52692	0.157672	11.6738	7.23533	0.503738	21.4868	1.24144	0.96186	3.12896	5.88756	0.549689	16.027	
5.66332	0.215861	15.3833	1.72755	0.708061	8.15561	7.40106	0.592384	32.5433	5.814	0.844017	19.4718	2.43439	0.798656	10.6851	5.24387	0.841759	14.5035	5.58981	0.181356	19.5214	7.7333	0.509472	20.2086	8.68485	0.173294	34.1705	5.03313	0.785596	22.4436	6.79483	0.827268	14.9744	7.103	0.262307	34.9976	2.32847	0.426082	11.5324	9.80089	0.784022	24.4817	4.20673	0.865862	11.8183	8.76123	0.134565	26.465	2.3687	0.821387	5.59983	6.94704	0.887592	25.853	
6.6514	0.535051	22.8761	3.92965	0.948577	12.3057	5.74978	0.203813	18.595	1.94664	0.237659	5.48348	4.91047	0.69142	18.1427	4.14988	0.981133	10.3234	2.7353	0.3816	10.7956	2.4847	0.429288	5.79522	3.37396	0.80746	13.9279	6.89404	0.459138	22.5624	2.31244	0.489305	8.99494	1.71718	0.790167	7.88637	5.67925	0.718333	24.4236	6.76297	0.708372	14.2284	1.99192	0.47854	5.98296	3.36456	0.848957	10.8335	3.05425	0.759655	13.0186	2.75917	0.791338	6.07892	
1.88995	0.75622	7.19441	4.37587	0.652196	12.2542	3.48868	0.541208	14.7329	6.56644	0.761701	19.9781	1.65706	0.519333	5.51579	1.71926	0.584487	4.75018	3.09226	0.798078	14.9861	6.27527	0.170671	28.6987	7.18263	0.891118	24.9261	1.91205	0.14115	4.44348	4.79385	0.507724	16.1288	6.14573	0.55496	25.0268	2.14222	0.653652	7.35958	6.13893	0.388268	13.9265	2.99213	0.154425	14.3191	7.6293	0.165929	18.9179	3.86087	0.232411	19.0929	7.61975	0.369259	33.6733	
7.64642	0.564647	20.7893	9.39613	0.679372	21.1865	4.58461	0.422526	21.6974	7.6096	0.432666	28.8015	8.539	0.277321	25.0429	5.61114	0.64242	15.4113	4.73241	0.592536	10.279	3.98508	0.683525	14.9803	3.77198	0.510545	14.9518	8.5442	0.191808	41.9096	3.79105	0.86646	15.8957	4.92058	0.881516	21.9994	9.28	0.534595	24.5562	2.54192	0.379791	9.94929	6.17649	0.10739	16.8361	4.55745	0.8266	10.3725	8.43583	0.315202	27.4639	7.74093	0.3169	35.1452	
4.27011	0.94605	16.5062	2.90581	0.761296	10.8345	4.39875	0.488411	15.5005	4.10495	0.159735	8.47865	2.38989	0.403753	6.32343	2.25097	0.312624	7.23622	1.96399	0.905217	4.33393	4.38885	0.967734	18.5927	5.35225	0.904538	25.8813	4.36109	0.423584	20.484	3.21157	0.898917	14.205	4.00522	0.176805	12.1919	3.19037	0.59729	15.1802	6.38363	0.707278	25.3383	0.679434	0.463006	1.84936	5.62194	0.763357	27.3465	2.0287	0.478786	7.99055	5.16147	0.858991	20.3583	
3.18658	0.510041	15.0873	3.35845	0.737814	14.3901	5.31362	0.207499	10.7807	6.60602	0.854248	19.0526	0.532543	0.294569	1.08668	3.39523	0.87211	15.98	4.37888	0.140747	10.1792	7.27544	0.835211	15.3647	8.2316	0.579276	18.6999	2.56461	0.263863	8.79051	5.96336	0.469401	21.8967	6.92342	0.937346	22.8571	0.333477	0.767987	0.760927	7.93722	0.431239	25.1893	3.59587	0.258581	9.13067	8.53663	0.928139	27.6114	3.24423	0.776524	15.9091	7.74427	0.640818	32.0666	
3.84013	0.571109	17.9109	2.37684	0.299057	10.5205	5.25378	0.80928	19.9974	5.38191	0.389577	11.354	0.738429	0.180887	2.53777	3.09732	0.46866	10.623	3.63427	0.643243	11.4509	6.26138	0.785801	21.527	7.22591	0.696261	32.7202	3.47917	0.917572	9.3231	5.06705	0.3109	15.1848	5.82704	0.81631	21.9205	1.41219	0.534526	3.05573	7.67112	0.243393	26.4002	2.54779	0.282337	8.87122	7.46737	0.501693	22.0059	2.07174	0.859798	6.39219	6.52131	0.954975	26.3136	
2.90356	0.915437	12.1851	5.16416	0.231442	12.4103	5.85756	0.255546	21.2675	8.54297	0.457886	30.7091	2.44417	0.566635	5.12514	4.48337	0.337306	13.7294	5.84123	0.688387	26.3957	8.9461	0.884965	33.068	9.87991	0.509919	33.7239	1.88884	0.37557	6.01719	7.52275	0.666614	30.0234	8.69636	0.211622	36.544	1.82453	0.134318	9.00929	8.6123	0.687657	30.1737	5.38008	0.212017	26.091	10.2621	0.649575	44.9018	5.16531	0.919836	14.6488	9.67774	0.409951	46.6295	


# This instance was randomly generated with the following parameters: 
# SIGMA_MIN=0.1
# SIGMA_MAX=1
# CAPACITY_OVER_DEMAND=10