12	24
144.596	423.895	17.4192
162.035	698.928	42.3212
32.1603	880.278	72.8886
68.2822	1108.06	109.798
123.906	472.881	18.8297
23.5508	880.228	73.2547
115.16	623.617	38.7443
74.1655	982.218	83.3842
178.116	1210.38	123.949
117.624	405.821	14.7943
118.098	1249.43	136.623
53.0951	865.238	70.7074
23.978
22.4005
10.7874
1.96608
14.3489
4.82751
10.0881
9.94478
15.3632
23.7578
7.32326
14.1408
17.9292
5.64214
25.0598
13.2833
25.3679
3.43366
32.118
9.19499
26.1527
21.9233
30.5959
31.7295
6.97637	1.97769	17.4708	2.19915	1.33184	6.53831	6.68548	1.98896	32.1147	5.27788	1.29636	21.5719	7.61003	1.8756	20.0623	8.85667	1.54322	40.9999	9.90966	1.57029	45.724	4.08616	1.41512	19.3304	7.4087	1.11515	34.8309	8.33495	1.36676	18.9091	3.56478	1.02208	15.7954	8.4312	1.11299	21.2742	3.77934	1.99266	16.7049	9.21324	1.82553	22.7232	4.89242	1.72045	12.0279	6.59224	1.22739	27.7637	3.12209	1.89126	12.0313	8.88511	1.11091	42.9889	9.12842	0.754168	42.0412	8.99867	1.26409	28.0777	3.04615	1.24235	9.64037	7.49038	1.22828	29.2593	5.82951	1.0315	13.8024	4.79213	1.49605	15.9012	
3.34933	1.46703	8.17041	4.97905	1.72522	10.8699	3.05052	0.620568	14.0214	4.11689	1.42373	12.6737	4.01098	0.794209	14.28	5.39315	1.36431	25.6787	6.23887	0.980354	17.0428	2.44778	0.532848	8.01068	4.45971	1.87796	20.5308	5.08751	1.95891	23.4864	4.14579	0.618822	9.16556	4.77319	1.29742	20.9645	2.54181	0.594991	5.55594	5.54228	1.64738	24.4693	3.25815	1.69511	14.6527	4.79071	1.30334	17.5907	0.837014	0.780578	2.46968	5.57604	1.87529	26.4049	5.49582	0.718759	18.5946	7.87062	1.78222	21.3375	0.941582	1.73777	3.51791	4.93916	1.00348	10.1325	2.17185	1.82491	6.30437	4.6729	0.76962	10.0367	
6.09592	1.13908	16.3307	4.1491	1.02137	12.9822	5.96135	1.42618	19.8937	1.19669	0.806887	2.5577	6.36303	1.93464	25.9539	6.71812	1.29024	19.5226	8.82513	0.502188	19.7827	7.18835	1.51163	20.6833	9.14533	1.24827	45.2585	5.73898	0.914365	22.8128	1.71629	0.677963	4.2549	7.3914	0.950478	31.825	7.14747	1.42983	21.8964	8.25011	0.707041	31.9924	1.98514	1.6272	7.91554	2.34403	1.81249	4.96567	4.19398	0.96245	15.2553	6.29128	0.734359	23.3799	8.88786	1.08971	28.7994	3.79786	1.33235	12.4044	4.12121	1.03458	14.8483	9.76875	1.80392	37.4795	5.62784	1.68997	23.2691	0.449124	1.91606	0.98572	
5.08273	1.91904	16.1669	7.27245	0.808958	26.5909	5.11772	1.30293	20.1399	2.60262	1.20169	12.9785	4.97825	1.40726	22.6796	4.55803	1.41396	11.7529	6.98147	1.85613	31.9292	8.31516	1.40527	35.9895	9.05392	1.91176	39.2069	3.49304	1.48242	10.8474	4.78398	0.784412	11.6605	5.86006	1.31903	11.8318	8.42842	1.83881	34.0213	6.5859	1.59061	24.9789	2.95923	1.90467	6.80526	1.22677	0.973348	4.56065	5.56672	0.650023	23.2724	3.8921	0.959494	9.64081	7.58347	0.800159	35.789	2.43849	1.56727	5.33131	5.55331	0.76871	25.7338	9.91231	1.4879	23.8878	5.30832	0.967537	15.0624	3.67012	1.28811	14.8321	
6.1216	0.517988	16.9288	2.09232	0.885876	9.96674	5.84256	1.47682	18.279	4.15658	0.834263	11.8919	6.72406	1.79221	15.804	7.88652	0.790751	37.5845	9.10873	0.90172	43.9052	4.05279	0.901078	13.2036	7.12203	0.788339	28.8287	7.30506	1.92023	33.293	2.59326	1.60628	6.37978	7.60186	0.638022	29.5761	3.82833	1.09925	10.9765	8.41649	1.21239	29.6939	3.76171	1.64901	9.10886	5.46073	1.34656	26.4965	2.26405	0.991236	10.3462	7.86533	1.40177	29.2378	8.45547	1.84695	26.0844	7.91979	1.08656	21.0406	2.17058	0.766658	10.773	7.35509	0.881351	22.4671	5.02877	1.11023	10.2721	3.76116	1.4553	11.9562	
0.87039	0.867109	2.13324	8.63426	0.669445	35.6486	1.17245	1.79104	2.35751	5.28811	1.58949	25.3463	0.18852	0.733141	0.810253	1.41649	1.41213	5.8519	2.37369	0.847691	11.7032	5.68011	0.953113	25.4406	4.65061	0.90573	12.8089	1.86307	1.7828	7.07242	6.84554	1.94305	17.128	0.914521	1.91187	4.12355	5.99254	0.625951	28.4888	1.76796	1.79105	7.96249	4.57422	1.13429	11.3958	4.69524	1.43381	12.0116	4.67816	0.843627	17.6512	1.98698	1.41491	5.80681	2.58148	1.8391	7.53727	7.44481	0.74649	17.0926	4.75997	0.913295	20.6707	5.64301	1.91186	13.1083	2.06509	1.59113	8.68958	6.55815	1.90024	20.0108	
3.81286	1.87992	12.9419	5.51937	1.17331	17.3797	3.51323	1.93687	7.57891	5.267	1.94961	14.3425	4.49843	1.89678	15.4984	6.00509	1.53392	12.9746	6.42508	0.502514	17.4972	1.30853	1.43719	5.76076	3.69584	1.6073	17.0551	5.87181	1.17105	26.0009	5.1076	1.28276	19.3285	5.07582	0.926875	14.102	1.46464	1.86943	4.41431	5.73995	1.53307	12.1248	4.41373	1.37669	18.7225	5.93343	1.00833	15.5606	1.82544	1.31481	8.43232	6.30653	1.22365	30.3894	5.43259	0.907573	11.1202	9.02465	1.49341	43.9714	1.90935	1.97086	6.72019	4.00452	1.92281	9.47803	2.63584	1.67858	9.16037	5.75584	1.4296	21.0038	
2.98213	1.12877	14.7106	5.02042	0.829638	17.9032	2.69996	1.71315	6.88769	3.49702	0.654359	16.9103	3.60235	1.41102	16.2203	4.88035	1.54408	24.1343	5.96624	1.65554	26.4404	3.15097	1.79298	15.0924	4.81815	1.69181	12.1226	4.48286	1.02379	21.1628	3.82737	0.812142	18.0187	4.45877	1.74952	20.7441	3.25942	1.403	10.2303	5.2751	1.61435	10.9785	2.61324	1.33144	6.05575	4.08771	0.662853	14.2977	0.890434	0.884251	3.73522	4.99532	1.16437	24.3274	5.39103	1.36651	19.794	7.18729	1.38517	30.5773	0.975907	0.72078	2.64837	5.40147	0.868649	17.1986	1.89723	1.27474	9.34189	4.18633	1.65708	17.3467	
6.20944	1.27985	17.171	2.56417	1.05891	7.13436	5.91814	0.660923	14.287	4.79058	1.52368	15.7067	6.84499	0.850834	26.2707	8.10512	0.768881	37.6739	9.14252	1.1216	21.2067	3.53252	0.636063	11.8943	6.75989	1.0824	14.1354	7.60623	1.86405	19.6371	3.32957	1.89	12.067	7.66342	1.5327	23.6069	3.26605	1.24022	8.47637	8.44617	0.796272	41.7645	4.31388	0.888672	16.5381	6.04068	0.936886	29.0922	2.36185	1.83134	7.51899	8.1509	1.45719	20.3121	8.37403	0.76592	35.4948	8.60263	1.19067	41.0477	2.28926	0.796282	6.73534	6.90575	0.770807	24.4162	5.06177	1.78887	17.4731	4.48025	0.641199	14.6753	
3.57049	0.737244	15.6522	11.1799	0.79492	51.0398	3.87311	1.8406	14.4777	7.30135	1.07132	21.3735	2.89821	0.960089	13.9797	1.77607	1.31943	5.39111	1.74735	0.543982	7.7934	8.25795	1.73847	26.0342	6.47671	0.76551	18.2696	2.74262	0.926206	11.2048	9.1794	1.58671	25.2222	2.34248	1.58614	8.28782	8.59525	1.52603	18.0824	2.04972	1.64305	8.48678	6.77641	1.34711	20.1981	6.29887	1.37908	24.769	7.36101	0.624866	14.9556	2.22778	1.00973	6.08524	3.23915	0.52153	13.2069	8.31074	1.34931	36.3554	7.43809	0.598525	18.2543	7.47898	1.20821	33.727	4.76708	1.56262	16.7319	8.65073	1.23708	40.9579	
6.8737	0.702745	30.2811	1.50729	0.588967	3.60162	6.59539	0.939504	21.1601	4.61217	1.83004	22.3447	7.47306	0.644357	21.1756	8.61677	1.83891	22.6106	9.86217	1.58267	32.8197	4.58837	1.74318	20.9691	7.77313	0.684803	27.8331	8.01001	0.942343	37.6034	2.76562	1.43052	9.32419	8.35479	1.04373	33.2376	4.32372	0.930039	8.67029	9.16996	0.868807	21.6012	4.32742	0.94622	15.4642	5.97645	0.885419	28.7292	3.01737	1.42042	9.70476	8.575	1.2223	31.5639	9.20124	1.35531	31.182	8.24586	0.887166	25.0061	2.92406	0.950553	8.43985	7.95087	0.731231	24.1658	5.78206	1.18165	13.9113	4.01412	1.36432	13.7917	
3.72602	0.933829	14.1155	10.9389	1.4646	29.9925	4.02295	0.990754	11.1722	6.82487	1.67598	27.9713	3.04265	1.44295	13.0975	1.57033	0.50802	5.83496	2.58799	1.47723	9.6455	8.54147	1.73612	42.1489	7.08352	1.75672	14.7516	2.26431	1.0014	10.7463	8.81614	1.45716	18.9607	2.78634	1.59863	6.81196	8.85633	1.33618	37.9478	2.7437	0.750154	6.88438	6.39193	1.85669	15.3705	5.71043	0.820927	18.933	7.31674	1.42269	18.862	1.68828	1.7794	6.54608	3.99559	1.36614	10.539	7.50666	0.842053	37.332	7.38409	0.96475	35.071	8.09458	1.10381	29.2167	4.90163	1.92241	11.3456	8.18084	0.568589	18.5413	


# This instance was randomly generated with the following parameters: 
# SIGMA_MIN=0.5
# SIGMA_MAX=2
# CAPACITY_OVER_DEMAND=2