10	20
153.631	957.795	90.2715
10.8557	768.116	56.4867
133.002	558.438	30.9708
2.53152	1076.3	100.181
145.461	482.241	19.8306
103.875	477.939	22.6386
0.514355	1122.07	117.347
3.98392	1292.89	158.713
75.8551	1221.65	126.483
156.88	1019.05	102.751
6.74228
7.9686
4.96731
6.03475
3.12345
3.13295
4.29138
4.61265
0.961952
0.0454177
7.72061
0.644672
7.18884
1.83188
5.8037
5.28039
8.10354
2.71989
0.484793
0.908296
1.36846	0.829939	4.38577	2.08281	0.878245	4.17881	0.312777	1.26834	0.895851	1.0209	1.8517	4.30461	3.98203	1.52469	10.0442	3.15562	1.74971	6.97779	1.84799	1.33837	3.9856	7.66832	0.542227	24.1413	3.80907	0.81724	9.90376	0.883585	0.54433	4.31172	3.07932	1.69456	9.10879	2.14385	0.689469	9.81692	4.44576	1.20994	13.8227	3.28719	0.677202	10.7011	8.28567	0.832838	20.1237	1.25057	0.709841	5.85346	3.0742	0.638601	12.3389	3.2916	1.16197	6.73568	4.63598	1.26999	19.1251	4.20336	1.94571	11.5403	
2.22384	1.51993	10.6607	2.18582	1.10751	6.2724	3.42007	1.65362	10.2131	4.4965	1.24016	18.9737	7.07876	0.666602	20.2232	1.81924	0.885945	4.29225	5.22452	1.3944	21.7534	9.23909	0.790908	37.5969	1.32552	1.28317	4.59019	2.73658	1.8144	8.70671	6.4489	0.531701	13.4321	1.59597	0.753503	3.92093	5.52979	1.72286	19.6833	5.86933	1.68735	22.072	9.07362	0.876366	34.7289	4.04413	0.997393	10.5501	4.83821	0.615162	22.8424	5.68698	1.07359	22.6124	7.87595	1.28245	34.1867	5.26751	1.53678	20.8373	
3.70913	1.97426	16.4608	4.59196	1.42243	11.242	2.54491	0.962188	9.45116	1.48947	1.61006	4.31063	1.5738	0.979808	6.02902	4.87149	1.15169	15.2563	0.668098	1.68423	2.58291	6.12367	1.08243	15.8147	5.71373	1.9036	28.1103	3.36317	1.19072	12.9615	0.577468	1.18811	2.0197	4.6017	0.536203	20.4148	3.96066	1.35195	16.9708	4.27892	0.732429	10.8054	7.26632	1.87057	18.9225	1.87562	1.51485	8.56323	2.65841	1.397	7.82277	1.98997	1.17818	8.403	2.13015	0.704962	8.02992	3.8323	0.934834	11.1602	
6.0467	1.3271	28.1011	7.27965	1.30883	16.0884	5.25668	0.761562	22.7216	4.59015	1.40597	16.7681	2.30564	0.507925	7.19245	6.04073	1.06278	24.2391	3.92171	1.62748	9.54145	2.60675	1.15121	6.78001	6.90896	1.38791	15.4331	6.00923	1.01805	17.9781	3.3642	1.23293	13.8463	6.98137	1.13813	29.1332	2.68435	0.922729	5.65084	7.8311	0.820176	28.6407	4.09845	1.81569	20.2634	4.19946	0.646451	20.3887	2.84571	1.1321	7.60123	2.13899	1.7245	6.93416	2.73446	1.7923	9.98992	2.83473	0.629436	6.66449	
6.08419	1.66129	26.8446	6.06957	0.981743	13.6118	5.08935	0.865793	18.1566	4.36862	1.40923	17.4848	5.08009	0.856379	20.2277	7.96395	0.919475	22.5441	4.27069	1.52146	11.0956	9.98595	1.20057	44.128	8.59792	1.74902	23.2893	5.4961	1.87969	15.9885	4.10018	1.50234	10.9464	6.55192	0.569319	31.4158	8.09887	1.32757	33.4376	2.80229	1.39408	11.8123	11.3441	0.527871	39.3158	5.29163	0.590723	15.0283	6.73227	0.696006	26.0869	6.14529	0.78699	28.2682	4.86926	1.21965	9.98549	7.95078	1.69202	33.4588	
6.56286	0.914025	29.9557	7.87081	0.818492	22.5835	6.09753	1.36711	13.4898	5.74337	1.92958	19.2275	4.1767	0.584261	12.2791	5.90211	1.53379	25.6923	5.27141	0.91789	18.3841	1.54178	1.36424	4.51275	6.65996	1.20457	27.7061	6.70657	0.820001	20.9691	5.07227	1.10974	21.2815	7.40998	1.8429	20.8419	2.17585	1.1488	10.2937	9.20316	0.640804	19.2097	2.17257	1.28768	7.21279	5.07838	1.09548	17.7317	3.27642	0.87571	13.48	3.21158	1.43807	8.11192	4.72917	1.52616	19.3076	2.44283	1.56316	5.28093	
2.32032	1.5274	5.45565	2.00403	0.817442	7.7954	1.8907	1.31248	4.67544	2.20552	1.14819	10.7478	5.04739	1.90124	21.4064	4.34082	1.86597	14.6704	2.92637	1.04291	13.4616	9.17188	0.928406	18.4825	4.78591	1.82991	15.8825	1.75228	1.29724	4.20952	3.95634	0.520024	10.2612	2.53814	0.564864	7.3242	6.04728	1.52461	17.9404	1.84767	1.93231	7.1249	9.87462	1.60796	49.0134	2.81074	1.06585	12.2984	4.66006	1.02137	14.0694	4.75422	0.589759	12.6502	5.52249	1.18217	12.953	5.80697	0.856946	14.3486	
6.00278	1.78479	16.9189	7.30321	1.95516	20.7788	5.46926	0.73324	21.7325	5.06718	1.84888	22.8344	3.49825	1.06776	12.5596	5.50841	0.948439	19.0105	4.57465	1.93212	9.24653	2.02144	1.54152	8.74805	6.30929	1.72112	13.9237	6.10949	1.50301	28.2302	4.37013	1.40375	13.985	6.87648	1.66411	31.3399	1.78709	1.34043	6.02876	8.51318	1.84747	37.0896	2.87527	1.30123	8.54732	4.43473	1.45616	21.3305	2.67798	0.586229	12.6932	2.5195	1.33957	11.6324	4.09107	1.73208	9.21418	2.03057	1.37962	6.61151	
6.18262	1.05683	15.7722	6.60202	1.76583	19.6081	5.00987	1.59036	14.1202	4.00189	1.5423	9.79737	3.41859	1.3844	14.4512	7.75222	1.3219	27.9921	3.51258	1.10038	7.81787	8.20729	1.43084	23.2547	8.52599	0.793721	22.0586	5.66585	1.68289	18.6739	2.76075	1.74245	6.48121	6.892	1.50183	16.6747	6.92257	1.79368	25.0417	4.24944	1.04707	20.979	9.74202	1.11771	42.9265	4.77183	1.15738	14.1404	5.71888	1.19043	26.2882	4.89538	0.59066	18.5815	2.97668	1.22684	10.8595	6.83264	1.57283	20.6987	
6.78705	1.45023	28.1943	8.08211	1.82762	22.5356	6.59624	1.68316	29.0095	6.49194	1.46687	18.1153	5.50987	0.989215	26.8417	5.66283	0.954703	12.7216	6.18832	1.02133	14.3004	2.55669	1.84326	7.2616	6.27589	0.952545	28.1291	7.05949	1.00254	32.495	6.2505	1.21354	14.9137	7.51755	1.45789	16.8094	2.42377	1.6484	5.16032	9.98542	1.17378	43.9609	1.60044	1.25625	7.9625	5.68484	0.656599	26.8441	3.84249	1.93085	13.8848	4.17977	0.857492	13.8675	6.16078	1.97367	16.7659	2.66393	1.22045	5.53781	


# This instance was randomly generated with the following parameters: 
# SIGMA_MIN=0.5
# SIGMA_MAX=2
# CAPACITY_OVER_DEMAND=10