8	16
103.924	1154.7	110.624
4.65775	1233.31	126.314
94.43	777.879	53.4021
69.8246	536.755	26.6162
13.967	1018.54	86.1145
58.2045	1331.43	146.58
109.406	862.02	72.824
49.1281	980.087	91.6377
18.8307
15.7933
25.8283
26.1913
4.30249
21.4084
1.27758
21.1933
11.2169
19.3009
8.25154
18.268
8.45496
11.8809
4.44621
21.3931
3.45891	3.70165	7.01213	4.39882	1.52379	13.2808	4.24101	2.75514	12.5635	4.24432	3.86801	9.77443	3.63748	2.40014	15.9573	8.07815	3.19444	36.4446	8.32832	3.88008	38.1191	5.9537	2.69389	18.0651	2.91345	2.89237	13.0173	3.96295	1.68372	11.0655	4.6397	1.79431	15.2429	4.19385	1.96664	17.5788	3.00543	3.24768	12.6116	5.94796	1.36311	22.684	3.89749	3.34675	16.8363	8.29106	3.89683	28.4529	
5.41384	3.44452	23.0506	7.26918	3.09316	28.1384	1.52771	2.33691	4.35319	2.87352	1.58081	13.9612	7.66602	3.49348	35.2868	6.73199	1.95495	32.1135	7.61501	1.88418	21.3907	0.845571	1.71882	2.42566	3.19649	3.94453	9.83395	5.91395	3.13723	15.6687	3.75367	1.32948	17.9221	8.00934	2.05548	18.9212	3.11352	2.98469	10.58	1.42748	3.25358	3.87081	4.06201	3.02503	12.991	7.20836	1.20301	29.7375	
2.21605	3.05292	8.56051	2.8828	2.3042	9.54606	5.079	2.86681	24.963	3.92862	1.71472	10.2509	2.23586	3.72185	11.1575	7.08666	3.63534	30.3866	7.18081	2.80049	21.0474	6.31081	3.30433	29.0503	2.74096	3.36162	12.7991	2.62022	3.52519	8.041	5.95191	3.65255	12.9319	2.75363	3.11959	10.0565	4.19144	3.03835	19.9299	6.70542	3.61054	25.6846	3.16215	1.27931	14.0863	7.22562	2.6689	21.7338	
3.19402	2.8334	7.15431	3.53967	2.9974	13.2901	7.36072	1.24972	34.4325	3.95254	3.28871	14.4313	5.13871	1.73294	20.689	2.12239	3.96975	6.00671	1.80734	3.73815	4.57126	6.64422	1.85969	30.5607	4.55601	3.63055	20.4321	2.81923	2.67758	13.3049	9.40858	3.70164	28.5599	4.91823	1.67842	15.0963	7.72396	2.6863	29.3342	8.15197	1.32862	19.3316	3.13519	2.62283	7.88874	2.01296	2.09658	5.70742	
6.91579	3.60723	15.4244	8.64219	3.2861	21.331	1.59095	2.3856	5.8453	4.99934	1.59473	17.7836	8.55471	2.81467	36.2442	9.25366	1.01185	38.7239	10.0585	1.46992	30.8524	3.30771	1.74468	9.80667	4.65891	2.15259	17.2419	7.49259	3.30738	33.2607	1.43528	1.46411	3.10843	9.02131	1.02681	33.7661	2.25878	3.26401	9.328	1.7421	1.65325	6.48524	5.94219	1.45843	21.8129	9.70317	3.43439	43.3935	
8.50804	1.32739	28.8549	10.3551	2.80626	36.9824	4.47531	3.63259	17.7146	5.75286	2.55969	19.3602	10.9382	3.69086	24.0429	8.25079	1.32193	21.9409	9.32535	2.70966	44.177	2.79092	3.48702	12.1918	6.45019	1.64954	26.6392	8.93545	3.99195	31.9003	5.89934	1.95934	12.6237	11.2364	2.69483	39.8589	6.10033	1.14633	27.6172	2.86619	3.89605	9.14664	7.00358	1.55708	16.7971	8.78459	2.07099	21.5235	
3.63472	1.07135	11.9004	3.91464	1.68786	16.5843	7.70761	3.46866	19.9403	4.29001	2.72512	18.8274	5.52928	3.47769	14.8051	1.85894	1.35773	7.57489	1.39015	3.8538	5.20672	6.8898	1.51888	33.0228	4.95609	1.17768	21.2287	3.25339	2.71893	7.55134	9.78722	3.49642	37.1041	5.28575	1.93712	13.874	8.11967	1.33231	26.0469	8.43977	1.07845	23.7328	3.535	3.74632	15.0904	1.66469	1.09685	3.56264	
8.11318	3.52196	17.261	9.40588	1.52631	27.6193	4.39026	2.26253	14.5729	7.30178	3.26452	32.245	8.6797	3.42422	40.4998	11.7722	2.14055	27.3436	12.363	3.46525	31.885	6.67927	1.21902	13.8495	6.3649	1.24056	25.0448	8.69238	1.51303	21.2697	2.17805	3.85598	4.9428	9.24683	2.06693	35.1934	3.25751	2.01798	13.5168	5.31023	3.02832	18.9856	7.78251	3.47916	23.6245	12.1382	3.04279	32.6147	


# This instance was randomly generated with the following parameters: 
# SIGMA_MIN=1
# SIGMA_MAX=4
# CAPACITY_OVER_DEMAND=3