12	24
155.562	936.071	85.6703
107.673	387.585	13.6192
12.7402	803.494	55.1006
61.9012	973.158	89.8132
119.066	692.676	40.3724
176.114	535.175	24.414
132.29	1114.7	109.721
119.091	799.134	54.6546
147.959	605.977	34.7052
32.0064	1091.69	112.831
7.96525	796.985	55.81
73.6106	1305.34	152.508
2.23362
6.01626
11.2841
12.8518
13.6728
22.8454
8.379
14.2359
13.779
9.11057
11.0594
22.174
21.7135
19.12
2.98827
13.1593
14.5336
3.47542
1.70081
8.60652
4.79971
11.4161
16.3128
10.9386
4.31501	0.702301	15.1036	9.67924	0.973669	41.6321	5.59429	0.697131	27.4371	7.36709	0.974916	29.9373	5.51063	0.913933	20.5853	8.49942	0.557428	31.518	5.44095	0.901317	26.9122	7.80346	0.210406	32.1013	5.53787	0.148083	16.1165	9.75893	0.762241	31.5601	1.64165	0.490546	6.02354	1.46251	0.341344	5.26512	6.47031	0.146733	18.009	0.71104	0.241098	1.62414	7.68617	0.263194	19.7261	8.38757	0.474103	20.4028	6.23395	0.857682	22.7586	4.06051	0.674731	17.1755	8.77184	0.702576	21.5033	6.0107	0.243256	28.5383	5.93389	0.787972	15.4403	4.42147	0.509568	14.9448	6.70443	0.748504	19.4339	1.96672	0.632971	5.14701	
2.01642	0.303238	5.69244	5.09458	0.225631	16.9796	2.69567	0.311004	12.3562	4.90467	0.855179	17.9534	4.94344	0.915408	24.0649	6.10951	0.226372	27.6143	5.7846	0.809545	13.0329	3.36696	0.796238	15.153	1.95257	0.754831	9.47759	5.22463	0.915548	16.9093	3.93665	0.820839	18.969	3.23196	0.650609	13.5342	3.38059	0.500321	10.0856	4.27607	0.208734	9.34401	6.09338	0.580166	14.8226	3.98814	0.205867	13.8238	1.65461	0.346587	3.68529	4.37424	0.662894	14.9429	5.99574	0.390426	29.0221	4.86061	0.581408	21.0606	5.88812	0.266779	18.3032	2.96672	0.212876	9.17264	2.43288	0.551683	6.96805	3.04165	0.492008	10.8483	
1.81188	0.358383	7.34507	7.22005	0.770664	23.3145	6.45445	0.185768	25.5531	8.68504	0.837564	37.7851	1.15325	0.927735	2.52163	9.90477	0.487075	38.7891	8.70504	0.293783	42.9651	5.08822	0.969451	14.3221	2.70249	0.202553	9.50772	8.09829	0.661916	17.1885	5.34864	0.71025	18.2077	3.51263	0.222655	10.4465	7.19581	0.202064	25.3784	4.94272	0.202533	22.1619	9.73893	0.704565	33.9728	5.45189	0.249176	21.9922	4.50107	0.501841	17.0349	1.0784	0.559242	2.19909	9.81864	0.597223	23.163	1.37756	0.568912	6.81843	8.98967	0.179385	24.408	0.85919	0.910502	3.68567	4.01829	0.443372	12.9393	4.68642	0.75097	23.25	
5.73019	0.718681	18.5115	1.18811	0.996875	4.02515	6.43336	0.332041	16.962	7.66437	0.967973	25.5208	7.28513	0.21148	34.7186	8.4107	0.861124	38.2556	10.3115	0.432276	30.5898	1.95878	0.43031	7.63424	4.39196	0.878074	21.3451	2.90124	0.125001	7.80775	9.2339	0.389577	27.998	8.31304	0.526825	38.8884	6.36021	0.315466	18.2196	9.53256	0.725683	36.1152	9.23357	0.904865	20.5756	1.39046	0.236909	5.32715	3.67233	0.400692	12.3927	7.81051	0.871783	26.5993	7.8486	0.182833	27.3922	6.68703	0.189544	22.1323	10.1935	0.575309	39.1054	6.22644	0.49518	13.0715	3.07679	0.794697	9.16722	8.33953	0.812805	19.6936	
7.6043	0.265318	34.2353	6.0322	0.468985	25.8052	3.22334	0.222506	10.7819	1.60503	0.579124	6.85128	10.5162	0.237456	34.6117	1.44779	0.506553	5.31609	5.30435	0.667398	18.3059	6.32288	0.243074	19.052	7.09377	0.184062	23.5698	4.53833	0.722547	18.4736	7.23318	0.653952	33.2755	7.91675	0.337111	17.3021	2.34568	0.234105	6.31156	8.08937	0.168785	37.4054	2.73881	0.469916	7.14897	6.71609	0.312323	27.9841	5.33935	0.53555	17.1074	9.9435	0.664844	38.2253	0.75784	0.249535	2.35059	10.3528	0.782062	29.5529	4.84792	0.228153	22.3497	8.557	0.278081	26.731	6.45833	0.571587	21.6742	6.77553	0.434827	13.9526	
8.13521	0.854311	36.7814	5.58438	0.782271	13.8647	4.11048	0.375594	11.1228	2.7861	0.535081	8.03308	10.9914	0.619463	32.1127	2.49319	0.959176	10.1655	6.49332	0.58547	32.0263	6.27421	0.107114	15.0632	7.45015	0.248198	32.4642	3.94528	0.746258	13.5866	8.25632	0.927469	28.1917	8.78209	0.538113	29.4143	3.22884	0.341791	14.2423	9.0814	0.325224	33.265	3.87198	0.126825	7.88376	6.57164	0.630122	20.2748	5.61272	0.262066	15.9665	10.5573	0.234633	41.5837	1.75503	0.135524	8.13387	10.7559	0.549044	31.5672	6.03637	0.946697	22.5043	9.08014	0.620863	41.7494	6.61814	0.31822	16.0025	7.73219	0.618181	24.2446	
8.50775	0.537767	24.6057	6.53519	0.696833	20.0464	4.13149	0.624173	19.4247	2.31852	0.453344	6.85043	11.4136	0.320029	45.2709	1.63892	0.779662	5.70788	5.87185	0.86277	19.2111	7.04434	0.125876	27.1418	7.9616	0.324948	38.2572	4.93477	0.254997	13.4312	8.07793	0.684304	32.2399	8.81823	0.337647	33.384	3.25844	0.667115	13.0907	8.94875	0.154117	32.6987	3.05906	0.621381	11.2429	7.39398	0.496153	36.8211	6.17813	0.576013	15.2621	10.8573	0.478428	30.645	0.970015	0.42404	3.92933	11.2364	0.104923	38.5128	5.36902	0.802317	20.4045	9.4603	0.455357	46.5652	7.26436	0.11241	34.1655	7.65317	0.773467	34.3394	
7.04862	0.7437	30.4614	1.14057	0.490735	4.47301	6.35259	0.402004	18.6678	6.99741	0.43436	27.0837	9.02519	0.446866	41.0702	7.48515	0.351316	35.5788	10.1683	0.786543	34.9876	3.27107	0.200246	9.80587	5.75969	0.934527	28.7404	1.53847	0.709178	3.27322	9.86181	0.742185	26.0988	9.28797	0.630989	45.1521	6.0042	0.849946	19.413	10.3257	0.181958	50.3328	8.54185	0.416459	40.8891	2.96812	0.867007	9.30743	4.45527	0.230172	14.8969	9.35308	0.649304	28.5254	6.82745	0.712338	21.705	8.4827	0.340885	36.841	9.93935	0.104032	21.0338	7.71025	0.693176	31.5511	4.38091	0.851461	18.8006	9.01154	0.447588	41.0987	
4.18777	0.877276	17.1823	7.30887	0.994541	15.8051	2.09402	0.267319	8.01058	3.76993	0.507895	12.123	6.83958	0.766396	21.3612	4.93557	0.836834	16.3047	3.09091	0.573777	6.49678	5.95924	0.360888	12.4952	4.66247	0.976029	16.1832	6.8823	0.345669	29.4428	2.13181	0.522493	4.33587	3.00845	0.465852	9.80503	2.92418	0.408494	10.3858	2.96293	0.611705	12.3208	4.30954	0.207704	9.44429	6.58498	0.801954	31.9006	4.16076	0.608608	20.0341	5.77365	0.25436	11.6798	5.16679	0.993773	13.1887	6.99351	0.618302	23.159	3.30572	0.127036	15.5687	4.95904	0.433085	19.435	5.16701	0.56523	18.9968	1.68307	0.342668	6.08833	
7.30008	0.201755	36.1441	7.94919	0.561043	23.9948	2.77463	0.109715	11.4303	1.35149	0.727354	5.70216	10.158	0.515372	46.9316	1.80235	0.993409	6.75319	2.50901	0.891311	6.72517	7.50783	0.272862	33.1558	7.29918	0.303755	32.5639	6.78541	0.52964	28.4463	5.31468	0.9681	21.3577	6.55082	0.10196	22.7558	2.50049	0.731833	10.5709	6.24334	0.748638	24.658	0.761902	0.887138	3.13117	8.04804	0.553757	24.9701	5.98143	0.402266	19.597	9.23293	0.672383	45.9922	2.39373	0.381144	8.4884	10.1927	0.883611	21.9642	2.01407	0.679864	4.31675	8.19174	0.111309	24.997	7.19522	0.497593	16.2635	5.16901	0.976847	15.8439	
6.04819	0.836799	27.5652	10.0841	0.566121	44.6952	4.73478	0.321892	13.1082	5.72824	0.94272	17.5276	8.04729	0.846149	21.3689	6.64101	0.93065	25.9939	2.78299	0.806725	12.5809	8.61893	0.82121	30.5592	6.9242	0.523709	29.2908	9.65874	0.699022	24.3757	1.69433	0.180897	7.82294	3.55113	0.553786	7.22918	5.43602	0.504811	15.7825	2.29766	0.162248	10.1558	5.52001	0.624669	23.1579	9.24554	0.79468	26.7382	6.83382	0.791567	33.1775	6.68277	0.122769	29.0961	7.10482	0.123899	31.2997	8.42024	0.886465	17.261	3.34803	0.647001	16.0182	6.52988	0.37726	22.3975	7.71228	0.923162	20.6404	2.46731	0.187472	6.96391	
5.4361	0.827784	16.4621	4.22555	0.52016	20.6264	1.97012	0.424359	7.69621	2.5161	0.175551	7.72014	8.30041	0.800383	26.6291	3.36793	0.64967	16.7129	5.57371	0.494871	24.6571	4.06563	0.596762	19.6386	4.79656	0.216584	18.5223	3.16541	0.831172	10.9269	6.11069	0.225249	22.1734	6.29441	0.703387	20.0804	1.39811	0.524909	3.55559	6.82777	0.592735	32.0297	4.08516	0.996624	8.8785	4.52024	0.786174	20.2755	3.00775	0.578886	9.53323	7.8653	0.837437	29.779	2.9479	0.961328	13.2791	8.0873	0.355527	16.2602	5.31905	0.170249	21.3354	6.38138	0.691424	19.9826	4.12293	0.601607	13.611	5.43551	0.861432	12.1093	


# This instance was randomly generated with the following parameters: 
# SIGMA_MIN=0.1
# SIGMA_MAX=1
# CAPACITY_OVER_DEMAND=3