12	24
156.728	1320.69	153.089
84.5529	1252.15	154.297
5.68513	1212.49	124.113
170.6	358.52	12.5463
68.6129	850.586	64.5311
70.4848	1252.21	155.37
178.51	469.943	20.2152
69.1541	1045.6	103.55
16.9043	541.35	25.837
167.793	934.755	73.8465
137.833	918.658	72.5148
88.4805	735.036	53.9135
6.10908
1.71091
6.65305
1.76851
2.1972
4.15873
7.49096
0.0218535
6.32724
6.75571
1.20502
7.00204
6.78059
5.80165
4.83902
6.79233
1.97463
6.62491
4.94716
3.03817
2.14252
3.47683
1.5855
1.97878
6.73201	1.17625	18.1846	7.91936	1.39156	32.6812	7.7336	1.84394	21.9514	7.08731	1.18653	21.8331	6.33672	0.532946	30.4948	2.38558	1.09938	11.6004	4.87901	1.9734	12.7826	5.43533	1.06329	20.8457	5.41658	1.62332	12.9644	5.45402	0.848736	13.614	5.14108	1.78347	12.8013	7.71888	1.6605	20.9705	3.8771	1.16176	9.84842	8.01658	1.97065	17.4477	1.52589	0.695986	3.82908	3.45611	1.41236	16.4538	5.89224	1.19948	16.7101	6.0141	0.800232	30.0331	3.41567	1.83655	8.84321	2.31685	1.25847	7.04922	6.46288	0.747046	22.0799	5.45397	1.64425	13.1584	2.96754	1.50035	6.70411	0.267245	1.22351	0.921755	
6.12311	1.18847	20.6075	5.04685	1.65371	13.9309	6.59767	1.88635	29.2255	4.2465	1.12699	12.8505	3.99086	0.805189	11.9654	1.20801	1.95801	4.38605	2.79035	1.47868	8.00935	4.76879	0.708607	18.7158	4.82406	1.10353	19.1761	2.77462	1.6788	10.3672	4.33723	1.64051	14.9225	4.84815	0.646163	20.8749	5.2434	1.99085	12.2492	6.65217	0.539229	28.3772	1.4663	0.975624	6.41658	0.598592	0.92042	1.52271	3.02947	1.46099	12.1884	3.14483	1.48922	8.23911	4.36072	1.37644	16.1436	2.12934	1.76465	6.06242	6.99201	1.66367	20.6232	3.45898	1.30974	7.40006	0.132824	1.57252	0.477326	2.93649	1.47837	12.4033	
4.02329	1.41352	17.7188	6.15755	0.806468	13.6302	4.80304	1.67378	15.565	5.76136	1.54674	18.9527	6.14771	1.22725	28.6656	1.17647	1.28082	3.60292	5.06399	1.5452	13.2713	2.65289	1.07968	12.5816	2.67766	0.559563	7.98425	3.25747	0.813786	7.10921	2.27301	1.89127	10.2953	6.10109	1.77125	28.6504	3.28359	0.87105	8.27896	5.02976	1.82573	19.0546	1.85522	0.85249	8.97019	2.67104	1.60738	9.9905	4.53545	0.983485	21.5768	4.35624	0.632247	19.2711	5.90267	1.05679	25.4978	0.702962	1.51232	3.26003	4.7059	0.704959	15.8145	5.73224	1.83478	12.9931	2.23558	1.29594	10.4203	3.24444	0.788157	8.39949	
8.01418	1.5764	20.7777	8.88442	1.9391	30.314	9.05518	0.71213	32.2591	7.938	1.90791	34.298	6.81217	1.89374	29.7484	3.64893	1.97024	9.71996	5.32263	0.775052	17.6044	6.74085	1.01098	28.7693	6.71562	1.67676	13.7455	6.6131	0.889499	18.9194	6.46058	1.87902	29.6726	8.64331	0.796486	23.9639	4.799	0.627137	13.8665	9.34794	0.512889	25.829	2.7508	1.7885	13.0896	4.4297	1.74956	18.2932	6.80716	1.29945	31.6778	7.01177	0.620752	32.4181	2.64245	1.60739	5.78223	3.65138	1.09118	7.3987	7.52859	1.01939	20.0471	5.80051	0.948702	13.6071	4.01151	1.55328	12.4992	1.11418	1.77721	4.23639	
5.70248	0.854488	27.2265	8.55968	1.03816	21.3112	6.89898	1.70035	29.1469	7.91563	1.05962	36.9961	7.56405	1.41324	18.6517	2.75104	1.65082	6.66806	6.17161	1.95017	16.1434	4.54031	1.38411	14.5988	4.48723	0.613531	11.4032	5.80506	1.84428	20.8333	4.35043	1.05258	14.9862	8.42693	1.54775	35.6042	2.32306	1.78685	7.13626	7.28678	0.737616	20.1666	2.26908	0.648687	8.57737	4.30853	0.990604	15.4066	6.67358	0.729681	31.4093	6.66285	1.28974	17.8873	4.95312	1.21178	16.978	2.1217	1.90833	7.0021	5.01991	0.773495	16.1715	6.79192	1.15434	23.2926	3.76585	0.922469	9.37736	1.8194	1.99871	3.98148	
5.03451	1.15142	18.7722	9.32036	0.550817	43.248	6.39895	1.67854	14.8761	8.82765	1.65656	24.867	8.75265	1.23716	42.1339	3.66833	1.51773	15.8809	7.41712	1.9058	34.6683	4.10958	0.893667	17.8375	4.02048	1.04829	10.6812	6.43667	1.07751	31.7366	4.05798	0.89312	9.21609	9.24108	0.765571	22.9103	1.02228	0.819117	2.7994	6.88304	1.64108	24.4083	3.4463	1.19794	16.3356	5.35437	0.922466	12.6945	7.582	1.1592	20.7911	7.47833	1.72315	32.5157	6.34043	1.72355	14.0525	2.81955	1.62886	10.9529	3.83118	0.812985	8.62053	8.05752	0.721708	17.7012	4.81473	1.8996	11.1447	3.22678	1.48361	15.5206	
3.18131	1.53633	9.48261	4.9502	1.38475	12.3295	3.26515	0.937977	13.0596	5.01101	0.512941	17.5647	6.26733	1.75541	14.9025	2.88764	0.676392	8.86419	5.63597	1.08155	15.6736	2.11402	1.00256	7.03987	2.23526	1.59068	5.8938	2.18481	0.681745	7.36629	1.71152	1.66541	7.83417	5.03533	1.5832	24.5847	4.80694	0.542695	18.851	3.26034	1.04265	10.3859	3.77957	1.358	16.5805	3.3903	1.57244	9.87235	3.99985	1.70568	11.3181	3.56559	1.3244	15.3209	7.6578	1.8542	18.5192	2.87493	1.37103	7.55132	5.04086	0.832024	21.72	6.24687	1.21398	25.299	3.27597	0.519874	8.75707	5.35073	1.20307	26.2551	
6.65866	0.626327	33.1845	7.14042	1.21012	31.3042	7.52723	1.35252	35.8512	6.28162	1.58362	17.583	5.53585	0.745894	13.2136	1.83972	1.21921	5.96099	4.09058	0.913953	14.0084	5.31321	1.37706	24.8123	5.31494	1.67949	26.1473	4.76929	0.68973	19.4725	4.97019	1.10602	9.95779	6.9286	0.537759	33.4931	4.30847	1.15438	8.81319	7.74859	1.3414	26.5888	0.936396	1.871	3.87289	2.66761	0.549884	11.1779	5.09674	1.20552	12.0038	5.24269	0.505074	19.805	3.24883	1.53359	12.8518	2.076	1.73654	7.45305	6.7104	1.25436	17.7649	4.68235	1.83113	22.1146	2.20291	1.04602	9.42372	0.838964	1.4649	4.00747	
2.27258	1.78523	10.0304	8.33205	0.527	19.8563	3.69496	1.77166	14.6613	8.22215	1.47755	18.7462	8.92684	1.37934	29.561	3.94548	0.510269	17.3732	7.88388	1.03645	33.705	1.63126	1.12479	4.82291	1.50475	1.68635	7.50377	5.44282	1.87901	22.2274	1.82081	1.59449	4.95756	8.37714	1.42131	27.7314	1.96148	1.89933	5.00048	4.23683	0.610645	20.4318	4.35658	0.820031	13.1346	5.48158	1.86321	25.1336	7.07081	1.06535	30.5267	6.75943	1.7644	22.5379	8.20241	0.820068	33.0123	3.11205	0.535988	15.2982	1.88587	1.7263	6.78647	8.55185	1.42958	17.1699	5.05584	1.84629	11.1142	5.11725	0.989708	11.047	
5.58883	1.92251	26.2843	7.55165	1.81242	22.5665	6.61661	1.79334	23.7906	6.87659	1.43964	31.586	6.53744	1.02042	17.3052	1.74906	1.55281	6.27939	5.16795	1.52662	13.4352	4.30134	0.59716	10.7599	4.27867	1.83306	10.7322	4.859	1.52578	22.2354	4.02173	1.96382	8.41301	7.40579	1.86024	35.5219	2.97888	0.856718	9.13638	6.92354	1.27464	20.2376	1.22526	1.50045	4.33937	3.26055	1.06903	13.0064	5.63741	0.723666	24.175	5.64714	1.51644	17.2743	4.48274	0.527722	20.018	1.31664	1.66429	3.54951	5.40201	1.49766	18.2107	5.80094	1.94078	12.3561	2.71848	0.976557	5.75836	1.40825	1.17563	3.30085	
4.35694	1.76765	12.0437	6.6013	0.824472	30.1214	2.85996	1.6836	13.295	7.49363	1.47063	26.4793	9.6502	1.40001	39.7511	7.54017	0.809284	31.1607	9.5648	1.26173	35.843	4.88986	1.85444	12.5116	4.98989	1.61122	23.4484	5.59651	1.1156	14.2507	4.94591	0.852506	19.6172	6.94552	0.939304	26.3388	8.35978	1.58954	24.1816	2.22784	0.662984	8.40437	8.43212	1.30406	38.577	7.74619	1.5809	19.4366	7.13957	1.59416	26.7292	6.54661	0.718692	21.1197	12.2564	1.30959	30.4378	7.44947	0.822656	21.4208	6.92644	0.975191	22.6824	10.0495	1.57836	40.6923	7.78145	0.594555	27.7873	9.9779	1.83365	32.1109	
5.90686	1.68005	22.0661	10.9294	1.85023	39.2882	7.37695	0.547487	30.072	10.4471	1.00405	41.4682	10.3151	1.6248	24.6389	5.28141	1.14264	12.6086	8.94548	0.741113	18.7248	5.26219	0.756279	21.5366	5.15039	1.31101	11.1838	8.03207	1.69483	39.4186	5.31509	1.70758	22.0329	10.8563	1.56777	45.8086	1.78147	1.03724	7.93713	7.93281	1.04634	23.9001	4.99685	1.46994	24.4498	6.9558	1.31512	34.4469	9.20138	0.586649	43.1316	9.09527	1.37016	29.9742	7.37842	0.592868	24.848	4.43906	1.16991	16.5007	4.00965	0.976479	20.0362	9.57184	1.79738	29.382	6.41361	0.757049	25.8692	4.46068	1.74805	14.8364	


# This instance was randomly generated with the following parameters: 
# SIGMA_MIN=0.5
# SIGMA_MAX=2
# CAPACITY_OVER_DEMAND=10