4	8
30.2297	737.367	51.3185
150.245	1008.03	95.285
30.397	1055.56	98.3867
37.8282	903.082	77.1111
7.50937
5.61769
4.93082
2.66251
3.84795
5.8226
1.44696
0.372231
8.59559	2.54344	37.6178	6.39507	1.01446	24.8955	5.16455	3.87141	16.9882	8.89455	2.34175	18.9282	6.6584	3.33788	31.0778	6.84829	2.94175	19.0201	10.7274	3.94087	45.1603	7.05549	1.12445	18.7754	
5.07089	2.5672	10.7242	3.87806	1.70983	17.754	3.69258	1.00046	11.8483	8.25048	1.20797	21.3182	6.60474	3.28819	18.3079	3.13669	3.90413	13.5168	3.42872	1.61099	16.06	1.14121	1.56606	2.58437	
5.90522	2.29004	24.1254	6.37798	2.8908	19.7593	5.11902	3.61269	11.6431	6.28822	1.20119	14.0492	4.00226	1.83259	14.6324	6.47524	2.22689	32.0416	8.99454	2.84305	21.795	5.88439	2.31541	13.1306	
3.62146	1.5629	9.92948	5.77928	1.57048	18.7309	5.52153	2.57154	16.8707	7.15846	1.58697	29.9823	5.9488	2.75173	27.1708	5.02619	1.72929	15.6648	2.97783	3.57691	13.7228	3.02665	1.84984	9.23299	


# This instance was randomly generated with the following parameters: 
# SIGMA_MIN=1
# SIGMA_MAX=4
# CAPACITY_OVER_DEMAND=10