4	8
6.41035	1146.75	115.111
147.91	1208.76	144.227
63.8506	1039.22	97.5924
74.5199	1329.85	153.791
19.7252
25.5251
19.3647
22.9429
26.5695
27.2302
0.227883
28.6547
7.19676	0.929243	24.81	1.95016	0.30967	8.91879	3.89879	0.409885	10.8554	10.287	0.88772	23.2754	2.98299	0.810267	9.96522	9.39571	0.190607	26.3046	0.909579	0.746098	4.16852	4.65296	0.828755	18.1382	
8.57095	0.838638	30.0556	2.82959	0.841933	6.15971	3.48846	0.127011	8.74909	6.87758	0.90624	14.8758	7.24328	0.529027	35.0095	10.4084	0.235349	45.7869	4.43933	0.811038	13.6407	0.418542	0.365834	1.23071	
1.32243	0.319067	3.31307	8.89743	0.407624	24.0658	5.97478	0.415865	14.5473	8.44309	0.528342	25.4174	7.05916	0.722142	31.6618	1.02844	0.1748	2.32225	9.2578	0.420587	44.4023	9.72198	0.373052	31.5823	
4.75372	0.872626	23.3177	3.1601	0.593985	10.3031	2.1812	0.270596	9.96357	8.659	0.959395	42.9681	2.83503	0.273085	11.274	6.93337	0.485114	31.214	3.30621	0.479747	8.46137	5.01203	0.794244	18.62	


# This instance was randomly generated with the following parameters: 
# SIGMA_MIN=0.1
# SIGMA_MAX=1
# CAPACITY_OVER_DEMAND=3