12	24
83.7186	702.778	49.2098
130.567	484.267	23.4481
140.652	1191.65	128.136
50.252	1200.26	127.274
177.239	1008.13	86.5367
24.7678	967.907	91.5364
165.731	843.05	67.1918
105.781	1231.99	126.998
154.399	1054.16	92.1589
109.828	716.096	50.9592
46.9984	458.776	20.033
118.065	687.295	44.4152
4.95133
5.375
4.04137
3.00197
0.682096
6.07004
6.70365
3.03101
3.64754
6.16867
2.86751
4.85182
5.64992
2.97878
4.22523
4.68566
6.01337
1.47432
5.66098
0.593365
0.643984
4.30792
2.97658
0.187581
1.48982	0.351958	3.2537	5.96156	0.213711	26.9792	5.36921	0.439633	11.8505	5.66221	0.896123	15.6037	5.08291	0.532087	25.1054	7.21522	0.904155	35.7548	4.93531	0.696994	19.2598	4.75053	0.427584	13.3178	3.07401	0.108514	9.26132	3.52882	0.747093	7.90636	2.67824	0.434607	6.59081	7.70112	0.8297	33.6752	5.51145	0.155261	24.8621	6.40554	0.9326	19.9119	4.56591	0.304438	22.1224	7.1148	0.814714	20.4263	2.90276	0.780871	13.249	5.6799	0.597251	14.0951	7.8999	0.314805	22.9096	3.74679	0.68655	16.3296	2.54371	0.549996	9.8203	6.17981	0.41339	22.9906	6.44012	0.348453	29.9451	3.35898	0.15635	15.8829	
7.60192	0.142601	32.1451	7.63987	0.826384	26.0221	3.50015	0.45235	15.8352	3.59279	0.806025	13.0281	4.64486	0.886468	10.66	4.3341	0.259757	17.3352	4.31402	0.318269	10.6346	6.52111	0.740888	20.8147	8.06565	0.804003	22.9266	6.69231	0.920101	21.1626	7.81184	0.280244	16.7828	1.84878	0.732791	3.88805	2.21103	0.717032	10.2465	1.05083	0.138336	4.94264	8.11461	0.156235	33.0119	1.21068	0.651269	4.03559	10.0585	0.921334	32.091	9.09061	0.534426	21.1057	0.772254	0.739177	1.95229	3.61997	0.771276	16.9752	9.77705	0.155803	45.0381	6.33478	0.954371	19.8895	1.16012	0.800958	3.37884	6.03147	0.443896	28.0591	
2.00364	0.182899	6.76045	6.53246	0.481215	27.268	6.99518	0.629797	16.6209	7.55575	0.58977	15.4098	6.48498	0.697462	30.9674	8.67488	0.634216	31.4259	6.42442	0.178715	25.1128	5.62166	0.991573	19.5647	3.15382	0.24811	9.78947	4.35558	0.621486	18.629	3.57497	0.513645	7.17158	9.50542	0.521405	29.7137	7.47119	0.521121	19.2272	8.29687	0.664319	35.8901	4.79215	0.921316	19.6665	8.96664	0.231318	35.5545	1.48374	0.544744	6.28591	5.6595	0.210133	26.9398	9.80686	0.315582	40.6189	5.60719	0.695303	16.1347	0.809177	0.1241	2.76863	7.1597	0.532811	35.6204	8.39465	0.213198	40.5042	4.95952	0.83941	21.8604	
5.30932	0.641925	18.9726	7.12853	0.801028	31.0094	3.61694	0.345607	7.56466	1.72737	0.81098	5.15291	4.39511	0.77959	14.6483	5.4626	0.390054	27.0753	4.01152	0.935796	10.1447	5.73829	0.742651	11.8923	6.24605	0.613474	23.4964	5.31408	0.272042	16.3185	4.77365	0.542176	15.4158	4.26082	0.134651	14.9919	0.972782	0.436563	3.37533	2.61836	0.549238	7.25083	6.8738	0.715528	17.9541	3.48307	0.319616	12.6396	7.20886	0.242288	35.8565	8.03116	0.965543	17.9042	3.80216	0.436047	8.29623	1.95498	0.442258	5.34342	7.02379	0.174968	27.5474	6.29447	0.304984	27.9931	2.008	0.771015	5.56018	3.02265	0.287501	14.1124	
0.0998769	0.902964	0.285452	4.80709	0.754339	14.3165	5.15993	0.107434	15.9363	6.67498	0.474368	31.2838	4.58448	0.384828	11.62	6.77559	0.96055	24.0837	4.54314	0.215157	17.2753	3.76524	0.646315	15.4435	1.67456	0.985494	7.60605	2.49166	0.415112	10.8637	4.07221	0.487935	17.7939	7.7736	0.821546	24.9322	6.22601	0.741343	23.6168	6.70421	0.29436	17.3022	3.2429	0.819048	7.17808	7.29849	0.250654	15.273	3.32929	0.581111	16.6434	4.3064	0.714647	13.6683	8.22918	0.211751	39.7135	4.02451	0.273885	13.9816	2.71432	0.393576	11.8113	5.28718	0.818324	10.5837	7.0215	0.452865	19.9358	4.70139	0.91072	16.7987	
4.78803	0.728538	21.337	7.58167	0.828346	22.8218	4.64878	0.382268	11.2299	1.96333	0.57902	7.66332	5.19045	0.936156	13.761	6.61443	0.483244	22.3967	4.83626	0.651191	22.9094	6.15641	0.527674	23.7675	6.01684	0.9797	26.2574	5.44574	0.574339	24.9149	3.37777	0.301258	15.8948	5.6883	0.995073	23.1633	2.30355	0.531264	10.1029	4.05665	0.962294	11.7298	6.96492	0.210445	25.7628	4.91935	0.460169	21.2746	6.07416	0.13256	25.1449	8.16144	0.29688	37.5634	5.24101	0.869997	26.0563	2.63456	0.161204	9.53221	5.9943	0.308396	28.5441	7.00446	0.287231	31.8053	3.39157	0.476325	8.44627	1.57308	0.761463	6.34387	
4.53126	0.446896	22.2579	3.10604	0.902679	11.3927	1.04963	0.366501	2.93321	6.01659	0.897672	20.209	0.0967879	0.183964	0.204599	2.16217	0.451411	10.0153	0.305628	0.922491	0.747049	2.01415	0.238259	9.48679	4.20383	0.560131	20.9355	2.59529	0.929399	5.84081	7.13299	0.966313	29.1108	3.75066	0.622168	9.76677	4.59416	0.452551	19.8024	3.51427	0.370823	12.7851	3.72792	0.232327	17.1368	3.62746	0.908252	11.5992	7.84654	0.600359	25.1894	4.58555	0.647035	20.8302	4.78945	0.206501	20.3797	2.49822	0.36401	9.00873	7.29945	0.278206	15.7297	1.99276	0.671008	4.5458	4.64553	0.532048	18.1524	6.31261	0.22559	18.8377	
5.83314	0.15629	24.597	6.86803	0.410396	24.2521	2.97609	0.259797	8.27648	2.33807	0.637252	9.41159	3.94368	0.244087	16.6546	4.62467	0.188109	9.42951	3.55672	0.521248	12.0352	5.55199	0.475352	20.8462	6.5362	0.28359	26.7262	5.37539	0.151255	11.3201	5.82851	0.803346	18.2183	3.16924	0.264249	13.2049	0.755151	0.50399	3.33323	1.52167	0.468289	4.5383	6.90696	0.118845	33.6236	2.38632	0.982549	11.4773	8.08277	0.761404	39.8726	8.00496	0.732792	35.5827	2.74481	0.76973	9.06651	1.96881	0.560534	4.3631	7.83226	0.845963	19.1925	5.84091	0.640073	12.4703	1.15926	0.817387	3.02797	4.12151	0.990005	9.96764	
3.10579	0.546499	8.53396	7.80289	0.500554	31.1068	7.29081	0.917792	26.0679	6.50078	0.78154	15.387	7.06386	0.988341	21.4569	9.17912	0.730008	27.1534	6.90389	0.887829	32.9115	6.6734	0.432553	14.504	4.61665	0.383538	21.2256	5.4192	0.95505	13.1293	1.83197	0.513929	3.96041	9.46122	0.656328	19.6211	6.79539	0.299162	16.3629	8.04347	0.114657	17.3922	6.23625	0.153761	13.872	8.8159	0.905747	35.3471	1.50368	0.36976	7.39125	7.24132	0.704336	16.3547	9.47655	0.984576	38.7465	5.50713	0.912523	23.6838	1.70902	0.148215	4.80557	8.1381	0.594244	28.7134	7.82747	0.212203	31.5634	3.57647	0.268386	11.7846	
8.24045	0.381869	18.0953	6.49909	0.552187	20.7284	3.16292	0.756353	11.6871	6.31511	0.864707	23.9182	4.02035	0.601872	15.5742	2.38903	0.909756	11.2481	3.89448	0.266963	16.0294	5.83602	0.519756	26.2877	8.13788	0.9248	25.4225	6.5403	0.245736	28.5087	9.71053	0.809821	38.2529	1.0668	0.955028	3.06252	4.74185	0.653568	12.9314	2.68338	0.343298	9.96339	7.60002	0.175687	17.0633	1.84946	0.244037	4.69793	11.2912	0.673593	34.8782	8.28518	0.410123	26.7328	2.39889	0.702617	9.22057	4.72678	0.320757	20.6395	10.8504	0.279546	26.7648	4.98491	0.211411	16.7216	3.91146	0.656767	8.54595	8.21961	0.51962	37.7717	
1.51439	0.214958	6.83294	4.08208	0.156085	9.0745	5.70959	0.439309	16.9176	8.10035	0.442749	28.992	4.86852	0.373755	14.7571	6.97996	0.987244	32.3561	4.95192	0.341509	18.3229	3.46278	0.707073	10.3106	0.756756	0.403338	3.55282	2.36085	0.336924	9.11767	5.54761	0.85012	24.4723	8.47316	0.485808	18.7642	7.48117	0.469459	25.2121	7.63802	0.398063	25.2099	2.25314	0.371145	7.56621	8.11431	0.981817	33.8547	4.0523	0.2046	11.9896	3.06377	0.177059	9.73645	9.14602	0.541517	45.2295	5.08035	0.383066	14.4093	3.33137	0.515329	14.648	4.98105	0.830372	18.1275	8.166	0.494839	39.7969	6.26098	0.568089	28.0874	
4.3324	0.427952	11.5147	7.59852	0.566072	34.3843	5.0624	0.503131	23.0059	2.67456	0.103087	12.3498	5.45363	0.155814	14.4082	7.06613	0.438643	31.0168	5.12672	0.210613	22.3594	6.18099	0.74445	17.7674	5.6875	0.13196	20.1498	5.33008	0.244748	16.3146	2.57878	0.871556	6.29867	6.37168	0.798606	24.0126	3.09916	0.320123	7.56826	4.76421	0.505938	23.4367	6.79043	0.685063	30.9437	5.61905	0.436748	16.3907	5.30981	0.418437	13.0161	7.98951	0.844509	19.258	6.00772	0.686831	20.3726	2.98093	0.315121	6.57108	5.26898	0.151667	21.8308	7.17868	0.576	22.4973	4.1831	0.875557	13.9719	0.93589	0.364899	3.70444	


# This instance was randomly generated with the following parameters: 
# SIGMA_MIN=0.1
# SIGMA_MAX=1
# CAPACITY_OVER_DEMAND=10