9	18
167.924	503.615	25.1066
49.9253	1243.31	131.879
3.273	655.684	36.8534
9.0063	438.266	17.9937
93.3112	959.279	77.7453
54.5947	969.326	78.073
153.861	1124.92	124.49
133.096	564.646	31.783
148.781	386.697	13.2675
13.1502
10.6322
13.5634
0.308224
5.39221
5.0357
19.576
15.9845
11.8723
1.06485
10.8179
8.73221
14.6616
0.369834
3.32785
18.4361
10.5311
15.6074
3.82163	1.67622	15.6773	5.08176	1.97858	10.9574	4.61483	1.48014	12.2735	5.09132	1.97026	14.5545	8.55275	1.88189	25.4549	7.83279	1.42209	34.0658	4.99679	1.98123	21.0975	4.50369	1.61107	11.801	7.96176	1.75703	36.5898	0.777195	0.97954	2.93211	0.820257	0.568459	3.47929	3.14212	1.64474	14.35	6.55793	1.12221	15.5448	6.48367	1.40613	30.7205	3.23549	1.85425	13.7853	6.94854	0.906702	33.2632	4.29713	0.908578	8.76697	6.57091	1.11553	22.4922	
3.9021	0.953407	11.6228	2.51973	1.02782	11.9551	2.12708	1.44485	10.53	2.12307	1.29817	7.44764	7.54484	0.773666	27.9991	7.26887	0.734948	27.7044	2.12784	0.658179	6.92461	3.32389	1.0725	12.3864	9.72379	0.521915	29.5471	2.85937	0.872517	8.55493	3.79751	1.0332	13.7144	3.32824	0.578884	12.6468	8.37828	0.564689	33.7569	4.5834	1.45143	19.9472	2.00487	0.616806	7.64036	7.47003	1.85197	23.7637	7.32267	1.79453	17.5745	6.59696	1.45314	16.5594	
6.32886	1.26417	13.9654	10.0013	0.603851	33.8423	11.3165	1.23778	33.0361	10.7545	1.95429	51.7404	9.2011	0.930426	37.8791	7.9229	1.2892	32.0299	11.4176	1.87312	30.4315	7.96421	1.49868	30.6822	2.21665	0.881464	9.55799	6.65309	1.38274	26.874	6.24601	1.81464	27.2042	6.44968	1.95987	24.0928	1.86956	1.43698	4.01005	9.75306	1.52772	37.2795	7.96092	1.73519	26.0354	5.29847	1.68028	14.9943	5.00898	1.75825	23.8738	6.29767	1.28515	27.6132	
1.60131	1.5154	5.87398	5.30844	1.35952	13.9126	7.21625	1.819	28.1766	6.17028	1.93835	24.1415	5.53592	1.76214	15.4435	4.47311	0.526915	11.0503	7.09955	1.34742	30.4904	3.23734	0.579368	12.3991	4.67311	1.68598	20.9943	3.28631	0.818471	10.4323	3.73404	0.680031	13.7909	1.83901	1.87729	6.2671	3.39677	0.720252	16.1154	5.11783	1.05519	20.0132	3.38972	0.676573	14.8307	2.97564	1.60045	10.6169	5.66476	1.66449	23.6882	2.88683	1.06914	9.43604	
3.27941	0.971911	12.6417	6.98019	0.807773	17.3315	8.65257	1.42311	42.6784	7.80324	1.55949	31.2327	6.6116	0.683872	31.1261	5.40349	0.742351	17.4009	8.62696	1.9755	32.4876	4.90999	1.91845	13.0191	3.20499	0.543891	9.05307	4.26892	0.592567	10.2158	4.3054	0.765867	10.5624	3.46162	1.4853	7.16506	1.82939	1.887	3.67493	6.72335	1.0581	25.1519	5.00569	1.79843	14.4519	3.14856	1.7904	8.58491	5.0542	0.741326	13.0055	3.7057	1.96601	11.8941	
3.87608	1.3934	15.8877	0.341683	1.77038	1.65723	3.2588	1.53121	11.0772	0.939381	0.570455	3.53991	5.96102	1.21889	26.8056	6.02438	0.532399	12.07	2.54936	0.521579	9.74655	2.46152	1.60579	7.41927	10.0308	0.963737	40.7905	4.51478	0.587189	15.5918	5.59699	1.42735	23.9766	3.64874	1.80731	12.2946	8.82124	1.73845	30.2138	2.64224	0.958678	10.1535	2.17478	1.79117	6.69915	7.01097	1.19439	20.0711	9.10504	0.968931	43.1738	5.87437	1.26437	14.9228	
2.90082	1.33507	7.55295	6.40066	0.926675	22.4839	7.6997	1.72186	30.3712	7.08834	1.59677	35.1319	6.98712	1.21171	31.0087	5.87354	1.45051	15.551	7.75244	1.44116	33.4609	4.52456	0.831675	12.2998	4.27928	0.653867	17.7298	3.17602	0.523832	12.1746	3.15448	0.94769	10.3965	2.84928	1.34903	7.28862	2.87696	1.46898	11.9297	6.51713	1.56397	22.1097	4.30793	1.4813	9.01848	3.96959	1.91738	14.2281	4.27854	0.828008	10.7135	4.21895	1.72714	20.7309	
5.64397	1.81116	13.5148	7.76251	1.31186	19.7266	7.16079	1.38906	18.1893	7.83701	1.35063	37.4458	10.3828	1.14187	39.6875	9.43094	0.774258	33.0846	7.65808	1.3354	37.7948	6.80441	1.09128	28.2001	7.42059	0.836849	34.0834	3.16098	1.48165	12.904	2.0618	1.38776	4.90739	5.11893	1.86823	16.0455	6.12933	0.919585	20.9363	8.8973	1.91112	32.4814	5.76187	1.67771	21.2703	7.82413	1.44619	20.6901	1.62278	0.91431	4.82342	7.89217	1.27338	20.5086	
2.93127	0.867755	12.0235	6.58855	1.38947	26.1405	8.83955	0.837038	40.9718	7.585	1.989	36.8152	5.2418	1.63959	24.8745	3.99574	1.12339	10.5108	8.65895	1.25031	32.2574	4.37077	1.30528	11.6001	3.29359	1.08132	12.6618	4.94646	0.518807	22.6899	5.26921	1.35116	14.1462	3.39353	0.822708	13.4963	2.29013	1.03124	8.76098	5.86969	0.918126	13.0502	4.89241	1.18162	19.8318	1.67312	0.710008	5.17209	6.50754	1.43214	25.9825	2.31155	1.78006	11.1291	


# This instance was randomly generated with the following parameters: 
# SIGMA_MIN=0.5
# SIGMA_MAX=2
# CAPACITY_OVER_DEMAND=3