10	20
104.347	813.938	56.0891
116.548	792.91	62.3347
168.191	1111.1	120.505
160.154	1343.24	151.662
58.9294	1179.35	137.416
57.4287	1091.51	112.214
122.748	1122.26	104.305
124.288	728.007	51.2684
142.771	1318.03	151.585
164.85	1308.32	145.288
6.65136
7.38903
8.17538
3.7802
8.36112
7.13062
6.35203
8.2767
5.23948
6.02462
4.46239
6.78921
4.85349
2.40671
2.69133
0.675693
5.54987
2.44678
7.34725
4.66361
8.94147	0.222463	32.7623	1.25969	0.195704	3.55846	1.54114	0.732976	3.74791	2.81598	0.909486	9.3406	2.79082	0.945483	10.0462	1.74184	0.125616	6.04556	5.29415	0.71714	23.4562	1.56318	0.85542	7.31837	4.1155	0.54912	12.6275	3.31514	0.715499	8.27575	3.77586	0.928497	18.3742	3.03162	0.182266	12.1499	6.47693	0.406654	27.7294	2.17298	0.821	8.1962	5.79103	0.406941	18.1014	7.10531	0.566149	20.0464	3.70379	0.989284	12.4608	1.41228	0.283621	4.72359	4.54977	0.606757	17.1728	1.10536	0.61704	4.37559	
8.76692	0.980696	23.9168	6.35471	0.790416	23.3734	6.1975	0.340713	24.5132	5.87174	0.527675	17.8132	6.67446	0.887904	28.2724	6.46572	0.707939	25.3707	9.8543	0.4179	42.7494	4.95077	0.291271	18.341	3.29251	0.723275	11.5862	3.44038	0.209842	8.22386	6.23627	0.27808	14.3279	8.32549	0.224951	40.3382	1.88065	0.118883	4.1863	6.935	0.242365	25.9388	7.82581	0.681397	22.2814	11.6638	0.409378	37.1548	7.9228	0.168085	19.8227	6.69483	0.108202	21.7651	0.779593	0.112636	3.65671	6.40588	0.874152	22.7644	
10.7378	0.226924	22.3096	0.719857	0.510298	3.50399	0.69029	0.605559	2.32508	4.47197	0.942538	17.3371	1.44603	0.186233	5.41651	2.85005	0.137337	12.481	5.5873	0.69332	23.7201	3.45676	0.193259	8.12749	6.07375	0.885241	25.481	4.0535	0.677209	19.9547	5.42548	0.26556	13.5256	1.76309	0.768728	6.95018	8.24196	0.506305	22.5896	0.284412	0.535186	0.922229	7.31301	0.447479	24.8643	7.21429	0.820612	32.0659	4.55975	0.248892	11.872	1.77395	0.417592	8.49694	6.12061	0.388089	13.4897	1.15177	0.927562	2.99667	
8.73932	0.721171	26.3754	2.99349	0.676664	14.1095	2.90744	0.929495	7.37496	3.54186	0.282109	12.6655	3.67336	0.734089	17.8768	3.39004	0.879537	12.9875	6.98237	0.699345	26.2319	2.17703	0.420974	7.14879	3.06222	0.92754	12.5615	1.9335	0.614352	7.25081	4.31613	0.257744	20.3978	4.95416	0.731654	15.1381	4.69267	0.762867	13.5791	3.65577	0.517932	8.43372	6.32715	0.898377	26.5703	8.81901	0.858523	29.5698	5.17734	0.88433	24.2882	3.38226	0.281853	9.2474	2.59853	0.535515	8.13857	3.03773	0.776919	9.11914	
6.06803	0.918662	20.6938	7.50947	0.554462	17.6023	7.5934	0.303975	15.6856	5.3625	0.575468	15.5516	8.45997	0.948158	33.7153	6.67906	0.570243	14.7722	9.37946	0.425592	42.0429	5.16325	0.243309	20.2495	2.33295	0.780423	10.1964	5.82442	0.774964	20.2369	5.24452	0.195555	16.9143	9.20964	0.944652	33.1622	1.5092	0.83311	6.44178	8.32794	0.498342	35.483	6.16469	0.569705	16.353	11.0318	0.798911	30.7184	7.47546	0.424774	29.9149	7.34391	0.877612	21.0192	3.0751	0.916278	12.0399	7.34768	0.119074	23.5095	
8.84537	0.28629	40.7462	1.25197	0.8485	4.72813	1.81629	0.161623	8.1166	2.56984	0.996221	12.2024	3.12661	0.480054	14.0173	1.00534	0.285394	3.47963	4.38708	0.734526	19.5515	1.74506	0.771434	3.82223	4.58096	0.278356	13.5937	4.2526	0.782034	13.1379	3.51883	0.662448	10.3343	2.36975	0.15375	8.69654	7.20408	0.501551	25.5439	2.18042	0.827384	8.70807	5.41826	0.149615	18.6405	6.18254	0.927835	20.3407	2.92304	0.766837	8.63896	0.518662	0.682334	2.50573	5.40343	0.472944	17.1353	0.75606	0.823282	3.63785	
10.1172	0.785319	27.2086	4.55301	0.293537	9.34815	4.22112	0.311548	16.7473	5.57165	0.921625	19.1604	4.39725	0.794955	11.0691	5.44201	0.632677	15.851	9.04866	0.502913	28.0038	4.25195	0.218154	20.1005	4.21375	0.468199	16.6923	0.997761	0.894001	2.31898	6.26677	0.241115	14.8694	6.56251	0.959501	29.6094	4.30595	0.651475	8.9547	4.89911	0.210109	21.7188	8.20516	0.414719	28.4884	10.883	0.92881	45.4541	7.26191	0.433456	29.8404	5.26893	0.839452	21.2323	1.99893	0.791578	7.78349	4.77284	0.615249	20.1329	
11.9381	0.100656	29.6912	2.16017	0.494394	10.4273	1.5713	0.355887	3.41566	5.80729	0.914224	19.6354	0.280693	0.737932	0.967979	4.38944	0.234114	17.4466	7.3139	0.691354	15.8137	4.55999	0.612756	20.8622	6.72845	0.623463	33.6323	3.36794	0.10094	11.8941	6.77213	0.70509	24.1283	3.30226	0.614386	14.0948	8.30638	0.168599	20.2645	1.47349	0.82502	4.80148	8.75651	0.381301	35.7928	8.92718	0.75436	27.1272	6.22116	0.49362	26.1856	3.40442	0.949999	10.9664	6.00613	0.250448	12.8917	2.69376	0.988554	7.86933	
5.16043	0.706069	18.5045	7.37199	0.654025	34.1296	7.5334	0.410571	22.0251	4.79985	0.793668	16.3666	8.5116	0.68065	38.5521	6.27513	0.697754	16.5843	8.71528	0.269665	39.0504	4.83932	0.624805	16.864	2.00144	0.258853	7.90103	6.18321	0.910179	21.2724	4.54588	0.411072	18.2627	8.93886	0.274023	32.2767	2.44978	0.922141	6.9327	8.24546	0.126603	39.2467	5.28248	0.608807	17.1991	10.3103	0.729775	39.367	6.85457	0.29626	23.314	7.04997	0.920978	26.7518	3.64178	0.649901	14.3092	7.14654	0.576699	23.5873	
9.14575	0.974664	33.3709	3.77949	0.360473	9.68605	3.58042	0.966493	13.6268	4.39012	0.371941	18.7787	4.0941	0.616006	17.6385	4.34498	0.653528	9.20516	7.93396	0.528217	35.8664	3.08316	0.770499	9.8305	3.27639	0.586075	8.38017	1.38768	0.868256	4.36514	5.09237	0.388408	15.7756	5.78121	0.607088	16.4797	4.17898	0.516838	9.8788	4.3142	0.480072	9.91221	7.04927	0.635389	22.27	9.7709	0.895919	40.9848	6.11424	0.755186	29.4548	4.30112	0.101566	17.6348	1.89713	0.117743	4.88531	3.89816	0.212868	8.28774	


# This instance was randomly generated with the following parameters: 
# SIGMA_MIN=0.1
# SIGMA_MAX=1
# CAPACITY_OVER_DEMAND=10