4	8
111.505	1024.1	102.376
104.776	997.504	96.5211
176.672	1208.89	125.329
52.4431	987.876	94.1283
30.5724
12.0685
19.4923
21.5546
2.24104
21.8943
2.7022
28.9259
6.69825	0.562385	22.9662	4.46616	0.904844	10.8585	4.92209	0.2844	23.1774	2.64797	0.343401	10.138	8.08883	0.199369	26.4611	6.51512	0.526153	15.2697	3.39759	0.411937	8.4934	7.13776	0.552817	35.1523	
8.92521	0.923554	32.3165	7.32373	0.600074	18.3975	1.37158	0.745113	3.3228	1.96663	0.767465	7.69304	7.92018	0.827808	15.8464	8.36752	0.870273	30.7704	2.0461	0.919584	5.12802	7.92338	0.8806	20.8279	
9.1466	0.237351	34.3297	8.97347	0.751524	43.052	4.36485	0.14846	11.6043	7.10553	0.455436	28.2386	4.97644	0.416415	19.9256	8.19278	0.947213	20.3597	7.23411	0.894827	30.728	6.37099	0.342247	14.2008	
8.67928	0.44047	33.9062	6.20764	0.5287	18.2891	6.09781	0.755999	15.3012	2.92941	0.368171	10.6247	10.4978	0.80186	45.9799	8.66373	0.511817	28.6177	3.39708	0.924015	15.2004	9.50926	0.255501	36.7043	


# This instance was randomly generated with the following parameters: 
# SIGMA_MIN=0.1
# SIGMA_MAX=1
# CAPACITY_OVER_DEMAND=3