9	18
87.996	1112.87	107.005
92.8573	1174.99	120.099
147.389	871.977	66.5838
107.576	958.512	78.1446
54.6143	1311.13	149.618
32.7898	708.161	49.75
39.4225	1187.87	135.838
63.5573	727.351	47.1711
105.601	932.892	85.5395
25.6226
16.3598
23.4305
31.4294
9.08553
5.25548
7.48711
30.0578
4.10994
8.55929
0.474277
20.1833
12.509
31.194
1.87905
0.127804
15.705
36.4462
6.87762	0.147739	26.5038	4.897	0.967971	13.8043	3.58421	0.610049	11.9132	4.0985	0.29663	11.6562	6.26055	0.889242	15.4387	6.32269	0.547142	26.244	7.41981	0.472198	21.0824	2.03117	0.920411	10.0826	8.29479	0.81778	40.7757	5.21414	0.287185	10.4511	8.13443	0.219839	37.1416	6.35691	0.706195	19.8515	7.3034	0.342094	15.0553	6.7341	0.494706	28.541	6.05492	0.217959	17.6555	3.06004	0.305641	10.1339	8.14592	0.481876	30.1484	2.54339	0.768211	10.0556	
1.68484	0.621009	4.13556	1.18808	0.318811	3.24638	8.78119	0.214908	27.8439	7.48839	0.912872	16.7457	3.57074	0.426461	14.749	1.11485	0.530261	5.04043	7.65879	0.934665	29.3378	7.24156	0.625883	30.2419	3.68541	0.443301	11.1853	7.59696	0.848116	17.3123	5.27214	0.323811	14.1054	9.80455	0.625122	39.3038	5.2709	0.998212	18.8808	6.58998	0.560296	23.5488	2.54533	0.380356	8.73005	5.12097	0.66312	23.3525	4.00342	0.528165	8.30063	7.46138	0.603483	28.9196	
4.81013	0.881304	20.0345	2.17252	0.376902	7.93452	6.80187	0.951221	31.423	4.88424	0.623157	19.4678	1.21009	0.989679	5.44349	2.52828	0.563301	11.0556	4.55846	0.682529	17.1585	5.54119	0.689578	22.5417	3.38355	0.796175	15.721	4.67344	0.510082	11.418	3.20571	0.593288	15.6035	6.97044	0.243747	19.1607	2.65646	0.271703	8.55149	3.49425	0.440253	9.74861	5.34147	0.369095	22.7297	6.02363	0.734943	14.3629	3.11871	0.751859	9.51561	5.54214	0.943502	13.2133	
3.16338	0.62568	9.01547	3.71266	0.615017	9.85493	8.53556	0.867884	42.3473	8.31678	0.671242	30.7046	6.62864	0.858932	22.7273	4.66637	0.815484	9.99346	10.0329	0.154446	40.097	6.93255	0.50311	22.424	7.26018	0.535749	22.2633	8.96874	0.527708	20.0615	8.57432	0.249951	21.3965	10.7705	0.771348	34.8259	8.30634	0.317902	27.8954	9.02529	0.258134	34.3004	1.62732	0.504108	6.63117	2.467	0.323358	6.89743	7.53216	0.592905	37.6184	7.37174	0.281978	23.0414	
2.78204	0.341751	5.75593	3.23868	0.275395	14.2422	8.42033	0.780187	16.9796	8.06245	0.916394	25.4032	6.16092	0.855898	25.0776	4.18262	0.321984	14.7198	9.62979	0.730716	34.9734	6.80606	0.966467	28.8007	6.77722	0.177455	22.9631	8.65915	0.131513	24.5016	8.09766	0.535386	22.7813	10.519	0.352045	43.3827	7.84508	0.653908	20.9834	8.61255	0.884615	31.8825	1.3427	0.685617	4.08921	2.65111	0.895666	6.35415	7.04727	0.818556	33.8029	7.22152	0.273249	21.6344	
9.25107	0.225577	21.0294	6.49529	0.627041	28.4358	4.98019	0.727627	10.0552	2.41316	0.876387	10.3752	4.70134	0.536562	20.4099	7.02699	0.943286	24.4743	1.78549	0.328614	5.41669	4.84659	0.387759	16.4223	7.00014	0.272802	28.0536	1.08728	0.994279	4.98885	5.08142	0.590996	12.3166	2.95036	0.495434	7.99712	4.01462	0.317631	8.17677	1.94532	0.713521	5.78197	9.49649	0.707382	33.0439	8.59464	0.247447	17.3138	6.42273	0.592594	13.985	4.40785	0.614097	11.5579	
5.14391	0.798532	19.6578	3.05037	0.624187	15.0023	8.15764	0.780106	23.7399	6.00145	0.242956	23.2496	0.405116	0.679974	1.06501	2.56949	0.909248	12.3665	4.4899	0.558676	21.9881	7.00112	0.838741	26.6937	2.06139	0.554796	6.63348	5.48985	0.559073	13.2201	1.81818	0.225207	4.90204	7.80206	0.380204	29.1208	1.72998	0.541916	7.81011	3.46901	0.372096	15.6552	6.06678	0.813753	21.6276	7.42676	0.440595	16.7407	1.64022	0.172254	7.9486	6.94716	0.596802	24.7713	
2.07395	0.734438	4.42095	1.46037	0.2497	6.87816	8.01094	0.47233	39.8645	7.1192	0.4927	15.5118	4.39062	0.197679	11.9091	2.44179	0.421986	11.9145	8.07603	0.175855	16.428	6.41091	0.169349	22.6749	5.03325	0.396478	11.6992	7.48229	0.687977	15.5344	6.30248	0.324234	19.8775	9.5397	0.277408	36.9823	6.09108	0.58422	20.5228	7.02959	0.623358	16.4855	1.82192	0.404795	3.97104	3.68346	0.197068	17.8803	5.26616	0.413012	21.7573	6.71699	0.648205	22.5303	
2.64247	0.785974	6.35335	2.18656	0.874104	6.37076	7.70995	0.477484	21.581	7.10764	0.459532	21.8217	5.07655	0.112885	13.3613	3.31207	0.261277	10.9065	8.50793	0.16351	38.8601	6.09137	0.855794	16.0694	5.89456	0.105472	13.3575	7.6231	0.82279	15.3498	7.04358	0.243272	30.4194	9.55907	0.306219	47.529	6.74557	0.199434	14.8053	7.48789	0.74727	16.1531	1.78307	0.715012	6.4242	2.83006	0.203817	8.19738	6.10066	0.407409	14.9148	6.45553	0.850289	26.1549	


# This instance was randomly generated with the following parameters: 
# SIGMA_MIN=0.1
# SIGMA_MAX=1
# CAPACITY_OVER_DEMAND=3