8	16
174.754	1163.71	135.368
174.817	732.596	44.5501
69.3052	768.775	58.4563
36.2966	845.683	69.8642
75.9334	702.164	48.8061
172.858	778.897	52.3905
65.9052	1290.46	137.981
106.42	879.724	76.8788
3.51991
0.595575
4.07435
23.8522
25.6122
11.7944
10.3843
20.9919
19.6289
42.0791
23.1713
13.079
44.3645
38.666
18.387
11.9467
8.73845	0.69434	30.5003	5.32069	0.810797	16.5756	9.30499	1.79969	22.8007	2.50624	1.83869	7.76628	0.651472	1.58682	1.6946	3.11723	1.20927	8.5028	3.0063	1.3059	14.8475	9.28198	1.89678	40.7595	9.38463	1.68719	34.2381	9.52396	1.89133	44.3824	3.94166	1.62607	17.5484	7.91535	1.84535	32.9567	4.97737	1.58688	10.4196	6.44631	0.907477	30.8354	8.83481	1.78548	34.737	6.62606	0.93866	13.5241	
5.96787	1.55805	18.002	2.67688	1.25914	7.18005	6.69762	0.794296	31.3101	2.96594	1.28398	11.6712	3.46348	1.78348	14.561	3.0918	1.34014	8.87678	2.00051	1.71594	5.38973	6.7989	1.03373	30.5363	6.95309	0.610211	19.3199	6.99764	0.73323	16.1418	1.26116	0.996475	3.32836	5.65177	1.59416	20.6368	2.63089	1.05453	12.7799	3.60986	1.52263	14.7067	6.07383	0.705887	14.1184	3.79318	1.08545	9.23049	
5.76369	0.732421	22.4846	5.05221	1.93623	24.8426	10.0525	1.88324	44.1732	9.80234	0.575824	40.328	8.98351	0.79734	33.4079	10.0073	1.89829	28.5874	5.48097	1.45683	13.3007	3.93111	1.72156	10.8111	3.70321	1.21819	15.1616	10.6216	1.64316	40.641	5.90481	1.69155	13.8481	2.75199	0.69385	11.5182	8.42984	1.41691	41.1486	6.53864	0.899616	32.6611	8.68449	0.716007	31.6242	6.2395	1.10836	30.0405	
0.812391	1.53906	3.02499	3.87243	1.39107	17.116	3.94002	1.32464	9.89852	8.60127	0.861012	29.4892	9.65826	0.726293	33.7537	8.34903	0.766296	38.4644	6.7656	0.657997	30.8091	3.04024	1.36421	10.9358	3.3584	1.50337	11.7029	4.53877	1.3673	11.1317	5.10703	0.947759	19.8302	3.82735	0.74238	12.5609	5.23839	0.639581	13.1673	2.69224	0.899882	6.39048	2.53143	1.72137	7.07733	2.42923	1.36553	8.06862	
1.57441	0.560514	4.32517	2.38915	1.07029	8.0182	3.89587	1.50481	13.8069	7.02043	0.686776	32.8359	8.04614	1.21871	19.3189	6.80045	0.975199	27.1182	5.27125	0.612749	16.2751	3.45455	0.600745	13.3285	3.74699	1.87734	15.6928	4.46234	1.77834	9.58479	3.51892	1.42579	12.2391	3.50264	1.58807	8.36397	3.78927	1.21365	10.538	1.12573	1.99802	4.65981	2.56447	1.73886	9.55736	0.819182	1.15587	3.59926	
6.53835	1.37195	17.8556	4.6012	1.13978	17.4781	10.2171	1.48768	51.0217	8.36092	1.04931	16.9137	7.16675	0.905012	14.5383	8.66898	0.929475	38.712	3.91926	1.85565	8.30397	5.27104	0.763599	19.7029	5.1352	1.76833	12.8115	10.7368	0.828498	52.8136	4.95699	1.64898	13.7414	3.70962	1.14426	18.1593	7.71305	0.914499	24.155	6.4352	0.681528	20.0989	8.97036	1.04131	43.6066	6.22651	1.43885	18.7163	
4.6209	1.63113	17.9791	1.23154	1.94759	5.89773	6.82856	0.896475	16.557	5.06565	0.684298	23.6854	5.0061	0.724426	14.1785	5.19045	1.28979	20.6303	1.68609	1.32949	5.12477	4.92411	1.35775	9.89139	5.03303	1.50444	11.0253	7.26983	1.03101	16.7333	1.0579	1.67758	4.71576	3.61776	0.580398	14.4936	3.79447	0.970924	10.033	3.07154	0.555246	6.98306	5.81957	0.994495	25.586	3.03567	1.90926	14.9402	
5.02592	1.01167	14.7523	3.07353	0.523687	10.6421	4.25188	1.2539	15.3242	3.8353	0.709079	18.593	5.58637	1.12131	26.4481	3.48212	1.1983	13.2741	4.37619	1.83059	15.9738	6.6437	1.68741	14.0747	6.88989	1.831	28.4177	4.48846	1.56011	14.9923	2.56506	1.00871	7.41379	6.05723	1.21382	13.898	0.349423	1.49197	1.31695	2.3399	0.864052	10.2525	3.9129	1.03425	10.1082	2.69921	0.936572	11.7988	


# This instance was randomly generated with the following parameters: 
# SIGMA_MIN=0.5
# SIGMA_MAX=2
# CAPACITY_OVER_DEMAND=2