6	12
131.935	1150.51	117.608
64.869	732.029	52.4085
165.613	1279.37	148.736
133.207	981.95	95.1998
136.139	1058.85	103.288
133.617	620.791	37.6245
3.58851
4.67805
6.70957
8.19773
1.91063
7.35611
5.79707
3.26649
0.0926131
6.39432
2.63994
4.85556
2.7821	0.837611	13.3272	0.938036	0.407258	3.68544	5.26907	0.305424	19.9515	3.23473	0.163531	12.1074	1.27947	0.726713	6.17359	7.50162	0.456972	33.8111	4.91602	0.71099	23.289	4.00097	0.266845	15.2375	4.728	0.354465	9.64136	3.5092	0.424714	14.9123	3.30341	0.51525	14.6286	2.60271	0.639852	11.1697	
9.48407	0.253464	40.9173	7.4512	0.889984	24.8694	5.75506	0.260893	19.4484	9.72012	0.201211	45.4403	7.95395	0.980997	22.3257	3.22478	0.677473	12.2789	6.0073	0.430079	12.3506	7.87859	0.526761	25.1724	7.35253	0.667054	33.9771	5.95133	0.794777	12.4228	9.93393	0.791026	31.1237	9.32105	0.929205	46.6017	
5.38472	0.819525	24.7855	4.66715	0.589024	21.8777	3.56449	0.822398	9.9268	4.52024	0.201248	16.8061	4.96109	0.623881	23.9943	7.53911	0.550987	30.3529	3.13024	0.475113	8.29221	9.29303	0.255894	30.9974	10.014	0.468169	48.3187	3.04417	0.431066	12.4343	5.1069	0.844113	24.4603	5.52843	0.905722	25.872	
7.48991	0.608615	33.2886	5.75578	0.818888	15.9508	0.541327	0.415922	1.90297	7.0698	0.172848	25.3938	6.30124	0.484791	28.6669	3.62079	0.148822	11.1819	1.03028	0.976489	4.99672	9.30693	0.657267	42.539	9.55842	0.209653	24.3487	2.35097	0.691966	9.43953	7.5586	0.960507	15.1592	7.49315	0.749937	23.5838	
6.26479	0.288141	16.2694	4.21449	0.155829	20.7421	3.87358	0.985536	13.7654	6.46628	0.304859	29.0492	4.73525	0.69494	14.2291	4.23609	0.176501	10.3757	3.86658	0.494911	19.3019	5.7655	0.310026	22.9266	5.72159	0.826757	24.9815	3.18377	0.272545	8.77817	6.69047	0.87713	31.9371	6.11727	0.804336	13.2858	
7.35866	0.194135	28.8803	5.74493	0.639385	17.605	0.705457	0.490436	2.57154	6.85383	0.109983	22.63	6.26762	0.219639	27.5237	4.24919	0.228799	16.6225	0.939163	0.857392	3.04646	9.54853	0.293992	29.6714	9.87485	0.6618	44.316	2.3527	0.369027	6.19598	7.36915	0.853231	15.368	7.38579	0.38974	28.2954	


# This instance was randomly generated with the following parameters: 
# SIGMA_MIN=0.1
# SIGMA_MAX=1
# CAPACITY_OVER_DEMAND=10