6	12
76.3254	396.844	14.9948
37.7471	1134.86	121.282
67.2853	1304.96	147.845
56.5115	1198.64	130.824
109.134	742.777	51.2787
78.6049	943.47	85.1548
5.78029
19.2782
10.7709
14.0847
15.0158
19.2899
22.0345
15.3561
19.2715
19.8066
12.1552
10.9493
9.07787	0.998878	27.4052	9.84128	0.387197	20.9693	7.39622	0.462744	23.5251	8.04228	0.24012	19.3692	6.94443	0.376975	23.1359	4.42818	0.403468	19.7537	7.58734	0.814392	27.8604	8.20757	0.5938	28.1237	4.43907	0.110053	14.8064	8.64038	0.89349	21.7049	7.50576	0.779084	20.0973	7.83833	0.492799	20.6856	
7.70061	0.601485	25.8744	5.28002	0.550776	11.0901	3.56096	0.135854	7.91969	4.34335	0.402694	16.028	5.49352	0.305846	12.353	2.59496	0.182906	12.401	3.0495	0.225934	12.438	7.10938	0.975971	25.5026	2.22366	0.468388	6.79552	4.18054	0.385367	14.007	3.84319	0.583437	8.93191	6.02273	0.584991	25.5829	
10.4001	0.17945	28.4155	4.1692	0.623385	11.7423	0.236911	0.491098	0.565716	1.02374	0.894968	2.32667	8.38231	0.485995	32.0797	3.03296	0.199935	12.746	3.15478	0.193906	15.071	9.96729	0.186054	48.3265	2.85407	0.906547	11.9164	4.2129	0.244359	20.222	5.62744	0.886722	18.6026	8.69537	0.791161	36.5474	
10.4225	0.277971	43.8881	7.98338	0.720665	17.1699	4.58064	0.505706	19.4931	5.0772	0.457414	19.873	8.14253	0.256055	34.8589	1.37899	0.732927	4.26915	6.01997	0.656507	29.1905	9.68827	0.667358	39.1143	1.61349	0.919564	6.25443	7.24489	0.16305	24.2827	7.13695	0.300825	15.9944	8.85545	0.55445	27.4783	
11.4308	0.144988	53.32	5.29048	0.123768	21.5608	1.13688	0.499678	5.08147	1.08383	0.223421	4.31149	9.34341	0.283007	20.5676	2.82621	0.628631	6.31491	4.36025	0.612729	15.5017	10.9478	0.563732	40.5916	2.80171	0.62057	8.79796	5.42462	0.961513	14.1329	6.76845	0.176173	30.8231	9.72327	0.520031	41.9678	
3.72609	0.409794	14.6244	8.12652	0.936423	25.7937	8.21879	0.933768	34.5712	9.00832	0.600261	24.0031	1.67423	0.795054	5.5279	6.9816	0.977509	14.719	6.12858	0.747821	17.5198	2.87195	0.105619	13.5161	6.68882	0.468486	32.0248	6.49174	0.366642	23.7995	4.16566	0.364221	20.1113	2.6104	0.934102	12.1997	


# This instance was randomly generated with the following parameters: 
# SIGMA_MIN=0.1
# SIGMA_MAX=1
# CAPACITY_OVER_DEMAND=3