4	8
102.895	1013.2	100.859
117.846	1019.08	99.0064
105.025	1141.16	121.451
165.261	365.195	13.3074
25.0024
23.5149
16.4786
12.3803
11.5277
27.5661
21.8491
28.9924
5.41199	0.836109	21.0619	6.00551	0.57107	18.0575	5.19815	0.847601	17.1982	6.60937	0.775691	25.6577	4.99257	0.936114	16.9713	3.13598	0.261105	11.9654	6.23083	0.807228	21.7497	1.29234	0.191364	5.00695	
7.27486	0.657512	28.3485	5.43944	0.653636	16.097	6.9796	0.485733	24.8815	8.32638	0.633996	19.5148	6.45946	0.367864	17.7169	3.11686	0.769129	11.5881	7.74513	0.897747	26.6955	1.28156	0.833109	4.94214	
7.86093	0.247718	31.4601	8.66834	0.186167	40.3426	8.43948	0.580032	32.4647	9.95598	0.975677	46.3171	8.67615	0.377823	40.632	6.30552	0.620802	26.4701	9.85892	0.422613	43.7859	4.24765	0.649197	18.109	
3.69972	0.472193	10.0701	6.46559	0.451088	19.8588	1.90014	0.975618	4.03135	2.76107	0.539411	10.7303	0.921553	0.814542	3.13159	4.16969	0.552982	9.37005	2.08388	0.716937	9.26923	4.49197	0.188373	11.0165	


# This instance was randomly generated with the following parameters: 
# SIGMA_MIN=0.1
# SIGMA_MAX=1
# CAPACITY_OVER_DEMAND=2