8	16
46.8736	1050.56	105.331
141.61	681.02	42.4734
6.29666	735.951	50.2866
69.6451	1209.81	139.615
63.9227	1294.01	148.071
139.575	1244.51	134.042
59.178	958.083	82.7619
173.124	1117.19	118.813
2.27819
14.6843
8.93883
7.1437
0.457804
14.0297
1.67528
18.3964
14.295
16.048
4.27085
4.73565
0.86043
20.7869
15.3482
20.3296
5.2589	0.233107	17.293	10.344	0.664008	21.2443	5.96841	0.32835	22.7778	7.21292	0.742125	31.1678	9.92222	0.68484	47.3415	9.45623	0.348067	35.6859	8.66972	0.696627	18.7653	9.26405	0.589542	40.2953	6.03014	0.178016	27.0184	4.59791	0.331437	13.0722	7.81684	0.727019	36.2596	7.83149	0.710966	33.8783	3.89754	0.768793	18.1419	8.71181	0.938594	40.1156	11.2923	0.954146	53.3578	10.1188	0.650045	50.2762	
4.00865	0.751546	19.2263	6.40029	0.62888	16.8074	4.54927	0.150641	16.4408	6.07497	0.24456	14.1615	6.00776	0.451326	16.9042	5.55194	0.901417	13.2356	4.71009	0.489035	14.8823	7.53805	0.93828	15.6056	3.8711	0.745091	17.71	3.39356	0.866609	7.34949	4.03274	0.618512	18.3534	5.66989	0.420027	18.4417	2.53881	0.322247	9.18196	4.92288	0.617509	18.4827	7.33817	0.798821	22.5036	6.23874	0.827427	23.6951	
7.97486	0.635913	35.2981	2.27686	0.411258	9.51485	7.78794	0.628808	16.5105	8.49438	0.753987	18.4781	2.84126	0.254835	14.125	1.63639	0.235208	7.51383	2.79953	0.886946	7.18982	7.98506	0.54009	37.3526	6.75281	0.148521	25.669	8.02771	0.374927	20.9757	3.36611	0.83734	15.5902	6.65604	0.47172	30.2772	8.78567	0.939453	20.6618	4.16004	0.295466	16.084	0.95932	0.235429	4.58084	3.18136	0.320313	10.5519	
2.43796	0.499381	10.9357	9.3741	0.88068	29.1295	3.12831	0.953566	15.4567	4.30571	0.577059	16.9798	9.10241	0.543578	23.7822	7.96406	0.399224	22.4296	7.61227	0.444678	28.0955	6.37973	0.552994	29.9498	3.42838	0.603489	12.8859	1.87086	0.532899	5.30968	6.18222	0.757229	24.8091	5.07675	0.361147	21.6508	5.11161	0.45427	15.0462	8.24644	0.203594	25.1647	9.96198	0.333763	44.9824	9.40458	0.121715	45.5317	
4.51052	0.636809	18.5122	6.79933	0.372314	20.9217	3.93757	0.655265	12.0748	3.83024	0.439006	8.68264	7.03809	0.565586	19.4758	4.63236	0.741152	20.2244	5.73069	0.197393	13.6243	2.73577	0.758531	12.1816	3.4582	0.44457	9.89255	5.00237	0.319207	23.921	3.87604	0.343109	12.668	2.01812	0.710417	7.51782	9.1445	0.543863	21.2918	7.46702	0.15646	21.2864	6.17179	0.952692	24.1043	7.47945	0.919195	32.3601	
5.07775	0.272901	22.6322	4.21271	0.414046	15.1998	4.81412	0.946104	12.4138	5.47148	0.62728	14.5554	4.42852	0.554705	17.2398	2.04255	0.648806	7.51234	3.15347	0.471992	15.6706	5.14656	0.642648	14.1837	3.83201	0.239563	17.0816	5.24306	0.973296	18.3231	1.58606	0.726518	4.81035	3.652	0.186723	12.8819	7.60311	0.737299	31.8073	4.92187	0.236784	11.9901	3.79909	0.259025	18.5979	4.8699	0.288892	19.8055	
3.3697	0.914613	9.59195	7.48581	0.646202	28.8245	2.73737	0.816862	6.54912	2.53285	0.633001	8.85756	7.63033	0.410369	26.6069	5.33219	0.217997	13.8686	6.18408	0.388856	26.7119	1.87627	0.372569	5.87155	2.49246	0.807004	8.75112	3.94028	0.803373	17.7769	4.1715	0.334581	13.2762	0.748901	0.199818	3.12334	8.65935	0.355502	22.4655	7.8157	0.102575	24.8355	7.08131	0.814138	26.3091	8.06711	0.630446	27.6687	
8.49287	0.733521	32.9984	4.05563	0.874035	13.0184	8.82794	0.365163	42.182	10.2372	0.24897	34.414	3.42472	0.774116	10.9764	5.16012	0.970212	20.6565	3.65756	0.651309	8.65276	11.0338	0.322997	40.592	7.83328	0.473192	33.7782	8.03293	0.680944	34.7284	5.20037	0.799253	13.6041	9.11844	0.94341	28.3717	4.45668	0.999687	11.1477	1.99077	0.101703	4.39515	5.62419	0.747562	20.4617	3.25996	0.177383	12.5271	


# This instance was randomly generated with the following parameters: 
# SIGMA_MIN=0.1
# SIGMA_MAX=1
# CAPACITY_OVER_DEMAND=5