11	22
120.44	657.953	36.8474
120.622	1010.62	92.828
118.04	820.953	57.5814
57.7494	1145.87	120.141
2.42551	941.77	86.9034
158.991	1165.64	122.18
44.2894	560.57	29.716
46.5792	715.965	46.7719
151.814	1069.21	101.388
63.8549	869.61	66.7749
61.7208	1209.81	145.743
24.1908
19.4652
35.4592
23.3721
2.81037
14.4775
18.6304
16.7427
30.7215
26.1882
21.3057
11.2082
37.3295
5.01469
22.0924
11.384
35.5631
13.3942
24.3293
15.6642
24.2404
19.8543
8.74224	2.30466	42.1431	9.16575	3.12248	43.6991	5.25516	3.13181	14.2864	7.44137	1.74274	31.9705	4.17455	3.74976	10.3578	2.89816	2.52207	11.2221	8.93497	2.11496	38.9967	2.42077	1.43923	7.80753	6.96003	2.66737	20.5765	5.17763	2.07016	22.6397	4.06976	1.45117	14.415	2.44252	2.23298	9.30003	2.95987	3.60773	7.51612	1.47329	1.82553	6.57135	5.01455	1.0208	24.6148	3.26385	2.06728	12.3451	0.60556	2.48076	2.85935	9.27055	2.71539	21.3327	1.76135	3.10527	6.69154	4.30691	1.99348	13.0564	9.93564	3.53114	32.0734	2.00513	2.52826	6.91955	
2.60373	2.63804	12.8685	4.49684	2.69949	9.41776	3.95988	1.03006	8.02574	1.4941	2.0655	3.83476	5.43195	1.85144	11.9533	3.59731	2.6117	16.2766	4.75444	3.18593	18.8815	4.05037	2.34062	11.3404	5.17328	2.95239	12.4242	1.22789	1.57026	3.16224	2.3397	2.69084	8.94858	6.43692	2.72114	29.1675	4.49737	2.04318	16.8812	5.37619	3.66926	13.0395	5.74927	3.47489	26.1332	4.34355	2.50856	19.5484	6.76426	2.92453	33.2648	3.29347	1.19422	8.8476	7.3992	3.83954	22.6546	3.29892	1.04902	13.3715	3.77047	1.85452	18.2306	7.77693	1.73255	36.066	
6.24372	2.04356	26.6477	7.70209	2.90544	15.843	2.85971	2.72812	6.34835	4.94783	3.27532	15.3218	4.4779	3.3531	16.1876	0.614117	1.09487	2.85265	6.38671	2.43699	31.4519	1.41265	1.36167	6.03865	6.41529	3.97246	19.6986	2.92094	2.49617	9.57108	1.86438	2.87294	5.02687	3.90435	3.30121	9.95358	0.894389	1.62871	3.69101	2.32034	1.19501	5.83273	5.26513	3.56374	17.7325	1.06921	1.71518	4.17979	2.78688	1.23798	11.3435	6.72931	2.26794	22.5534	3.28945	2.18546	7.35715	1.75148	3.24067	3.50889	7.83838	3.19844	32.9893	3.66797	3.83665	13.575	
6.28278	1.09967	28.3005	1.66589	2.61295	7.8155	8.21897	3.77663	38.0758	5.80813	3.02445	15.4262	4.46022	1.41285	9.77966	6.35355	3.02967	22.6348	9.24799	3.77578	23.6426	5.91074	2.2049	26.1638	1.72463	1.68	8.17724	4.84978	1.54594	20.2626	5.34861	2.19522	16.1805	6.5314	3.16041	17.9073	7.74335	2.94189	35.0099	6.56856	3.48777	22.1818	4.01073	3.70058	13.7808	7.75018	1.44592	29.7204	8.60133	1.47399	33.7927	6.99728	2.45647	24.37	9.63558	3.11742	19.6184	7.18739	3.74931	29.4052	4.36976	1.66177	9.80265	9.95786	1.92726	46.4942	
2.96982	3.46604	13.8245	4.11514	2.14882	11.5484	4.29994	1.17752	9.20657	1.94926	1.04178	6.58905	5.04238	1.71951	13.871	3.58661	2.4759	16.3152	5.24587	1.54791	25.1813	3.90875	1.83132	17.8675	4.68251	1.68486	19.6344	1.22505	3.2799	3.69829	2.2984	3.6734	6.45404	6.16304	1.26993	30.1355	4.61303	3.46177	15.313	5.19504	3.00014	21.8842	5.31964	3.4969	18.0005	4.48788	2.85344	19.6024	6.70049	2.94566	27.1097	3.68312	1.23815	10.1468	7.40144	2.76045	30.6576	3.52843	2.79555	10.9145	3.69927	1.60505	10.8104	7.77639	3.25261	21.531	
3.35419	3.70313	15.2114	2.35769	3.63797	9.69127	6.15391	2.51423	29.8508	3.01463	3.67338	8.59417	5.58152	3.02361	13.617	5.30713	1.42524	13.304	6.43255	2.40834	23.0191	5.39418	2.82318	17.2153	4.10569	3.87826	19.4999	3.06265	1.16462	7.94125	4.03264	2.95115	10.9282	7.17596	2.42238	21.3999	6.44966	2.24887	14.2101	6.53298	3.85499	30.1847	5.56973	2.09963	18.8917	6.34532	2.61027	30.4702	8.26972	3.29586	31.4819	4.06835	3.1173	19.2133	9.07925	2.26609	19.1942	5.41799	3.49581	25.1402	2.22088	2.41471	9.44337	9.4464	1.2125	38.8929	
6.60748	3.78073	14.4289	4.95891	1.25514	10.3465	6.01044	1.25879	24.3545	5.51888	1.00277	26.0197	1.40738	2.77138	4.34771	3.31317	2.78855	11.5503	8.44999	1.65547	25.5767	2.50669	2.78917	7.816	2.66444	2.04161	9.36672	3.27229	3.39317	14.3981	2.91457	2.28299	11.5977	3.01056	3.99764	13.7779	4.71332	1.08943	10.9449	2.9064	1.13405	12.2622	1.78373	1.01645	7.86976	4.82589	2.4258	15.5383	4.95949	3.47649	12.1615	7.31848	3.02479	26.7904	6.03489	2.59571	18.7122	4.76466	1.15768	21.8203	6.46358	2.97809	25.1544	6.33867	2.1921	13.1194	
2.74648	3.89058	11.0834	6.81322	2.77271	14.3134	2.14778	2.6246	6.88187	1.73966	3.59589	7.8472	7.0026	3.60759	19.2976	3.71411	2.89079	16.3771	2.73419	1.37219	8.94433	4.64733	3.46259	13.9061	7.39776	2.23314	35.2728	2.48546	3.67659	5.42389	3.01201	2.97762	12.2282	7.38928	1.00697	23.3563	3.81371	3.68072	17.9042	5.97668	3.59299	23.0544	7.51613	2.17336	18.0309	3.54246	2.87074	15.4045	6.69077	1.01171	30.4062	3.00495	3.72549	8.70853	6.96373	3.03969	27.0361	2.31065	1.02907	7.24943	5.45209	2.97331	20.4479	7.33208	1.25207	15.5745	
9.3532	2.83464	32.0727	9.62528	3.34095	22.9374	5.83099	2.01515	13.7184	8.05257	2.70531	24.7389	4.38987	3.81793	17.4755	3.51158	1.67135	16.067	9.53201	3.08105	26.1516	2.98313	1.20114	13.7245	7.27381	2.72696	16.7296	5.77267	2.34214	16.4445	4.66838	1.82638	23.304	2.45584	2.77663	6.26734	3.53639	2.30207	14.1006	1.88092	2.02146	6.78658	5.20619	1.94304	10.4922	3.8414	1.41599	12.2819	0.717417	3.63716	2.62417	9.88483	1.56787	24.6899	1.74208	1.99789	4.74316	4.91121	1.77383	10.6421	10.4938	1.55516	50.7888	1.87757	2.63479	4.38746	
2.03004	1.31761	5.9683	7.50693	1.33544	28.332	4.45486	1.78986	16.3632	2.53159	1.66155	10.0941	9.34445	2.96442	37.87	6.39828	1.65814	13.0663	1.52445	1.46923	3.53528	7.2855	3.31861	21.4443	9.09659	1.55897	37.9705	4.76277	1.37721	19.8198	5.56463	2.2815	23.9942	9.98847	1.5163	35.9017	6.45942	3.11055	22.9533	8.63491	2.81569	37.3517	9.73345	3.67957	38.4314	6.17391	1.11277	20.2002	9.37679	1.41188	27.8656	1.50161	3.96518	5.11803	9.58957	3.07085	27.3499	4.97051	2.83403	20.1556	5.15142	3.23105	13.9649	9.95016	3.90951	29.8052	
6.20453	3.82358	13.3928	1.45801	2.40821	5.41242	8.27385	2.34703	37.5859	5.77175	1.2374	11.7944	4.66521	2.72395	11.7029	6.47214	1.07119	22.6931	9.21329	2.21706	30.3318	6.05659	3.36693	12.9309	1.93693	2.52001	4.90541	4.90472	3.45343	11.9234	5.4421	2.97277	16.84	6.72939	2.33177	13.8504	7.85366	1.06299	28.403	6.74127	1.05862	19.7153	4.2233	3.6879	10.2634	7.85322	3.62465	19.3028	8.76753	1.13402	40.9678	6.9129	2.98978	32.306	9.79361	3.43439	30.0053	7.26194	3.88821	30.0146	4.20634	1.33489	20.7966	10.1187	1.83709	31.942	


# This instance was randomly generated with the following parameters: 
# SIGMA_MIN=1
# SIGMA_MAX=4
# CAPACITY_OVER_DEMAND=2