8	16
98.6574	603.478	31.1362
7.49778	758.557	57.4289
116.094	1092.19	104.873
159.83	1246.35	146.979
116.997	783.765	59.5315
173.057	1207.32	137.302
124.911	579.238	29.5252
19.5624	1220.18	148.287
14.488
10.2564
11.0961
2.77273
10.6335
10.6491
10.7856
1.35456
9.47268
12.0652
15.6877
7.70271
1.38478
8.0049
13.4196
3.23924
3.9183	1.05304	13.4628	6.65926	1.2031	21.493	6.65004	1.11474	30.5263	2.92559	1.74024	11.9738	8.52241	1.76558	41.4866	5.04902	1.34961	20.118	7.98673	1.90155	39.0601	6.72957	1.57067	28.7538	7.30013	0.504582	17.1024	5.1146	1.68156	10.2654	0.386734	1.66505	1.29198	5.09005	0.787144	18.6644	5.74108	1.03575	12.1819	2.06148	1.28307	4.61598	2.75827	1.38378	9.02506	7.25968	1.51573	17.3239	
5.46207	0.858124	12.2388	3.5702	0.990541	9.88235	4.13467	0.738123	14.4974	8.1272	0.763334	20.133	1.27617	0.600244	4.89145	4.21679	1.28001	17.1983	2.83911	0.880527	9.14538	5.99529	1.26675	20.6289	4.64257	1.78289	22.7766	6.63063	1.17108	17.327	8.85473	1.35001	40.6962	7.045	0.641289	33.3952	3.57265	1.52497	13.8407	7.63016	0.940638	29.5228	10.6348	1.18277	48.9034	5.51351	0.878436	23.1508	
5.20154	1.79643	23.3635	3.67941	0.840216	15.6511	4.27951	1.98581	13.0271	7.79594	1.93108	21.9903	1.55362	1.10643	6.0293	3.98995	1.75538	16.3453	2.35836	1.90689	5.71748	5.53199	1.19897	26.6831	4.86903	1.09028	23.8928	6.70269	1.07938	19.1477	8.65111	1.93743	19.3384	6.63128	1.56247	17.1536	3.31554	1.03668	14.7219	7.4989	1.36814	18.4116	10.541	1.84063	37.4533	5.03848	1.32815	18.4866	
5.77564	0.572677	21.8126	6.41286	1.19671	15.2888	7.06705	1.75225	30.4344	7.3356	0.855644	18.5147	4.90345	1.74416	15.3659	5.11211	1.73009	17.5483	1.88423	0.592337	4.25223	3.61954	0.755818	8.30541	7.87599	1.18467	37.6335	9.01399	1.39969	39.0581	9.19193	1.33134	37.9425	5.37766	0.537267	14.9238	4.47792	1.94724	10.3934	8.64351	0.829301	30.1083	11.7177	1.92271	25.5911	2.92101	1.80849	6.84694	
1.68592	1.65259	4.53562	5.14583	0.631086	21.0431	5.5913	1.52803	18.0472	2.40543	1.45273	11.4432	5.73048	0.722733	25.6642	2.41884	1.14615	10.2683	3.72286	0.790987	10.7244	2.23858	1.10419	10.0799	6.56306	1.83067	15.6848	6.0579	0.684108	13.6937	4.31382	0.602042	18.3869	1.48367	0.548765	4.12159	2.62613	1.43383	8.59655	4.26254	0.500122	11.5205	7.08126	0.785575	14.6354	2.66216	1.62473	13.3108	
4.16104	1.45728	14.8762	7.76796	0.996367	18.7333	7.95338	1.44979	33.5548	1.47465	0.712145	6.49347	9.12284	1.62059	41.3282	5.44488	0.895359	25.7933	7.60151	1.28239	34.3283	5.42497	1.83634	16.0427	8.77598	0.553715	18.5958	7.05986	1.87118	32.0601	2.51375	0.697671	12.2362	3.57016	1.03428	15.673	5.9942	1.51869	28.6745	4.01164	0.983574	9.77158	5.14385	0.879658	24.6049	6.07847	1.08819	25.1693	
1.52797	0.68918	7.14988	3.11562	1.08272	6.57922	3.64226	1.34014	9.55582	4.17515	0.702959	16.6675	3.63895	1.60125	16.8806	0.646838	1.30552	2.90165	2.69538	1.54374	9.48218	3.47354	0.56638	13.1082	4.62117	1.7621	16.302	4.78367	0.757758	18.7638	5.05564	0.79474	12.9459	3.57717	1.28072	14.8901	0.483147	1.29454	1.17766	4.20054	1.64594	12.3929	7.30387	1.93097	20.7952	3.46645	1.5635	9.64274	
2.16074	1.09756	7.11328	5.93968	1.76726	21.4865	6.23584	1.1485	25.3454	0.750146	1.91865	3.13284	7.04137	0.546315	28.7417	3.39928	1.81648	9.7584	5.4451	1.1228	13.5638	3.64621	1.77986	17.8395	7.14288	1.6781	22.9791	5.95281	1.66199	12.7917	2.84541	0.56394	6.18212	2.00721	0.688877	6.14792	3.88038	0.54532	18.1582	3.3953	1.61987	7.21906	5.75537	1.26085	23.989	4.21539	1.90143	14.134	


# This instance was randomly generated with the following parameters: 
# SIGMA_MIN=0.5
# SIGMA_MAX=2
# CAPACITY_OVER_DEMAND=5