6	12
9.68597	1358.33	158.157
15.6768	718.199	49.3588
159.536	1153.84	110.104
84.3419	1099.9	117.062
134.873	519.579	26.9792
93.8803	1012.82	94.9324
1.57654
6.08897
1.9395
6.81795
5.79326
7.57959
3.20022
5.08848
2.62377
4.49254
7.14789
3.31062
6.9006	0.300068	23.6017	5.80716	0.882895	22.5989	3.88883	0.282018	16.9957	3.34851	0.113799	8.76261	3.2955	0.133457	8.65249	5.64456	0.625576	22.9402	6.38445	0.623631	29.0495	9.32498	0.853639	21.1311	8.88918	0.359314	26.8561	8.15604	0.70313	29.9889	4.72587	0.388529	22.232	4.32969	0.175702	14.54	
3.48732	0.91185	16.5583	4.57001	0.679944	12.558	3.99085	0.782496	11.3794	5.02316	0.141687	20.6893	1.42963	0.663743	6.08092	2.05455	0.788708	8.70286	4.85103	0.656641	14.0878	6.05361	0.548905	28.03	5.96164	0.107226	25.5354	4.58827	0.811504	21.3099	2.10095	0.431682	5.19804	3.41184	0.619685	13.6864	
7.15405	0.627062	18.2602	2.00424	0.480767	4.6949	7.13435	0.738925	15.6944	1.97284	0.563168	4.12694	2.6234	0.278068	6.43526	5.05237	0.219741	15.4718	8.77636	0.204533	34.1779	6.98228	0.82139	32.3638	9.88325	0.177552	36.117	7.75488	0.381435	21.9168	2.97192	0.591947	7.51125	7.01244	0.616911	14.1068	
5.8483	0.410228	16.512	2.84423	0.317656	12.064	9.08845	0.552371	36.3824	6.61537	0.525536	21.8312	4.49678	0.799432	19.1051	4.01286	0.142231	18.7738	9.34873	0.163619	28.7112	2.61704	0.706021	10.932	8.5915	0.895337	28.9969	5.43472	0.728366	12.4615	3.11438	0.530692	7.09828	8.39942	0.58876	41.7337	
1.73718	0.484937	4.30988	5.99508	0.228802	28.3509	6.74564	0.981291	31.283	8.30476	0.391547	16.8611	4.62331	0.35806	22.8904	1.85463	0.760754	5.41918	5.81714	0.201134	19.4127	3.41586	0.830942	7.9571	4.22076	0.456624	12.3907	1.10385	0.154544	4.9383	3.74506	0.793509	7.97605	5.72451	0.589146	23.8385	
5.79565	0.112054	19.0615	3.34392	0.485454	14.3527	9.31687	0.281552	23.6897	7.1023	0.686422	17.1644	4.85353	0.334167	20.0388	4.09262	0.330368	13.1476	9.43348	0.706591	34.9768	2.15355	0.950939	8.08028	8.47608	0.287264	40.6724	5.25423	0.857788	19.0001	3.44159	0.805843	9.88654	8.5838	0.299257	26.8019	


# This instance was randomly generated with the following parameters: 
# SIGMA_MIN=0.1
# SIGMA_MAX=1
# CAPACITY_OVER_DEMAND=10