11	22
25.4062	952.118	85.5354
114.785	894.265	78.2594
136.318	474.025	21.7977
53.7586	355.496	12.3285
9.49743	820.532	58.962
110.666	1125.23	113.471
104.256	831.073	63.8825
38.7903	540.483	27.7375
174.893	517.754	23.3729
150.839	968.627	90.1471
155.74	402.618	15.7053
13.0836
9.13072
14.997
13.0911
8.41
5.79205
15.3907
2.62219
3.01743
0.583926
2.31395
2.48583
14.8858
12.0978
5.6617
2.45365
6.76732
13.5533
12.9686
14.1152
12.3309
11.3138
4.9848	1.17153	21.515	6.34447	1.70318	19.7311	10.8741	3.13091	34.0314	3.63206	1.60068	15.6335	5.83619	2.87924	22.1281	6.10609	3.5518	26.497	6.30382	1.58001	14.3026	4.30913	3.00029	20.8951	2.81501	2.74592	6.2182	10.1901	3.46866	48.3973	3.3376	1.2666	12.6501	7.04909	2.28684	19.3687	8.74209	2.45015	18.005	3.01097	3.94441	9.77532	3.74113	1.18277	15.0515	6.19809	3.70173	23.8352	0.649946	1.17834	1.7816	8.5551	2.05132	28.1201	1.15485	2.49836	5.43773	2.7869	1.26436	6.07514	4.09036	1.92625	14.8472	5.4724	2.82932	17.5315	
6.53553	2.79177	21.9066	9.02631	1.54057	28.4957	0.826757	2.92261	3.20163	8.43929	3.6786	22.4351	5.63018	3.34784	20.7572	5.66101	3.78063	25.4776	5.95684	2.02385	24.9752	7.90595	1.59661	18.3289	8.70087	3.09894	19.3796	1.17955	1.99069	4.41203	7.8564	2.91418	23.3591	4.18359	2.49109	20.7073	2.4973	3.14665	9.49518	9.04926	1.71743	30.9119	8.43766	2.42781	19.7334	5.69934	1.93924	22.9212	11.1395	3.11866	37.5696	5.62503	3.95447	11.851	12.2139	3.84071	46.5571	9.22846	3.39601	33.6818	8.0462	1.01845	25.5336	8.19274	2.11172	33.0843	
1.6096	2.23608	7.97416	8.06471	1.30041	26.8684	7.17859	2.89447	34.254	1.30687	2.23968	3.39631	2.25383	1.08173	7.78505	5.16045	1.82177	16.9729	5.76747	1.82798	21.6343	0.657473	1.52358	2.61137	4.43611	2.90992	22.1189	6.56046	3.56647	31.6939	3.57382	1.72958	12.3251	4.75974	1.11456	18.3027	5.2245	1.95041	22.8016	5.16151	3.49002	19.0431	1.19947	1.40511	3.14934	5.34963	1.52416	17.3257	5.34901	2.76929	26.7245	7.93748	1.58422	38.023	5.6739	2.75678	13.4317	2.18279	2.75604	10.6691	0.867618	1.33844	2.59964	0.947588	1.85763	2.29813	
7.1886	2.60655	35.8434	0.469337	2.17893	0.955605	9.58154	1.97786	41.7281	7.77652	3.73209	23.7495	7.28664	1.80972	18.7183	4.23917	2.28006	13.8521	3.6555	2.00978	9.90378	8.0137	2.36969	18.2781	4.5105	3.24491	19.9516	9.02787	2.09465	28.9053	5.04397	2.6243	10.3664	5.85875	1.47562	23.9838	8.04308	3.31062	25.4786	3.92754	2.36829	14.419	7.90551	3.72743	36.8566	4.09067	1.18304	13.355	6.20593	2.38372	28.4173	3.95855	2.5085	16.2841	7.68824	2.84946	32.6009	7.65281	2.34966	31.3828	7.89938	3.78172	25.5189	9.47244	2.33092	42.7286	
3.73126	2.75611	8.81967	3.885	2.13022	16.7944	5.59053	1.59293	13.951	5.14785	2.50038	21.2982	3.43985	1.48903	8.05666	0.234148	1.61136	1.05544	0.617902	2.72992	1.99369	5.03665	3.36211	20.3464	3.57648	1.36865	11.9165	4.9673	3.73639	17.3996	3.07521	3.08474	7.48968	1.59879	1.72705	5.16371	3.82479	3.90069	8.4065	3.72447	3.17554	11.4362	5.23388	3.18263	22.7996	0.20508	1.15713	0.592582	6.16485	2.17237	15.6071	2.63825	3.93002	6.7874	7.49383	2.41634	36.5097	5.52074	2.29745	22.1064	5.02486	2.61194	15.6236	6.24397	2.24073	26.3653	
3.81539	1.26681	8.82487	3.2962	3.1598	8.69361	6.31235	1.00114	27.2981	4.99891	2.79879	10.0952	3.69639	1.53078	16.9825	0.588281	2.70179	1.88294	0.522866	1.64269	1.37807	4.98641	1.69909	22.8321	2.98843	2.25902	10.8656	5.6827	2.05891	27.5702	2.64645	1.37871	5.94178	2.25801	3.30268	10.2853	4.50077	3.36208	12.8826	3.05708	2.54967	11.5793	5.09922	1.65769	22.9717	0.527314	3.37725	2.01363	5.57054	1.32699	14.8385	2.87869	1.73927	13.139	6.94473	1.93381	25.5506	5.25748	1.06706	26.0633	4.94302	3.8005	12.8397	6.29694	2.5676	14.665	
2.01441	2.56152	7.93912	8.72459	3.4793	23.4056	6.09405	1.79936	25.444	2.73096	1.28609	7.97717	2.04034	1.73584	4.39433	5.36115	1.21996	25.851	6.01365	2.86752	28.0671	2.04401	2.15703	5.04419	5.48365	1.83561	18.1558	5.53008	3.67516	15.2472	4.51304	1.51425	10.9857	4.50497	1.03395	16.8668	4.33641	3.40562	13.0123	6.19278	1.47178	20.79	2.63663	3.68206	6.81142	5.5532	2.23656	13.3597	6.72422	2.16865	20.4952	7.93886	1.99891	26.4617	7.121	3.47074	18.7305	3.62687	2.41285	13.6142	2.26253	3.57759	10.4002	1.52763	2.67515	4.90159	
1.84519	1.19902	6.56573	7.92181	3.98988	32.0758	4.67801	3.31013	18.5539	3.47387	1.64045	10.0543	1.16693	3.67472	2.8006	4.26356	2.78955	17.0217	4.92081	3.29612	24.496	2.83752	3.24861	6.94319	5.28981	3.24329	23.5986	4.07297	2.00343	19.1689	4.26104	2.67309	18.2327	3.1207	2.66051	14.133	2.80569	1.98809	7.123	5.93253	2.28382	19.592	3.43239	3.83772	10.6261	4.4474	2.81625	10.3529	7.06332	2.5325	16.931	6.61483	3.88941	16.9338	7.7478	2.06168	33.6796	4.3624	1.51084	14.3022	3.01904	3.7282	14.7221	2.97325	1.6178	12.45	
6.18822	3.69207	28.2279	2.42323	2.53916	10.2376	7.17234	3.60016	35.7415	7.36302	2.75042	16.4686	5.97099	3.19299	26.7851	2.6444	2.55685	6.06447	1.99731	3.54696	8.17498	7.37641	1.50299	27.75	4.83163	2.30417	11.4356	6.67073	2.6635	23.6664	4.83534	3.07135	13.8772	3.90215	1.78175	14.3971	5.87442	3.6586	19.9019	4.57726	2.68882	11.0584	7.46853	1.93405	36.323	2.45219	3.70886	10.5913	7.20764	2.37725	23.2344	1.40775	3.56485	3.94978	8.68559	2.74651	25.2723	7.54584	3.75305	27.1518	7.32828	2.14092	28.558	8.68317	1.63078	32.274	
1.82421	3.50196	7.18068	8.45076	1.00877	39.947	5.65048	1.65009	15.5101	2.88914	3.79802	6.85989	1.66554	3.22454	4.28639	4.99353	2.15809	16.1106	5.65023	1.66588	20.7656	2.20112	1.60652	10.8754	5.37281	1.57518	19.4001	5.07518	1.93155	24.7284	4.37434	1.7645	12.3062	4.0626	2.75247	18.8921	3.86224	1.75561	9.56683	6.06728	2.34546	21.0831	2.81243	2.25999	10.7363	5.18437	3.53887	14.5577	6.78899	2.19367	25.1774	7.51831	3.35199	29.3553	7.28139	1.75068	15.6424	3.79839	3.03175	15.62	2.41286	2.90761	6.20034	1.95567	1.98863	8.84382	
4.43915	1.93516	16.8113	2.40261	3.38943	6.39502	7.22255	2.25672	33.3702	5.34441	2.80389	25.7596	4.4612	2.67527	10.3918	1.52663	3.10716	6.00141	1.15061	2.42195	3.87862	5.44494	3.61735	22.8385	2.72137	2.51992	7.79807	6.60259	1.58296	31.3073	2.72272	1.10456	7.31468	3.19888	1.75924	12.3187	5.44087	2.80583	24.9431	2.56933	1.74974	12.8241	5.45918	3.04074	20.9943	1.43227	3.34096	4.74842	5.1946	3.15552	10.8078	3.05962	3.02072	7.59927	6.64127	3.2089	18.2126	5.45009	3.72257	17.3008	5.36779	3.46667	17.7836	6.83963	1.05606	18.5294	


# This instance was randomly generated with the following parameters: 
# SIGMA_MIN=1
# SIGMA_MAX=4
# CAPACITY_OVER_DEMAND=3