11	22
50.2492	743.104	53.7265
147.759	1304.3	145.769
50.1503	884.705	74.7014
172.557	819.771	57.0719
54.3603	1322.79	149.253
20.3613	1238.29	135.232
75.586	573.036	30.7693
2.81722	962.435	77.4754
90.9513	1159.71	125.388
38.6051	1264	143.654
8.92715	954.382	87.0456
9.40984
5.19997
3.80716
3.78914
2.09103
8.44726
7.71652
3.09331
8.97151
6.58234
2.29172
3.22492
7.06091
0.645239
2.21682
8.83151
0.0634356
1.86708
5.89179
9.31801
1.74838
5.74077
1.17429	0.5628	2.7029	1.4732	0.598014	3.06623	4.39199	0.516494	16.8681	8.1689	0.341102	24.3752	6.84615	0.813016	33.1698	6.72324	0.12951	31.3108	7.30241	0.155767	24.6504	4.33124	0.334191	17.0531	1.65594	0.982947	6.24677	1.62001	0.945474	6.63084	5.54716	0.958235	24.1364	5.40706	0.427034	25.8742	7.63905	0.147317	20.1269	5.16552	0.367869	14.4098	3.83356	0.776531	13.5072	1.85932	0.744231	7.30411	3.80776	0.84908	18.4624	5.9672	0.460278	23.1623	4.77501	0.355574	23.5394	5.69209	0.16731	17.7496	2.2481	0.845133	7.12723	7.98809	0.479319	26.3	
3.58959	0.641093	11.5037	5.02826	0.916668	12.4596	8.51825	0.463261	22.7276	4.05129	0.281451	14.2547	5.38271	0.380633	20.7074	4.43069	0.120347	11.2016	3.18561	0.81864	10.7175	7.05461	0.360632	22.0933	5.74588	0.883135	11.7742	4.82537	0.670308	16.7298	4.75384	0.723706	19.8458	2.53844	0.507623	11.5766	7.94453	0.294737	33.1354	1.55081	0.871614	5.84611	4.54666	0.883827	16.8581	5.03961	0.660803	18.2186	1.53597	0.196903	6.86878	7.20964	0.837372	28.0044	8.77723	0.70456	18.7612	1.55899	0.889622	6.36967	6.38382	0.969161	12.908	3.85156	0.273175	17.1552	
1.99255	0.467568	6.63388	4.63392	0.933524	12.4589	6.40164	0.880192	28.7719	6.88255	0.825274	31.3768	3.73452	0.492911	11.9191	3.88615	0.620915	19.235	6.51004	0.584317	28.6002	3.53183	0.176349	8.585	3.91865	0.479138	13.4195	2.34689	0.416027	5.89073	7.48683	0.933074	22.5625	6.07739	0.890983	23.2382	4.7758	0.329305	23.7822	5.24523	0.157875	13.63	0.912288	0.737121	3.32739	4.99271	0.962954	13.3375	4.55561	0.721263	11.9921	3.58905	0.265672	16.8652	6.19656	0.417773	19.1792	4.97308	0.963868	24.0523	4.66431	0.635178	19.4736	6.89039	0.610265	31.7385	
2.38644	0.15132	6.63168	1.62041	0.20004	7.15607	5.5793	0.669613	19.1939	7.5241	0.89071	16.4564	7.57674	0.583538	29.8678	7.14503	0.406715	22.9931	6.46561	0.771282	25.8605	5.98967	0.428571	29.884	3.11243	0.108139	15.4603	3.25909	0.693807	8.81349	3.87348	0.376874	18.2919	4.06481	0.468429	12.945	8.9303	0.255045	29.5107	4.11481	0.94193	17.5084	5.02834	0.529922	10.6389	1.51341	0.229392	5.01512	2.6458	0.173841	12.0751	7.42794	0.913027	35.6134	6.18273	0.916706	17.4234	4.96995	0.349761	18.1678	3.48396	0.621664	7.70727	7.25755	0.497303	18.9074	
4.35925	0.312696	10.1944	3.45278	0.586823	10.5494	0.714764	0.828207	3.20107	11.8104	0.663669	36.209	9.26168	0.884677	44.0138	9.5941	0.10761	29.3782	10.9941	0.929436	36.0539	3.98548	0.355977	14.8316	2.07177	0.98518	7.82322	3.39174	0.76103	12.8051	8.47248	0.2591	40.9042	8.99153	0.363251	37.6997	8.65801	0.654901	39.8928	8.85268	0.459917	20.6162	5.86516	0.53035	13.5681	3.84219	0.844663	17.9529	7.45535	0.496093	26.9574	6.60084	0.400415	25.1645	1.37545	0.263244	6.36692	9.37488	0.891826	23.0189	1.48004	0.694056	5.56017	11.6563	0.16791	33.3264	
1.03076	0.291896	2.3295	2.37128	0.94066	8.85988	4.06833	0.167277	9.64036	8.51244	0.846914	23.9154	6.29775	0.813969	14.8811	6.39578	0.85863	25.8151	7.78771	0.535149	32.4788	3.22182	0.184345	6.4458	1.37781	0.942455	5.78122	0.510181	0.714348	2.3883	6.62874	0.142338	31.1953	6.24567	0.176758	25.2764	6.69141	0.251542	28.7775	5.84206	0.992071	26.6623	3.04558	0.234393	14.5635	2.83387	0.424314	10.3341	4.6036	0.733887	17.8036	4.92746	0.352989	15.6233	4.17848	0.218226	11.6158	6.15472	0.236904	26.0784	2.12634	0.433247	6.55812	8.39066	0.253136	20.4992	
2.2182	0.975733	8.55461	1.31823	0.535378	3.54706	3.13605	0.634387	14.2779	9.45039	0.833944	38.2546	7.76283	0.931178	27.1885	7.7962	0.260762	21.8128	8.57428	0.409029	19.6184	4.09854	0.329642	17.7335	0.630961	0.660859	2.52638	1.85505	0.883269	6.62171	6.27927	0.781901	17.8661	6.54143	0.21378	21.0683	8.06903	0.911841	20.3491	6.39494	0.761458	17.7038	4.51674	0.354524	16.5736	1.81755	0.891162	8.34054	4.99386	0.486953	10.8785	6.20563	0.390253	13.9824	3.64039	0.796833	11.4094	6.96929	0.46152	20.5157	0.985054	0.760291	4.40526	9.26789	0.330851	37.3077	
3.30688	0.199826	9.25538	2.8794	0.45646	11.8537	6.88726	0.203384	22.0358	6.6335	0.989625	13.6361	7.74509	0.509216	30.2447	7.07994	0.842698	34.3067	5.46719	0.947428	22.0017	7.10067	0.882044	20.6788	4.42325	0.202544	12.2664	4.3809	0.456169	9.07815	2.76862	0.525831	11.1139	2.80056	0.301432	8.84105	9.55775	0.556769	34.2865	3.04914	0.688952	9.97165	5.68296	0.663623	23.6799	2.64889	0.559969	12.0318	1.61585	0.139049	5.54984	8.25258	0.703142	35.9746	7.50385	0.956018	30.9683	4.11437	0.344423	13.7052	4.80418	0.196564	16.5861	6.31331	0.274444	17.6705	
3.64392	0.838816	16.3674	6.2736	0.481787	12.7197	7.58332	0.620081	19.1272	7.04523	0.354965	34.172	2.336	0.107417	4.796	2.98923	0.444702	11.0172	6.98919	0.54555	17.3224	3.85973	0.509241	12.1797	5.36066	0.703369	18.6477	3.76216	0.251204	15.9652	8.95658	0.658792	39.4154	7.23162	0.940051	31.8886	3.27895	0.565404	7.88949	6.24908	0.545287	16.901	1.07692	0.765715	2.33011	6.64584	0.875638	30.0582	5.85809	0.185665	25.6675	2.67565	0.579146	7.32214	7.16402	0.6752	35.7623	5.64708	0.680146	19.5608	6.08277	0.187314	22.1946	7.16707	0.954781	22.1113	
2.76129	0.786347	9.17279	4.27812	0.726462	9.12647	7.68848	0.531636	28.7877	4.85588	0.120165	21.2471	5.32951	0.24696	12.477	4.56876	0.408845	16.411	4.02063	0.197558	12.8873	6.31019	0.991137	29.9898	4.91384	0.735489	24.3838	4.00499	0.614329	11.2717	4.76839	0.655451	10.1848	2.98635	0.313794	9.06332	7.58106	0.671598	24.7739	2.20674	0.880178	7.20628	3.97724	0.449304	13.4088	4.33335	0.622823	21.569	1.56152	0.986631	5.02122	6.66521	0.918047	19.3342	7.94256	0.859563	21.2059	2.39253	0.144164	9.7727	5.55862	0.5358	12.9456	4.67497	0.376967	16.9275	
5.67283	0.910939	21.1463	5.11219	0.695147	24.9385	9.1375	0.461527	39.6092	6.25713	0.881844	19.3949	9.23869	0.135129	45.26	8.28217	0.86082	22.6919	4.9168	0.563551	23.9824	9.50347	0.432329	47.4849	6.8204	0.897117	27.31	6.80089	0.715239	17.8528	1.0179	0.557961	2.18632	1.79246	0.350392	5.8497	11.5462	0.842877	39.1333	2.86728	0.813763	12.7962	7.79501	0.592485	17.7932	4.76044	0.78372	13.536	2.43383	0.582135	10.8679	10.4516	0.984192	40.2213	9.84994	0.666928	20.2266	4.20953	0.198133	20.9955	7.13431	0.637836	26.6893	5.82152	0.93072	24.0905	


# This instance was randomly generated with the following parameters: 
# SIGMA_MIN=0.1
# SIGMA_MAX=1
# CAPACITY_OVER_DEMAND=10