8	16
34.5472	980.031	87.9088
170.264	1169.19	129.539
52.0935	1269.44	134.782
131.488	1221.93	136.72
136.789	1218.32	147.095
106.979	858.158	63.949
17.4032	1131.07	107.732
104.091	704.9	43.9845
4.58376
11.1636
1.42897
13.0446
4.19971
5.41327
18.3583
10.6251
0.687805
18.2281
14.17
0.0595092
19.2879
13.4813
17.2413
18.3689
7.17079	0.848565	19.3656	4.37372	1.77879	19.5601	1.48748	1.45872	6.83013	2.27652	0.765115	5.71056	3.17509	1.11199	8.35519	6.29669	1.02962	27.6089	6.87294	1.14505	14.5728	5.5918	0.795478	20.8971	3.20779	1.66167	11.1655	3.64935	0.571365	7.94099	6.57072	1.12724	23.8406	7.22233	1.14188	33.1301	6.18127	1.83112	25.2397	5.65703	1.66103	20.5703	2.77399	0.884244	11.688	4.81329	0.808012	11.2115	
7.52357	1.96354	27.803	6.03244	1.07916	27.4273	2.533	1.62787	8.7011	3.40179	0.595783	15.149	3.32885	1.29787	13.3666	7.64994	1.45175	33.9357	8.68368	1.5011	33.1154	4.21702	1.92906	11.9826	1.3921	1.60327	3.02545	1.83211	1.07732	9.11768	8.3604	0.681973	19.8168	8.16802	1.08855	31.4592	7.56665	1.20983	25.6496	5.02359	1.97619	16.8399	3.64288	0.851382	9.31824	4.42884	1.68979	18.6725	
9.51499	1.26145	19.8183	5.28648	1.88567	17.6039	1.1764	0.887066	3.91431	0.294307	1.04713	1.18667	5.70481	0.706914	20.4463	7.70155	1.23593	18.8863	6.6707	1.77705	29.6489	7.88041	1.29193	16.0535	4.93813	1.05695	20.5228	5.11403	0.910869	25.4966	6.59616	1.34568	28.3052	9.11834	1.67517	36.4851	7.53806	1.02992	25.8741	8.20802	1.70343	38.3293	5.0696	1.53387	21.9215	7.37329	0.730177	16.4426	
5.50895	1.40533	21.7216	5.27412	1.62439	13.7002	3.86589	0.694027	7.91127	4.71829	1.01852	17.9558	1.37434	0.613519	5.06382	6.2918	1.8008	27.2727	8.32461	1.21812	33.3507	3.35777	1.24685	7.17962	2.49837	0.93805	7.39049	3.13509	1.56	10.8384	7.88325	1.32877	20.9644	6.40679	1.21791	19.645	6.25301	1.15761	16.2131	3.208	1.20502	8.93931	2.18634	1.91068	8.56059	2.46017	1.53755	8.38763	
8.4977	1.43528	40.1489	4.22567	1.22361	12.1879	1.13474	1.0737	3.12253	0.968684	1.76578	4.01618	4.84419	0.586341	14.5734	6.60951	1.08742	24.1564	5.8991	1.4719	22.5246	7.45728	0.512096	15.3667	4.80781	1.22714	17.3546	5.11336	1.65883	14.0347	5.7508	1.81796	18.2712	8.02226	1.04698	31.853	6.44882	1.51866	17.2543	7.47857	1.09909	29.5847	4.07588	1.50011	11.3194	6.58639	1.17509	13.5955	
0.391514	1.57507	1.15243	6.39594	0.946742	25.4788	8.91622	1.81117	39.5406	9.58287	1.51709	46.8628	4.42798	0.558261	14.2381	4.89335	1.82954	15.9746	9.21167	1.10549	23.5188	6.47221	1.1072	32.0339	8.01255	1.21308	30.0666	8.6194	1.39669	37.4567	8.59088	0.509485	41.0852	2.96786	0.858898	12.552	5.05069	0.723681	21.3281	3.92596	0.787182	9.74086	4.75697	1.04102	20.3025	3.69876	0.650908	9.76844	
5.31091	1.80174	11.3611	0.773932	1.39796	3.84458	4.97186	1.89247	14.8964	5.2167	0.666633	19.6425	3.84171	1.10322	16.1308	2.35603	0.932574	6.62894	3.96869	0.784484	8.57868	7.79335	1.26359	31.9605	6.77837	1.25152	24.9322	7.35583	0.581319	27.6261	3.42499	1.33168	15.722	3.98313	1.204	19.2738	2.20221	1.37766	6.54133	6.38878	0.917652	19.6244	2.5523	0.917958	12.6831	5.38536	1.13257	13.4288	
2.96848	0.748476	7.58464	3.79638	1.35977	11.4675	5.66742	1.98119	22.368	6.30705	1.97975	28.4981	1.65552	1.13721	5.5928	3.6661	1.4066	14.9452	6.96871	0.704438	14.2576	5.32368	0.638737	21.9362	5.50909	1.34309	19.2806	6.14582	1.99437	27.2596	6.39931	1.07894	19.3801	3.39771	1.58466	13.4801	3.69375	1.22889	8.28754	3.46685	1.47381	10.901	1.48142	1.85274	7.04547	2.51681	1.27708	8.63022	


# This instance was randomly generated with the following parameters: 
# SIGMA_MIN=0.5
# SIGMA_MAX=2
# CAPACITY_OVER_DEMAND=5