9	18
100.062	1091.61	117.89
140.526	1003.56	97.3059
49.5355	537.254	24.6379
10.4778	1213.55	127.484
9.46342	1285.81	159.478
99.5496	551.516	27.906
27.0298	883.533	74.9178
116.451	376.591	12.688
127.476	1053.86	109.63
37.3363
28.9653
0.165226
39.7113
40.7126
3.3223
42.8805
41.3851
18.7764
9.88566
35.9866
38.3347
31.6117
26.767
23.6593
30.0113
29.2708
22.5096
3.33638	1.80629	16.6558	6.90971	1.35843	18.1009	5.88737	1.36847	12.7874	6.89713	1.11468	19.5418	0.519758	2.70364	1.47368	6.61239	1.28304	31.4262	4.73979	1.88011	16.9172	1.93592	3.95212	6.30013	6.23967	3.43848	15.3216	8.85808	3.90864	35.4282	3.27821	1.62821	14.479	1.99105	1.20985	4.47369	8.29255	3.64264	17.9305	2.09042	1.71586	7.01769	7.7465	1.37979	32.0412	2.79479	3.76559	9.12834	5.65008	3.47034	16.8105	2.50701	3.0649	8.29619	
2.72278	1.80407	8.01592	1.14918	1.58105	4.76208	3.31443	2.66116	14.9365	4.86231	3.75744	22.0245	6.2008	2.30762	19.6081	2.50695	1.63743	8.60256	6.16656	3.94932	26.9038	4.04444	1.99567	17.9628	6.26933	1.25595	30.6733	3.65485	3.52518	11.5046	5.58814	2.03574	12.0894	4.20702	2.5778	15.7843	2.57929	1.03691	11.3097	5.13921	1.02977	13.3154	5.00272	3.75527	20.6692	3.29075	3.8443	11.6086	2.7432	1.64774	11.5853	3.268	1.25247	15.8943	
6.30375	2.46059	26.4844	2.46718	1.33762	11.3994	5.17663	3.40457	17.9511	6.87478	2.09676	19.0265	9.80638	2.73735	28.0136	4.38302	1.60128	12.6579	9.26631	1.68514	24.8975	7.5606	3.43054	27.0897	8.87518	1.84481	40.9185	3.00178	2.59827	7.92834	8.9849	2.9056	19.0004	7.80928	2.7602	21.3834	1.54887	1.54653	4.02307	8.69791	2.69181	25.9824	6.47979	3.00642	13.9551	6.8833	2.39036	18.6744	5.35755	1.73713	16.3115	6.87652	2.5915	15.6246	
1.92413	1.67279	9.10002	5.06867	1.16076	19.1783	4.14571	2.55137	19.7071	6.08727	3.43769	30.0135	2.39465	1.60652	5.52302	5.18027	3.7703	16.1519	4.93506	2.66767	10.3393	0.30653	1.86789	0.940922	6.07318	2.73649	18.133	7.25369	3.80922	17.3672	3.60343	1.67466	11.0273	1.49884	1.20985	7.13982	6.50516	3.6958	30.3055	2.45421	2.27551	8.0574	6.79156	2.5453	14.3054	1.60704	2.25999	7.83602	4.39959	2.52813	19.9699	0.890269	3.16041	2.77318	
3.16431	1.70886	13.7462	6.87819	1.9227	18.4627	7.40902	3.61703	30.5232	4.65417	3.68222	23.0721	2.82854	2.26926	11.3889	5.42877	1.30835	19.7694	1.80075	3.88612	4.5252	3.77624	3.80943	14.937	3.41858	3.79776	10.6253	7.82901	2.74337	28.1154	0.441396	1.38477	1.13077	2.07382	2.44679	8.34835	7.886	3.93352	19.6138	1.06039	1.06025	4.99833	5.6163	3.36411	14.9361	2.69754	2.89099	11.7088	4.29009	3.51071	14.0381	3.24764	2.3944	8.47261	
4.36196	2.11955	13.8048	6.75575	1.22896	27.132	4.35659	3.676	19.3156	8.56194	2.49291	34.0156	3.06894	2.90117	8.95589	7.48423	2.10312	25.2135	7.13231	2.82379	20.8265	2.1856	2.52223	5.63233	8.43873	1.26949	19.4062	9.34346	2.50754	23.8719	5.69546	1.34423	13.3491	3.79299	3.69155	18.1574	8.29072	3.21096	30.4574	4.45391	1.20896	17.1368	9.25277	2.943	24.1358	4.08179	1.72617	13.0359	6.8132	3.67685	31.6017	3.33568	1.16237	13.7913	
2.93565	3.1958	9.39834	5.44416	1.73915	11.0674	3.65875	3.34354	10.3046	7.16801	2.33697	21.284	2.80346	1.21609	12.1532	6.02985	3.33865	23.3006	6.05806	1.15123	28.2518	0.840919	3.42995	2.2465	7.2203	3.88774	25.6486	7.92679	1.83904	21.4404	4.69078	1.28998	12.1352	2.62229	2.18917	5.75019	6.95854	3.95454	18.5022	3.49236	2.79886	16.5382	7.82779	1.2727	37.1513	2.71644	2.20154	6.31994	5.3671	2.3984	14.8852	1.93055	2.35976	4.59007	
3.33108	3.35736	13.9822	1.0468	2.08742	4.07928	4.37796	1.18334	11.9183	4.23356	1.00379	13.4412	6.98777	2.54921	31.5357	1.66434	1.29243	3.62148	6.17426	1.20922	30.8025	5.01101	3.98633	13.0448	5.96016	2.20897	29.2417	2.51	1.80835	10.8605	5.86547	3.53798	14.669	4.84769	3.22018	14.2128	1.75198	2.193	6.14461	5.65115	2.88954	17.3046	4.18029	2.90103	18.1171	3.91614	1.62256	17.3279	2.34243	2.66814	8.43224	4.09413	1.96713	14.7732	
4.04049	2.57322	11.2361	5.68203	1.0518	12.5825	2.98088	2.72345	9.44747	8.27327	1.31951	28.836	4.00955	3.95685	15.0771	6.8169	1.74394	23.962	7.41762	1.28577	35.4494	2.18718	1.15452	10.8147	8.51604	2.13106	34.2473	8.44039	2.37542	36.9834	6.06731	3.31826	18.6644	3.98	3.33394	12.6392	7.22504	2.54158	29.7547	4.87434	2.4657	11.1911	8.84931	2.69199	41.5753	3.94472	3.87846	16.3695	6.32622	1.99681	22.7748	3.13319	3.58238	9.29398	


# This instance was randomly generated with the following parameters: 
# SIGMA_MIN=1
# SIGMA_MAX=4
# CAPACITY_OVER_DEMAND=1.5