8	16
173.734	1141.71	129.759
105.121	1154.59	117.259
64.623	968.449	82.8526
111.36	1284.52	145.997
74.6815	1187.81	133.765
108.281	602.03	30.7931
135.102	603.898	34.0776
85.9445	1038.2	96.8157
6.36061
7.7938
1.86186
4.7383
7.33022
7.31285
1.54483
5.26835
6.95871
0.0970137
0.245298
8.23881
5.60906
1.91635
7.56895
4.28686
9.56402	0.649229	20.5868	2.79722	1.11442	13.9754	7.08084	1.70631	27.6614	5.41136	1.74276	11.6241	2.61073	1.17904	11.7551	3.04411	1.7217	11.8027	8.82737	0.669553	22.5998	5.82394	1.88998	15.1642	7.59033	1.17782	16.0135	1.50907	1.63791	7.37956	5.43929	1.62743	23.5463	3.79459	1.5191	16.8481	5.30257	1.49358	16.6454	8.86205	1.79664	37.5155	10.9507	1.51288	43.7995	2.38538	1.85611	5.05529	
8.55162	1.79959	31.183	9.21718	0.873739	20.7187	4.07655	1.91813	16.459	2.34068	1.88522	8.41627	9.24582	0.954028	36.9626	5.18172	0.83224	25.7204	6.7481	1.09729	24.4404	2.16613	0.529383	6.26871	9.57899	0.825594	23.2916	7.26977	0.897449	14.902	4.3346	1.38169	13.4421	8.69885	1.52007	35.2173	2.19731	1.92744	5.85188	6.24343	1.83445	27.8146	5.19127	1.62961	16.3805	6.71704	1.70415	31.7792	
1.69562	1.60981	4.91695	8.3572	1.48264	39.6384	2.79032	0.939535	6.27007	5.15687	0.768735	17.167	8.66277	1.04159	22.6958	5.37737	1.17637	16.9435	0.716947	1.72715	1.96775	5.0171	1.0678	18.3426	4.09045	0.762232	10.6073	7.22311	0.944428	24.5865	3.3501	1.19145	8.45785	6.55986	1.24499	24.9275	7.69247	1.17336	26.1743	1.27934	0.7789	4.285	5.52437	1.12587	26.5733	6.13315	1.93807	12.6247	
6.09676	1.84654	16.4814	10.239	1.30099	29.1076	2.45683	0.867463	5.45941	3.5293	1.55113	10.7499	10.3977	1.26649	33.1572	6.08866	1.03012	14.3757	4.19949	1.92688	13.9984	3.1171	1.32132	9.65254	8.32902	1.06312	36.1516	8.46929	0.513998	28.9798	3.96359	0.899934	16.3579	9.06599	1.61757	35.5958	5.30848	0.871796	12.8281	3.55731	1.99001	16.2061	2.09908	0.757297	6.15558	7.56898	1.42756	32.2406	
7.26131	1.39417	19.038	8.14011	1.86205	21.3274	2.80164	0.548105	10.9168	1.00575	1.14535	2.30659	8.21338	0.839584	39.6318	3.97966	1.91575	15.4535	5.52612	1.69476	12.8462	0.742489	1.25518	1.6328	8.14503	1.22771	28.3084	6.22337	1.93909	12.9307	2.90087	0.54004	13.8995	7.43453	0.881096	35.6215	2.44064	0.769723	8.66765	5.0851	1.04804	25.1668	5.00442	1.19551	16.2989	5.54379	1.52567	21.082	
5.15049	1.51968	18.3422	4.68485	1.70802	12.3149	3.42899	1.79897	16.1445	3.53791	1.61181	14.1719	4.93175	1.49778	21.9295	1.68175	1.73917	8.10056	4.46527	0.705691	19.1067	3.74882	1.9859	8.05998	4.07126	1.49098	19.0609	3.31769	1.67218	12.6275	1.84739	0.876686	4.89916	3.27471	1.14699	12.254	5.48997	1.32949	15.4197	4.60484	1.98735	21.9876	7.63953	0.538037	34.2096	2.23008	1.90887	8.99209	
5.16766	0.551146	25.3803	7.3803	0.580747	22.1599	0.941929	1.47614	4.40057	1.70006	0.671023	4.24807	7.55285	0.967236	28.3738	3.2919	1.69467	12.2552	3.5429	1.54576	11.7701	1.54277	1.28802	5.78532	6.12245	1.82294	28.5066	5.65906	1.78077	15.3751	1.11253	1.66978	4.20275	6.21088	1.76879	23.7392	4.23283	0.57109	14.7042	3.22406	0.57961	11.5374	4.8394	1.88112	23.0091	4.71686	1.44455	9.90148	
4.40793	1.58319	11.9273	4.9935	0.666869	24.3927	3.57983	1.81776	16.8311	4.24071	1.40459	15.0392	5.2913	0.641381	24.9125	2.58753	1.67043	7.25402	3.99914	0.7871	14.8772	4.39258	0.773396	15.4586	3.18494	0.87862	11.3989	3.91518	1.40982	15.8367	2.28514	1.36001	5.83844	3.29737	1.8302	10.2254	6.34349	1.91477	16.0328	4.2597	1.80274	13.3267	7.72255	1.13166	24.9457	2.83961	1.34378	13.8885	


# This instance was randomly generated with the following parameters: 
# SIGMA_MIN=0.5
# SIGMA_MAX=2
# CAPACITY_OVER_DEMAND=10