4	8
147.081	922.593	73.4709
6.59737	840.279	61.6721
10.9125	751.223	54.6946
49.5396	1206.18	128.656
6.36941
31.5265
0.796836
6.53097
19.865
20.0086
37.9495
36.2003
3.29907	1.38019	16.4236	2.86543	1.19385	13.5913	0.406947	1.09633	1.77304	6.02522	1.96628	15.333	3.79495	1.83432	15.3962	7.95677	1.61679	23.2157	3.48616	1.97547	9.33229	7.83019	0.597949	24.4453	
9.2179	0.541503	45.5967	5.10974	0.814829	15.3857	7.95136	1.61189	30.8337	4.00668	0.931779	18.1447	3.85403	1.777	17.2482	3.40894	1.53344	11.9092	4.68876	0.566551	10.3019	4.28242	1.32515	14.1933	
1.59458	1.29199	5.27529	2.79606	1.08019	13.248	2.86446	1.06641	8.49674	7.65642	1.96626	34.1978	4.1801	0.901162	12.0298	6.67945	1.84918	22.9833	5.15525	0.696882	21.8748	6.21078	1.04341	22.0066	
10.455	1.09083	34.7898	6.30801	0.764882	27.6201	8.42513	1.59294	31.5549	2.36167	1.36938	8.13323	4.9247	0.969722	23.0298	6.29429	0.769551	13.5338	4.55737	0.677008	22.2958	7.1229	1.01541	34.5471	


# This instance was randomly generated with the following parameters: 
# SIGMA_MIN=0.5
# SIGMA_MAX=2
# CAPACITY_OVER_DEMAND=2