12	24
152.462	1309.3	143.663
42.4066	816.607	64.2469
155.792	1235.73	150.637
19.3453	658.175	38.2244
80.0912	716.847	47.9063
140.204	1145.32	115.699
124.912	1195.76	139.578
101.671	631.543	33.7905
25.2443	1160.75	125.373
13.1684	1239.62	148.595
39.0911	939.622	85.1376
77.3616	389.621	15.164
1.52209
8.08691
8.00053
8.31332
5.02901
3.85585
2.06781
2.62854
5.00453
5.55471
2.63982
6.66467
5.64333
6.30223
1.63976
0.352861
3.38737
4.32586
1.18159
7.7975
4.34624
7.19558
5.05007
4.21126
4.49199	0.376917	20.9447	3.97169	0.385943	16.0198	2.15484	0.35675	9.21636	2.70724	0.606721	7.58306	6.18025	0.816455	21.4662	4.76427	0.594511	17.9813	2.33873	0.836834	8.71143	4.12446	0.457036	13.8811	4.3995	0.692899	21.4572	3.35974	0.852087	9.78916	5.80061	0.804632	16.2511	2.81634	0.178333	7.76459	2.88458	0.721613	7.01262	3.2041	0.341355	12.7057	2.16781	0.170141	10.3785	5.21719	0.25719	19.5111	2.60926	0.77409	5.39884	3.83522	0.580195	18.7806	6.89456	0.81177	14.6191	5.22726	0.182963	10.5928	3.708	0.579594	8.07347	0.802592	0.462317	3.33525	6.89457	0.605644	23.4991	4.54702	0.438395	18.1243	
4.65429	0.886065	17.0473	3.6816	0.849724	17.5744	1.35356	0.490109	4.54217	2.75232	0.294188	12.7831	6.88356	0.416295	14.2087	5.14435	0.109799	13.2254	2.25699	0.410642	6.38585	3.32191	0.461568	15.2325	4.57235	0.976191	15.6338	3.81756	0.795745	11.3383	6.58428	0.775662	27.6785	3.398	0.609639	15.0452	2.10304	0.558395	8.30936	3.98574	0.597677	17.1719	1.80636	0.464511	4.05655	5.83452	0.898687	14.2762	2.37575	0.72328	8.68564	4.04341	0.635142	10.5593	6.79576	0.985963	16.3882	6.00222	0.182706	15.0969	3.67945	0.382926	9.22639	0.0531551	0.154225	0.158818	7.45538	0.843086	19.4311	5.14772	0.29524	23.6653	
2.8824	0.885081	11.4905	2.48949	0.446163	9.0551	5.94371	0.89432	28.7475	8.8846	0.721707	39.1287	7.7729	0.735911	19.0277	4.1904	0.114917	13.1112	3.9876	0.890191	16.0985	6.47104	0.803886	31.9692	2.97131	0.960663	7.09854	4.70745	0.161989	21.0085	8.88279	0.889482	27.5521	8.9756	0.932759	38.8104	5.55535	0.422138	12.1629	7.22543	0.332936	15.7988	7.79581	0.76991	16.8277	6.2664	0.36329	26.3534	3.76047	0.767824	15.3635	10.1363	0.64314	36.7148	0.987609	0.202222	2.11923	8.29027	0.251131	35.5769	2.72822	0.941326	8.36972	6.18545	0.502411	27.4731	6.56688	0.646232	29.7824	5.8491	0.735059	18.7482	
6.24219	0.474966	14.6924	8.2261	0.780837	35.0061	8.71962	0.910816	18.4711	8.16373	0.96845	22.2918	1.40726	0.860447	7.01663	4.89842	0.153061	23.9263	6.95802	0.327002	14.204	10.6729	0.894117	43.0605	6.16786	0.159373	17.054	4.74062	0.483563	10.1469	1.0604	0.223806	3.72277	6.18486	0.740263	24.2579	9.28878	0.782495	43.6592	3.48938	0.970477	7.98633	8.55278	0.212225	39.9185	2.82799	0.657954	6.96332	7.45124	0.637803	18.7877	8.22967	0.200791	27.7466	8.87088	0.19167	33.852	1.47485	0.887079	6.08367	7.02103	0.675002	27.916	7.45575	0.820237	32.246	3.431	0.171682	16.2302	3.26966	0.678607	14.5594	
1.5311	0.348861	5.34813	1.44532	0.283338	3.04399	3.59462	0.200875	10.6586	5.9198	0.420851	26.2574	5.69951	0.556232	15.797	2.5802	0.484762	6.88819	1.0057	0.745112	2.15353	4.9678	0.20144	20.4596	1.47868	0.164381	5.86975	2.04327	0.665696	8.79124	6.3108	0.263888	28.1048	5.79085	0.677689	20.1637	3.62059	0.325417	10.3219	4.2308	0.647266	10.9116	5.04474	0.20037	15.717	4.23591	0.780957	8.96993	1.14802	0.413821	5.11379	7.07778	0.664122	25.9112	3.66311	0.49798	17.9651	5.67788	0.941594	27.3461	0.473554	0.185	2.06124	3.30307	0.136329	11.2842	5.33885	0.255753	21.4247	3.60306	0.525019	7.49192	
2.94438	0.199263	8.11233	4.77094	0.208417	13.6191	5.72345	0.524775	24.711	6.29962	0.829195	27.3357	2.43505	0.231113	9.74559	1.87282	0.929273	8.64312	3.58938	0.905498	11.7314	7.57512	0.474158	27.5307	2.85415	0.880106	6.76168	1.28598	0.935205	6.32451	3.07185	0.515435	10.1908	4.98855	0.563448	13.7624	6.15184	0.353785	18.7326	1.94729	0.659941	8.48584	6.15676	0.740365	30.0909	1.20867	0.980932	4.90543	4.06506	0.341731	9.37193	6.92694	0.36712	31.1629	5.79537	0.725076	26.5943	2.46678	0.828213	8.90756	3.57232	0.243518	8.14291	4.65775	0.328667	21.6749	2.91663	0.104214	8.59095	0.54832	0.833158	1.79779	
6.70118	0.647051	19.669	6.39881	0.272622	23.2406	3.89616	0.181685	10.0376	1.31159	0.800746	4.82293	6.90508	0.892153	18.1422	6.6447	0.34924	16.0013	4.75653	0.529241	22.1158	5.54919	0.477191	18.3838	6.60041	0.912142	17.9102	5.19686	0.518732	22.4474	5.87043	0.708138	25.6234	0.880414	0.905978	3.33217	4.71558	0.61062	15.7724	3.70455	0.698672	14.5836	2.32378	0.197313	5.49382	6.42462	0.101997	20.6568	5.03777	0.438057	22.0999	1.60018	0.422047	4.12091	9.27548	0.155401	45.1691	5.46881	0.796966	17.8542	6.08405	0.986139	13.5263	2.80571	0.334561	9.2156	8.19954	0.766319	33.1326	5.8763	0.129287	18.5282	
5.5509	0.825384	27.6546	7.76344	0.898559	24.4365	8.78811	0.20557	24.3525	8.7361	0.241016	24.3304	0.717399	0.414228	1.52034	4.13609	0.795499	18.4002	6.7182	0.914465	13.4784	10.6819	0.507258	47.3409	5.49277	0.357914	15.1446	4.3615	0.130598	11.3495	2.12493	0.948864	4.64728	6.92093	0.98877	22.4924	9.2644	0.634218	26.7268	3.89324	0.644555	19.4659	8.92438	0.98062	23.022	2.131	0.744144	10.103	7.18609	0.896893	32.3437	8.98832	0.796034	26.8234	7.96083	0.172808	26.626	2.19545	0.58828	9.94194	6.51513	0.868757	31.9803	7.62254	0.769229	32.4919	2.17479	0.276074	6.87815	2.7609	0.77429	10.6588	
4.94554	0.587633	22.8629	2.69158	0.89831	9.5993	1.67801	0.569044	4.56	5.04574	0.606167	15.984	8.81096	0.575477	41.9906	6.05424	0.971429	21.685	2.82037	0.206058	7.24121	1.59192	0.406063	6.8265	4.91618	0.697864	20.818	5.19881	0.400111	12.1775	8.94398	0.939356	25.2383	6.19607	0.43876	20.8264	0.895758	0.703331	4.33268	6.41905	0.511232	25.9047	3.65762	0.621928	8.24873	7.47836	0.541202	36.4795	2.40429	0.43945	10.2153	6.43819	0.90348	26.9726	5.83229	0.260062	26.3984	8.31995	0.754925	27.0358	3.62728	0.29881	7.58151	2.85196	0.921495	10.2657	8.77701	0.207065	27.0351	6.79108	0.990503	21.0385	
3.25954	0.674256	6.66652	5.0225	0.689308	15.2619	5.80169	0.473615	19.4866	6.1971	0.272684	29.7376	2.28625	0.370649	5.15956	2.19411	0.864752	5.52885	3.77136	0.240176	10.9667	7.68368	0.132433	22.497	3.16785	0.14589	11.9255	1.54245	0.511423	6.97223	2.77503	0.437146	7.95114	4.7973	0.35476	15.1732	6.26571	0.286174	16.2694	1.69056	0.189356	6.42995	6.12683	0.104575	27.5502	1.24992	0.27577	5.67706	4.25677	0.300136	12.8946	6.76741	0.962097	30.9478	6.11816	0.91555	14.5122	2.16137	0.743788	9.98006	3.84232	0.268866	15.923	4.68592	0.29539	22.299	3.01441	0.47417	12.8283	0.709477	0.718872	3.19362	
7.08895	0.79515	26.0092	7.06711	0.796606	19.8408	4.79138	0.758992	18.6113	2.13238	0.770074	10.2994	6.60878	0.275171	23.9141	6.84703	0.568176	26.5404	5.37111	0.857764	24.6038	6.48402	0.930877	22.7752	6.98461	0.969915	33.3504	5.43137	0.679142	19.0648	5.37503	0.392902	17.2224	0.375289	0.370819	1.36836	5.61107	0.880909	24.4501	3.5277	0.93803	12.4338	3.26115	0.869506	11.2658	6.3348	0.63605	18.4456	5.70464	0.420016	23.7181	1.79751	0.527216	8.3379	9.78913	0.741251	20.9338	5.05256	0.798729	21.5079	6.62043	0.895713	16.3495	3.62437	0.283092	16.4697	8.09871	0.903307	19.4107	5.8592	0.678254	16.0674	
6.44294	0.462726	15.4388	4.007	0.648376	14.6284	3.09639	0.193551	9.98974	6.1851	0.513066	22.4508	10.5413	0.538688	38.1718	7.65736	0.281625	31.3099	4.52607	0.661051	16.5094	1.55131	0.110091	3.51716	6.42996	0.785996	20.2827	6.90328	0.427137	14.5229	10.6868	0.665311	35.8179	7.65668	0.826476	31.6784	2.30577	0.489462	7.20381	8.15069	0.281285	23.1984	4.7678	0.178555	17.7982	9.18479	0.571578	42.3646	4.07708	0.691994	20.2354	7.55206	0.816728	35.8396	6.73937	0.535757	19.3358	10.064	0.371949	34.4517	5.13388	0.399201	18.0722	4.42523	0.59361	12.0531	10.4154	0.107482	21.4376	8.50383	0.472138	29.7381	


# This instance was randomly generated with the following parameters: 
# SIGMA_MIN=0.1
# SIGMA_MAX=1
# CAPACITY_OVER_DEMAND=10