8	16
111.011	1154.66	118.189
162.691	813.617	57.2656
51.9092	370.311	11.7064
57.8769	1132.02	112.356
97.3454	1180.48	119.216
166.457	1318.66	149.013
79.8452	1226.77	145.889
157.319	998.25	87.4441
5.26776
47.8748
48.8983
2.36954
51.0496
16.1316
8.47875
32.573
19.933
35.1208
41.359
24.9449
27.8314
6.27489
10.3119
22.1203
10.4873	2.38412	40.6104	9.33686	3.15521	21.6425	0.402415	2.60923	1.49085	9.55052	2.94482	40.9343	3.89677	2.90152	13.4603	4.02255	3.40787	14.8274	0.651217	1.14077	1.72684	8.1229	2.2246	17.9952	8.37182	1.13534	34.5958	8.38658	1.88765	35.7759	9.39066	1.18799	31.5406	5.17689	3.90773	21.8073	8.31694	1.93926	27.0041	8.59361	1.07199	30.942	9.24794	2.5825	26.5489	3.93966	2.18589	16.0697	
8.01928	2.9651	38.8159	5.53997	2.2942	27.4329	4.73799	3.10156	21.2654	5.9906	3.44486	17.9301	6.37232	2.18604	17.4171	1.1435	1.59047	4.48027	4.83614	3.98443	13.1225	3.2094	1.20884	7.65533	4.34965	3.85959	14.4787	7.35857	1.43184	16.8585	5.47861	3.44163	25.4745	0.178703	2.21948	0.67952	4.37323	2.06447	10.5712	5.8333	2.57478	20.9423	5.73901	2.66261	17.6545	3.81301	2.1701	9.16171	
6.27562	2.5676	18.6491	6.60575	1.55564	29.6161	4.73744	3.2077	23.2516	6.50147	2.12128	23.4652	1.74418	2.95466	5.8261	5.79847	1.37895	18.3149	4.40006	2.28215	10.438	7.44371	1.86794	28.5202	6.20939	3.32414	13.337	3.61309	2.72087	14.9069	6.77975	2.53236	21.2487	5.94345	1.05567	12.3672	6.08022	1.4561	30.1456	5.0301	1.74587	17.1856	6.22422	1.81926	30.1892	2.19287	2.56086	8.12595	
11.6554	2.90269	40.1186	10.2907	2.7669	50.4161	1.6217	3.78619	3.85484	10.5522	2.68411	28.3686	5.15991	2.53391	15.6279	4.41706	3.65546	19.3614	1.94108	1.91148	6.4531	8.72646	2.81313	27.659	9.25996	2.60354	37.5318	9.64637	2.01305	44.1372	10.3221	1.60216	49.972	5.68494	3.34667	13.067	9.22049	1.25768	30.7982	9.69789	1.87419	29.8891	10.2533	2.63978	31.0712	5.12919	3.37507	15.3808	
6.05492	2.2655	15.9696	3.41095	3.26088	14.1798	6.11524	2.03914	26.5886	3.87183	3.5873	11.2006	6.58039	1.77	19.1863	3.13704	3.73239	8.69211	6.09851	3.71132	14.5296	1.85818	2.09156	7.58344	2.22204	1.24465	10.6978	5.9223	2.18465	26.3645	3.35167	1.17433	10.2334	1.95094	3.37818	6.755	2.24418	2.93689	5.77012	3.90007	1.07249	16.662	3.62973	3.46535	10.2744	3.80332	1.14968	8.13193	
9.2678	1.26031	36.0429	9.41838	2.52733	41.7954	3.77456	2.13475	17.6263	9.3861	3.30097	20.6878	1.30582	1.30837	5.65124	6.64836	2.6252	25.6129	3.41385	3.51851	12.117	9.59722	1.83755	36.973	8.84288	2.72318	35.3855	6.50894	1.42704	22.7798	9.5662	1.37905	39.9991	7.32793	1.92315	15.4928	8.73159	3.14927	42.24	7.98079	1.90351	20.7464	9.09674	2.29075	34.4353	3.95365	3.70199	11.0599	
10.0876	1.0864	29.8048	9.03866	1.90263	44.6539	0.343972	1.69164	1.49007	9.23022	1.23435	40.3685	3.43148	3.9904	13.6704	4.01345	2.71688	11.7592	0.221326	2.68489	0.495927	7.98003	2.69946	16.2467	8.10596	3.37789	32.5562	7.94046	1.07061	23.027	9.10235	1.40647	41.445	5.09952	2.03841	23.6536	8.04441	2.72828	34.7944	8.22738	3.30223	33.7295	8.92666	3.58686	24.1147	3.54418	1.38918	7.12205	
5.00369	2.41788	15.0143	2.28482	3.48883	6.69584	6.92628	3.27015	17.0124	2.73781	1.56896	6.91089	6.84204	2.69084	15.2125	4.22851	2.68807	15.1276	6.86278	3.83721	23.9291	1.99035	3.116	4.82799	1.11878	3.55018	3.14557	5.23867	1.57021	22.4634	2.24199	1.26334	10.1666	3.08113	1.69277	11.1565	1.12082	2.16344	3.90548	2.90421	1.48908	8.3202	2.49866	3.66063	5.81178	4.14627	3.48562	10.4416	


# This instance was randomly generated with the following parameters: 
# SIGMA_MIN=1
# SIGMA_MAX=4
# CAPACITY_OVER_DEMAND=2