8	16
35.3351	1240.25	151.655
164.613	1198.42	132.074
44.5837	1162.68	118.689
41.606	920.664	75.3789
179.236	1098.27	113.544
58.9095	1299.15	151.739
95.9155	887.046	72.0359
45.2626	359.611	12.7267
1.30465
16.073
37.9882
23.5019
26.9753
39.073
35.5386
48.713
18.2736
38.1416
30.063
9.20712
5.8815
11.1728
46.7718
25.2419
6.2034	0.672165	15.3425	3.79763	0.595172	8.0086	2.99008	0.468353	14.5852	5.0291	0.791212	18.8193	2.88659	0.39395	12.3023	3.76427	0.862425	10.6571	9.11916	0.397433	40.8001	3.69624	0.647936	17.9209	3.66766	0.222307	17.0254	4.14806	0.800258	18.4647	1.41614	0.934542	3.78026	4.02953	0.688007	13.8126	8.33549	0.244779	40.0344	3.79944	0.781183	11.7798	6.33907	0.631396	25.4484	7.6793	0.751043	24.4764	
3.98441	0.115701	15.7854	3.24374	0.222199	8.06647	3.53763	0.91441	12.7768	4.25204	0.11113	9.31712	3.73815	0.928469	15.1577	1.31673	0.101657	3.48851	5.24221	0.654275	14.1287	3.61867	0.946383	8.3458	0.997114	0.122535	4.96795	6.28664	0.829088	16.5712	4.8252	0.832513	22.9383	4.44716	0.538466	12.4484	3.8147	0.618359	15.3792	4.72427	0.332302	14.6958	5.57642	0.728859	21.5028	3.09238	0.412684	14.8637	
0.385772	0.104218	0.968456	7.26444	0.179347	34.0372	7.24951	0.935209	33.7611	1.98092	0.170458	4.72796	3.85735	0.315666	17.4968	3.60277	0.704045	14.4267	3.35625	0.827727	16.4198	7.57234	0.271131	20.8575	4.76282	0.957625	17.6481	5.17452	0.464575	12.7928	5.79354	0.577859	19.6013	8.38864	0.91786	30.8787	6.17573	0.335085	22.1265	8.54834	0.568997	37.5842	2.12067	0.656266	4.4568	5.28297	0.834165	24.7399	
6.36277	0.822391	30.3134	0.624889	0.833291	2.33936	0.796165	0.493963	2.83531	6.01321	0.653318	24.4673	4.47512	0.329393	17.2339	3.10315	0.291004	10.4265	8.04611	0.547953	29.2645	0.870831	0.712003	2.82404	1.97609	0.8889	5.35405	6.77064	0.548768	17.8215	4.35688	0.744764	11.7492	1.69254	0.998922	7.78572	5.70087	0.296797	17.7871	1.92291	0.871979	5.78125	7.47184	0.4401	15.7887	5.28622	0.73471	12.7347	
7.00912	0.864113	18.4989	0.594068	0.610191	1.28499	1.47756	0.201121	4.02607	6.84473	0.114188	15.3053	5.44882	0.917694	20.2376	3.80252	0.182621	13.2756	8.27084	0.541173	30.5281	0.913545	0.280725	4.44111	2.57887	0.947796	8.66463	7.79629	0.20853	34.6422	5.40148	0.697594	20.6882	1.51879	0.717177	7.17279	5.32466	0.893722	10.7913	1.94249	0.490123	7.49605	8.28922	0.302493	26.3315	5.06825	0.410804	21.1939	
8.85213	0.570325	36.7318	2.03593	0.76957	6.74006	1.98208	0.719921	8.7182	8.36115	0.182414	35.74	6.57224	0.643234	21.6254	5.596	0.823931	12.7126	10.4871	0.191576	28.9029	1.66148	0.293204	6.74056	4.49145	0.566964	9.51378	8.51538	0.346654	33.279	5.82412	0.635576	14.0116	0.830055	0.906529	3.22337	7.54413	0.708546	19.2047	0.709448	0.756101	2.53214	9.82048	0.247578	23.0073	7.34113	0.278845	33.4039	
7.63938	0.361341	34.1957	1.19334	0.200363	5.18259	2.0234	0.791014	7.34456	7.53811	0.3678	20.8081	6.16917	0.285851	28.2447	4.47095	0.849123	11.7619	8.69381	0.544845	32.7777	1.34108	0.779206	3.82249	3.23908	0.854055	9.80046	8.51083	0.635839	39.9733	6.086	0.824725	25.0359	1.58441	0.924862	6.00976	5.39846	0.815409	13.5815	2.05693	0.637333	6.22781	8.97629	0.242973	20.8246	5.26136	0.162655	22.3678	
6.12576	0.228311	28.8673	4.33419	0.847511	13.0892	3.53893	0.416277	16.4356	4.8404	0.626365	21.1239	2.69979	0.174222	9.69719	3.94768	0.803558	10.9375	9.19111	0.801754	38.8063	4.24487	0.608227	9.64208	4.00795	0.811276	19.245	3.66396	0.725189	11.7148	0.966296	0.478975	2.6864	4.58597	0.23669	16.5392	8.67772	0.844295	30.7889	4.35229	0.924432	18.982	6.08512	0.398376	29.8244	7.9878	0.764395	21.344	


# This instance was randomly generated with the following parameters: 
# SIGMA_MIN=0.1
# SIGMA_MAX=1
# CAPACITY_OVER_DEMAND=2