10	20
116.512	1361.38	159.883
53.7206	1293.09	142.765
61.593	1272.41	153.674
154.903	395.018	14.7404
178.794	785.175	53.2581
59.1869	1373.84	156.752
35.355	935.026	85.8514
178.827	933.612	80.6506
100.415	808.306	59.9628
32.8069	1226.47	144.813
7.87717
47.4634
8.64515
39.3042
6.98432
21.4456
55.8709
5.37215
16.6767
6.60925
28.3771
29.5578
55.2592
55.7475
28.8263
22.9486
18.3215
17.041
42.903
10.9444
6.62743	1.63334	13.4192	4.34631	1.05091	17.7237	8.29024	0.597862	22.2504	7.99734	0.508524	25.7049	6.1513	1.27512	17.0471	2.60709	1.11419	12.8648	7.9894	1.82251	16.9447	2.86037	1.87794	6.84451	4.87366	0.985804	23.5297	6.99552	1.29986	27.0652	1.60537	1.33338	6.19881	5.62374	1.3789	21.9045	4.37545	1.32373	17.4493	7.32645	0.888464	24.6665	9.10723	1.43518	26.5863	4.05919	0.888019	19.9649	5.87442	0.962313	24.4053	5.06568	0.793282	25.0253	5.19169	0.795453	19.1631	5.82603	1.04899	22.0511	
3.66939	1.1705	8.94709	7.52319	1.94734	23.375	9.22229	1.97946	42.4279	9.42313	0.91657	44.8554	8.57075	1.83842	19.1063	5.96252	1.97849	23.4502	9.82868	0.620177	47.6571	5.77488	1.49003	13.7417	1.46488	1.23571	4.14687	9.25562	0.593007	34.4156	4.98506	0.88461	13.6132	6.30513	0.776464	21.2832	5.29325	0.501382	19.9845	8.15986	1.19819	39.5211	7.71569	1.29664	21.797	2.35911	1.65005	6.848	8.4233	1.33877	29.862	5.49241	0.887046	16.8102	7.02835	0.729698	31.5889	7.82827	0.759108	23.6192	
4.31161	0.995177	9.77413	9.63964	1.19595	44.7436	5.73892	1.90161	13.0235	6.82993	1.29621	29.203	8.43567	1.10398	29.5929	9.23473	1.41253	40.3423	7.91457	1.50985	38.0063	8.16831	1.28789	28.9336	6.15593	1.57434	23.9877	8.4759	1.3886	33.2509	8.77105	0.528377	24.6862	4.48555	1.84268	15.3973	5.03702	1.53223	20.1547	5.06973	1.48004	11.9458	0.858749	1.7106	3.71327	4.64173	1.65563	18.8809	8.63809	1.10495	18.6456	4.21102	1.06958	18.0171	6.62922	1.63394	14.8435	7.22087	1.06777	34.2775	
4.5717	0.541279	18.737	6.55057	0.644392	21.7127	4.31397	1.81774	10.4853	4.92942	0.831369	24.0644	5.65514	1.30859	27.7893	6.15234	1.30434	23.6232	5.75201	1.79741	26.2999	5.06473	0.757195	20.4675	5.18654	0.612523	21.9166	5.89563	1.41949	26.9929	5.75969	1.34234	24.9316	1.79082	1.92287	8.58854	1.95118	1.50706	9.40844	3.29598	0.811684	15.5512	3.75378	0.538622	13.996	2.89565	1.50122	7.05574	5.78238	1.9449	12.7358	1.19565	1.43052	2.88399	3.76496	1.86427	12.3846	4.47939	1.56673	14.8774	
1.46797	1.4445	4.81475	8.35235	0.85183	20.978	7.57422	1.45484	26.6374	8.16889	0.850712	22.9858	8.36586	0.719623	20.7407	7.27195	1.4047	35.8558	8.90545	1.57803	20.1286	6.57159	1.59088	32.2658	2.28473	1.38785	4.61813	8.8045	0.893627	23.3263	6.48816	0.967887	28.6365	4.94061	1.08763	21.625	4.46777	1.51041	19.1174	6.56292	0.994052	31.1047	4.73683	1.69608	9.79297	1.44163	1.87159	6.5279	8.37453	1.09293	40.9896	4.15411	0.926908	8.68603	6.51232	1.99377	29.8507	7.31787	0.63975	22.4235	
6.87859	0.998156	19.2523	5.28986	0.695472	20.2208	2.39777	1.15943	5.74969	2.66745	0.861566	6.76188	3.61918	1.18224	10.6399	5.548	0.644693	18.8982	3.42358	0.783037	11.8681	4.32622	1.49272	11.6935	7.18542	1.61701	30.5513	3.67892	1.44132	10.2382	5.54717	1.19434	17.236	0.58186	1.77773	1.77147	1.67155	1.12038	4.69785	1.35958	1.34582	6.32517	5.18863	0.515363	23.012	4.81759	0.896819	14.5009	3.85075	0.810003	13.6281	1.40938	0.965071	3.55576	1.91886	1.13851	6.09276	2.40439	0.905275	8.73842	
4.58012	1.45912	9.48186	6.9828	0.538029	29.5668	9.3795	1.28616	32.9501	9.45214	0.539504	35.0765	8.30284	1.45448	37.3236	5.3297	1.03912	22.7168	9.74778	1.29802	31.1021	5.30319	1.34747	15.3469	2.37827	1.0727	10.1319	9.04467	0.880781	33.5543	4.33156	1.36243	11.9342	6.46413	0.982625	21.3202	5.34998	1.56412	17.3302	8.32523	1.80723	20.5459	8.39849	0.590593	31.0039	2.92095	0.767908	7.93122	8.11317	1.88513	25.3865	5.68709	0.693466	12.6633	6.90123	1.74237	21.7414	7.67183	0.865868	16.6297	
9.50371	0.870901	40.7214	2.336	1.75926	7.69895	4.46728	1.05495	11.7675	3.44789	1.04814	14.1295	0.571286	0.773286	1.96954	3.64178	1.25163	8.4672	2.81592	0.800929	12.7531	2.77	0.546877	13.2165	8.98119	1.03001	30.7442	1.47326	0.504552	6.10187	4.28838	0.791409	10.94	3.86945	1.49352	9.69184	3.64528	1.2044	11.8889	4.08754	1.45366	10.4971	8.77265	0.525271	28.3075	6.85792	1.3312	28.4528	0.340136	1.18597	0.841923	4.27567	1.46477	21.2435	1.72754	0.791949	8.52712	1.26373	1.31014	3.48218	
3.62701	0.64861	12.7316	9.16178	1.45308	37.8497	5.84841	1.12438	11.7816	6.83869	1.43075	23.1684	8.16465	1.79915	21.6642	8.64455	1.85891	32.5651	7.86244	0.721174	16.7509	7.6201	1.07948	36.033	5.37699	1.76952	21.3066	8.28751	1.64411	22.4408	8.13012	0.880226	18.3105	4.19588	1.53675	18.3112	4.56986	1.18614	14.4289	5.06573	1.0861	22.6285	1.65473	0.67839	3.49524	3.85633	1.35658	18.3216	8.33222	1.2379	33.0447	3.79173	0.684522	16.6203	6.30868	0.655758	23.2772	6.95903	0.853742	25.7646	
3.8728	1.57423	15.4984	5.91377	1.74605	15.9793	6.35534	1.23301	28.9839	6.60157	1.60345	18.7833	6.16695	1.5119	26.9623	4.86935	1.05979	17.3904	7.10258	1.44391	25.7283	4.13015	1.49635	10.3485	3.30298	1.82456	12.4742	6.72502	1.76763	28.2154	4.15458	0.857166	20.6454	3.44042	1.1677	12.6176	2.50198	1.14899	10.0992	5.29283	0.695009	23.9993	5.72743	0.948142	14.6911	1.09257	0.90769	2.29356	6.11532	1.49029	24.3939	2.62527	1.00638	8.75339	4.42217	1.41422	11.3049	5.24328	1.68452	22.2059	


# This instance was randomly generated with the following parameters: 
# SIGMA_MIN=0.5
# SIGMA_MAX=2
# CAPACITY_OVER_DEMAND=2