9	18
177.534	1271.71	159.485
59.0884	1041.66	101.238
4.80927	1096.41	119.832
47.4002	1056.31	96.4013
30.7491	1024.81	95.3319
136.097	786.64	55.2495
110.457	1129.17	113.458
59.696	1095.7	105.955
69.8358	1261.43	135.874
39.5209
4.08295
4.0712
22.9542
9.72966
32.3445
6.54422
29.867
5.84013
21.9051
16.2829
33.8839
1.00536
31.5824
8.52741
28.0048
25.521
5.94013
8.72147	1.58326	21.4917	4.31414	2.07401	17.6605	7.54916	2.31049	37.301	6.73252	1.58125	20.3438	4.07479	2.92887	17.1669	4.04171	2.83921	11.6664	2.83208	3.20069	9.72889	3.21167	3.59326	9.20653	3.16679	3.04215	7.66389	4.53402	1.31326	15.947	3.53653	3.73361	12.3177	9.9465	3.164	44.5542	5.70469	1.06579	25.3986	0.791416	2.50736	2.05253	8.72661	3.36198	29.0978	8.92757	3.48048	34.3262	1.85929	3.33282	5.0196	3.69706	1.48983	9.8384	
1.85068	3.79976	4.97494	5.89418	3.34873	27.8204	3.77698	2.86112	18.4542	0.789603	3.35047	1.75077	8.65636	2.64851	31.9787	4.57623	3.85574	10.3529	6.76941	1.28586	17.5464	6.8125	1.04195	20.6208	6.40387	1.74343	20.3284	5.33143	1.60023	17.5737	4.27111	3.00034	9.9711	6.68608	3.37351	32.4952	8.41425	3.2513	23.5404	7.85067	3.62166	38.8139	5.35761	2.46239	22.2547	5.25461	3.8482	13.1121	7.56768	1.009	26.3387	7.3265	2.36704	29.7114	
5.9423	2.97071	29.2214	0.918359	3.05095	2.06867	3.38542	1.5512	15.6627	5.34191	2.92585	16.558	3.36294	1.07191	8.46436	2.01643	3.856	8.34671	6.94215	1.54498	22.5236	7.26352	1.2402	20.6958	6.95086	3.6842	24.94	0.930179	2.71024	4.64587	5.15244	1.71189	19.8178	4.86193	3.46451	17.2479	2.50387	3.16591	11.9597	5.99605	3.42356	23.7312	3.86755	2.2164	13.7298	4.13965	1.86115	14.1953	6.69687	3.41556	22.4929	2.22054	3.93452	7.53709	
3.12123	3.65885	10.9329	8.20027	3.10539	40.2931	5.84002	1.57597	19.4206	2.98393	2.7924	11.3257	10.9226	3.85531	29.347	6.84562	3.05084	30.7286	8.06756	3.57791	22.6264	8.00927	1.31295	25.7613	7.6356	3.01554	17.7441	7.64256	1.18928	28.4602	5.89348	2.77848	28.5347	8.43811	1.36046	27.5834	10.7318	1.51316	53.2672	9.58182	1.78168	30.9759	7.25052	3.9716	25.0209	7.08314	1.75844	32.1166	9.07475	1.2455	22.2404	9.59981	2.09378	21.4338	
9.35657	3.01547	35.2587	3.29738	1.68762	15.2147	7.22053	3.23371	31.1051	7.99563	1.87229	17.1464	0.972576	1.25512	3.12646	4.21541	1.98375	12.4098	6.0652	2.62506	21.558	6.44882	2.09039	26.0106	6.33856	3.05373	14.4677	3.84411	3.00608	15.994	5.84639	1.40099	15.9941	8.68799	2.16841	43.2771	2.96757	1.42175	8.03675	3.9778	3.79844	18.0052	7.80717	2.86675	20.1831	8.08534	1.42759	34.1614	5.1432	3.33904	20.8988	1.73225	3.85817	7.39938	
2.74139	2.21688	9.05184	3.48147	1.23502	9.67459	1.15137	2.52931	3.61128	2.6522	3.5344	10.7814	6.37229	1.51147	24.3295	2.6884	3.20212	8.80724	7.08767	2.82304	18.3054	7.28523	1.80807	23.6342	6.88446	2.65906	24.9224	2.90312	3.64152	12.9498	4.56844	3.75369	10.9694	4.24855	3.29153	15.5183	5.69153	2.63697	25.0623	7.21816	2.89701	27.7227	2.81512	2.06453	8.22934	2.84974	2.87957	9.66998	7.41527	2.56459	27.496	5.06925	2.65738	23.2253	
8.25764	1.04306	36.0124	5.75386	2.14527	17.3892	7.95718	3.66948	38.065	5.96565	1.91266	28.164	6.3961	2.60578	21.013	4.83863	3.82379	16.9556	0.360936	2.81321	1.58655	0.741367	1.50272	2.60291	0.694658	1.66853	2.89693	5.73196	1.7165	15.7076	2.45413	2.96176	5.64117	10.7989	3.93666	21.9077	7.75822	1.77207	30.6738	2.08793	3.99303	8.37734	9.43271	3.25016	42.2597	9.56261	1.45406	38.1799	1.07628	1.58453	4.3309	5.7154	3.09203	21.0315	
6.48686	1.27984	25.5829	4.56465	1.01084	15.0751	6.23188	2.12387	29.4464	4.22954	1.10808	19.2519	5.96598	2.25832	19.5052	3.37653	2.40157	16.3469	1.98005	1.88499	5.03147	2.17514	3.2643	9.78134	1.78327	2.5449	4.39635	4.39871	3.66367	19.13	0.70208	1.91123	2.75089	9.15694	2.38073	38.2753	6.92233	3.54282	31.0531	3.02263	1.55979	8.80242	7.76264	2.02608	33.509	7.87159	2.86094	21.0563	2.59519	1.96445	8.23698	4.98074	2.96113	16.9418	
4.88794	2.58623	20.9369	4.50837	2.39699	13.3795	2.23651	2.98854	7.03523	5.84191	3.77355	27.6479	6.79376	2.21999	17.5077	4.81989	2.46688	13.5117	9.90013	3.57301	29.1623	10.157	1.80598	29.3887	9.78294	3.15003	21.1214	4.19105	2.76529	12.9993	7.57879	2.53171	25.14	1.22772	2.82129	5.79742	5.22051	3.61083	12.2325	9.44039	1.456	22.5492	0.750306	2.44405	2.68558	1.02628	3.01886	3.44504	9.94812	3.75042	45.7932	5.82803	2.93511	20.1626	


# This instance was randomly generated with the following parameters: 
# SIGMA_MIN=1
# SIGMA_MAX=4
# CAPACITY_OVER_DEMAND=3