9	18
43.2522	510.413	25.197
75.7424	609.379	33.2966
31.6761	1186.85	126.252
34.3753	694.601	47.397
27.9097	781.77	53.5475
112.196	1053.55	97.5414
127.345	766.527	52.1287
112.401	1010.33	100.838
97.892	634.354	34.3805
25.6023
29.2493
33.8147
9.70391
25.7035
33.0739
27.9005
3.01313
6.67947
15.8277
10.912
14.2451
29.6539
33.1587
9.14432
11.1073
29.6519
31.9448
4.10201	0.328916	11.3566	8.3253	0.559555	24.8863	4.21344	0.941249	14.2621	6.60841	0.195811	19.8277	9.15354	0.808665	27.3874	4.34441	0.465886	15.7868	1.79438	0.621223	4.21035	5.79993	0.273067	11.9269	1.14902	0.823481	3.38827	9.04514	0.737416	21.4541	2.48225	0.581344	8.89073	6.22608	0.304875	18.2903	6.15941	0.852664	19.123	8.32031	0.620056	20.5522	6.39868	0.28739	24.6713	8.27538	0.622392	32.311	7.15916	0.577415	35.3175	9.5166	0.909984	38.7949	
5.8317	0.256619	25.1496	6.58478	0.897812	23.3944	3.2218	0.683833	15.5075	4.74164	0.540175	13.1698	7.22327	0.930799	20.2754	4.77756	0.312206	10.1807	3.56003	0.260523	9.19557	5.84893	0.901891	20.8753	1.18757	0.723447	3.60717	8.81919	0.788727	25.1293	4.00993	0.745446	8.08091	4.20048	0.773181	14.104	4.13939	0.433564	20.4957	8.21424	0.991458	18.0015	5.12207	0.456177	17.7349	6.47827	0.120777	24.5631	5.16327	0.550063	17.049	7.67884	0.103168	36.1401	
8.99146	0.570457	40.0699	1.8349	0.371396	5.46321	7.83711	0.223352	30.1557	2.10534	0.863111	5.60464	3.60654	0.487762	12.5837	5.57894	0.404993	23.2525	7.54721	0.733996	33.1351	4.98483	0.386574	12.7375	5.87735	0.326468	19.628	5.85877	0.487415	21.7109	7.37494	0.497311	16.3156	4.56262	0.343523	12.7566	3.75201	0.888865	18.4301	5.77216	0.202993	16.0056	1.00143	0.737091	4.64476	2.09097	0.724777	7.41373	3.42629	0.51249	9.64251	3.23411	0.660253	12.7604	
5.74007	0.263626	23.5093	5.00797	0.144531	10.0322	6.85016	0.380542	18.8562	4.12603	0.458719	9.53985	6.51433	0.733378	24.1488	2.4416	0.227317	9.85046	4.4749	0.608239	20.842	2.53003	0.490335	5.52955	3.4389	0.360259	12.7347	5.11802	0.153336	21.5388	4.18421	0.708238	10.7049	5.55443	0.747743	24.7099	4.93949	0.798722	20.3495	4.57789	0.979984	14.6574	2.34184	0.761763	10.3886	5.15593	0.566473	16.6983	5.35433	0.354332	11.4205	6.39987	0.397443	30.9546	
9.97582	0.945831	49.4787	2.24312	0.806371	7.22419	9.46943	0.318498	19.7222	3.52296	0.507558	14.351	4.10219	0.186664	16.8566	6.34855	0.985051	19.9671	8.78947	0.412125	21.5911	5.36626	0.658255	22.3684	7.34231	0.324104	33.1071	5.24834	0.48139	14.5401	8.50797	0.810405	18.8047	6.03289	0.298878	26.3264	5.22633	0.653736	23.3314	5.39687	0.939456	17.539	2.06707	0.217806	9.25346	2.6613	0.788591	11.3521	4.68637	0.249955	18.7272	3.30516	0.596654	9.88497	
6.54364	0.389801	24.4536	4.21856	0.626124	18.3115	5.89017	0.785557	19.9231	2.96543	0.569895	12.2219	5.48558	0.617663	13.9542	3.64799	0.710536	7.38362	4.88166	0.625406	19.4768	3.86004	0.334861	9.20804	3.18397	0.284886	14.3822	6.21035	0.773674	23.1314	4.80493	0.114547	11.9281	4.21879	0.708599	12.3105	3.61252	0.674912	17.0891	5.75828	0.841489	24.7945	2.11742	0.627489	6.9161	4.27369	0.881018	10.368	4.09715	0.661923	17.4731	5.54705	0.234341	25.5626	
8.38621	0.758411	21.7747	2.53811	0.69394	9.00045	6.18474	0.687009	21.2274	1.14468	0.202565	2.32043	3.63606	0.887967	15.6554	5.4131	0.62437	14.9136	6.62824	0.744156	25.9978	5.31206	0.219242	18.8186	4.64126	0.504468	12.4106	6.97001	0.937417	28.1891	6.62146	0.320571	18.3357	3.10759	0.227165	13.7498	2.32984	0.932058	7.78662	6.71319	0.958254	26.3512	1.87838	0.716559	6.57663	2.50655	0.126861	6.56755	2.42769	0.901402	6.73391	3.77193	0.816795	11.3088	
5.82652	0.607501	25.3188	8.54333	0.85615	41.7211	2.48577	0.482287	7.75294	6.63228	0.518754	28.1001	8.99484	0.602808	20.3963	6.04499	0.794522	22.1551	3.58192	0.957145	16.8359	7.38328	0.581624	24.4494	2.23437	0.52264	5.30068	10.5351	0.875998	28.626	4.31597	0.573379	12.1246	5.55229	0.254615	17.9438	5.72668	0.14937	26.32	9.86247	0.304543	43.224	7.15646	0.657268	31.9176	8.40236	0.474738	34.5428	6.82563	0.37244	21.0617	9.55825	0.288756	37.3384	
4.81586	0.922653	18.002	6.67685	0.120991	27.1205	4.38345	0.78758	14.0392	5.03215	0.370881	22.5954	7.60867	0.890169	20.0233	3.5862	0.393834	7.6413	2.66793	0.888245	9.5901	4.7538	0.442769	21.3068	0.551446	0.902277	1.46562	7.84414	0.85568	27.8765	2.95722	0.326638	9.93987	5.0494	0.211635	18.8282	4.82287	0.777973	10.6232	7.19105	0.207644	30.4705	4.73705	0.693089	13.6407	6.64742	0.762732	29.2884	5.72997	0.310167	17.7814	7.90221	0.722931	34.944	


# This instance was randomly generated with the following parameters: 
# SIGMA_MIN=0.1
# SIGMA_MAX=1
# CAPACITY_OVER_DEMAND=1.5