10	20
20.6914	865.266	65.5349
85.4505	1282.01	151.363
160.692	351.904	11.6237
19.0615	1153.46	121.754
104.22	827.17	65.8196
151.188	1194.24	135.467
99.1524	837.408	63.3502
7.83645	1305.49	153.228
98.3691	1359.04	157.284
149.299	1267.9	141.903
58.3368
10.7614
48.2022
31.1055
1.93874
39.7494
68.2069
39.2014
1.88094
43.2125
27.9383
57.4304
62.1602
35.3261
37.091
48.9996
11.7992
27.3729
18.8604
41.9773
5.89712	0.744939	21.7187	4.80066	0.334294	11.5074	4.4425	0.842022	20.0661	4.51944	0.367679	16.972	3.52858	0.544533	7.16886	9.68767	0.624189	19.7598	8.30694	0.709736	38.934	6.99681	0.590916	18.805	8.38751	0.674599	23.7967	2.37701	0.787157	9.00841	7.48862	0.623446	19.9751	9.58916	0.559253	35.5204	5.04825	0.877037	18.4891	3.108	0.10617	14.848	4.2595	0.9483	11.8951	6.0388	0.212764	24.7397	9.5392	0.591917	45.6175	8.1717	0.418739	16.8265	3.15001	0.527041	7.81136	5.05781	0.115132	13.3796	
9.83738	0.374234	41.3567	2.75417	0.841584	9.14224	2.24391	0.703733	9.88497	5.7123	0.360081	23.2559	4.40093	0.772014	10.9527	3.15071	0.440919	7.59649	5.07571	0.297215	12.0502	4.39267	0.988602	13.0343	1.85708	0.597927	8.8383	6.26992	0.499991	30.5093	6.0137	0.302258	26.7222	3.04489	0.690716	9.0477	8.40783	0.487076	24.2396	4.02652	0.936214	14.759	8.21348	0.678951	26.8624	0.670489	0.714994	2.56114	6.73377	0.158899	29.7951	4.98091	0.658363	18.7224	3.77722	0.259463	8.83509	7.67625	0.712927	25.7865	
10.7819	0.356084	22.2601	1.94068	0.76565	5.17912	2.25083	0.868928	9.95748	6.86291	0.461967	22.0903	5.33243	0.711801	18.2288	3.55118	0.777044	17.1988	6.75417	0.587033	15.4375	6.01184	0.815837	15.0004	2.80304	0.524803	9.0618	5.71861	0.992872	23.3658	7.598	0.230436	29.7826	3.51478	0.682263	13.4726	9.39824	0.419448	24.6926	3.6285	0.162167	14.4698	9.07026	0.81328	29.9669	2.12536	0.558803	4.69158	8.41454	0.997628	38.9932	6.657	0.405458	28.7332	4.44244	0.903892	17.1315	8.75841	0.283729	21.6104	
10.219	0.591622	35.3414	2.87767	0.853068	13.3287	2.50282	0.313652	8.76477	6.09026	0.623988	29.8796	4.78168	0.150044	22.0907	2.82007	0.57745	11.4079	5.29877	0.149332	22.2876	4.68172	0.840455	10.3529	1.60234	0.561241	3.83718	6.49337	0.977793	17.2079	6.31605	0.383364	28.7184	2.72249	0.375313	12.7983	8.78912	0.75594	36.8318	4.25848	0.244854	19.6559	8.59452	0.354598	42.4247	1.05151	0.687434	5.0198	6.94653	0.473911	30.5026	5.20998	0.458761	14.9335	4.14364	0.979202	19.0717	8.05567	0.296997	17.4853	
2.97158	0.38852	14.5834	7.9115	0.703591	27.249	6.82918	0.127697	22.6975	1.88367	0.995447	6.3902	3.56049	0.901644	13.1673	10.0752	0.607521	47.5689	5.08982	0.326287	24.3321	4.22835	0.79153	13.9128	8.65252	0.818676	22.2633	7.86501	0.62034	18.1268	3.29236	0.200078	13.7434	9.92365	0.510666	38.431	1.76038	0.701842	4.83335	7.06894	0.432566	31.6554	2.39705	0.967668	6.96878	6.83922	0.103492	15.8889	5.38156	0.690018	16.8507	5.00291	0.123596	24.5187	4.65672	0.667353	21.4277	0.953349	0.145414	3.20924	
5.55603	0.7677	17.7909	4.80072	0.395117	19.7856	3.67216	0.765109	11.2724	1.38896	0.69675	3.3844	0.872751	0.590226	4.21445	7.12933	0.422751	17.1889	3.93174	0.387959	18.3583	2.62558	0.953268	9.64013	5.68261	0.804428	15.2271	5.77084	0.205497	21.5058	3.23406	0.854284	13.9284	6.98739	0.874316	25.6382	4.11317	0.735949	20.1403	4.3107	0.161754	19.0033	4.0423	0.590248	17.7977	3.65635	0.245196	15.0738	5.16841	0.432538	19.1462	3.79784	0.523688	16.3826	1.79157	0.84871	7.51467	3.35205	0.922268	12.4696	
3.41533	0.271074	15.7064	6.44839	0.999365	13.4515	5.70281	0.284708	22.5751	3.06376	0.141503	6.59738	3.14273	0.318721	6.42408	10.4521	0.111162	34.4275	7.43287	0.506374	34.5273	6.19317	0.58773	21.428	9.03329	0.220876	43.0518	4.86535	0.277826	14.0337	6.13218	0.717959	19.0597	10.3268	0.333853	32.8591	2.5822	0.270591	6.5328	4.9982	0.880333	24.8007	1.76284	0.368818	7.55736	6.73124	0.685137	28.1359	8.3187	0.909771	23.382	7.30852	0.729045	15.5558	3.5913	0.230105	13.8491	2.76797	0.456842	6.03962	
4.7546	0.83479	15.1532	4.99581	0.807902	23.3729	4.28542	0.875802	11.617	2.9415	0.668503	8.80559	2.22472	0.871339	8.44117	9.2025	0.205127	29.7436	6.93954	0.985524	30.4272	5.63893	0.895612	27.2775	7.81271	0.554754	34.3623	3.7257	0.701458	10.2278	5.96638	0.686036	18.247	9.08513	0.942652	29.5675	3.68514	0.550233	14.3076	3.55626	0.968165	17.767	3.00325	0.248351	14.6584	5.46814	0.389611	25.2939	8.06787	0.523041	31.9522	6.80687	0.731528	24.2511	2.31121	0.957146	4.68607	3.55051	0.130626	10.1217	
8.52686	0.267855	33.7085	1.339	0.264912	4.15752	1.48568	0.347014	3.64942	5.38186	0.744071	14.4612	3.69327	0.757336	15.9052	6.61849	0.612405	27.4391	7.37084	0.42788	30.5619	6.20478	0.584648	25.889	5.5103	0.964913	25.3782	2.58541	0.472875	11.1553	7.39062	0.881741	33.6677	6.54803	0.432007	31.0862	7.30568	0.547718	33.0259	0.387698	0.376608	1.88648	6.75614	0.30416	26.4934	3.4234	0.742837	8.68318	8.94278	0.524685	23.1819	7.24144	0.76313	18.2972	2.58726	0.973583	6.78389	6.90159	0.137189	17.7183	
10.0887	0.297102	47.9648	0.728358	0.287714	3.47438	1.47415	0.338739	4.93729	6.41081	0.385291	14.9593	4.76695	0.595258	12.213	4.76337	0.131112	16.9019	7.10042	0.302726	17.4899	6.17114	0.298042	23.4854	3.87855	0.958943	13.4905	4.48865	0.930891	20.3368	7.64728	0.786478	22.7845	4.71755	0.746084	20.3343	8.7576	0.136785	25.158	2.45093	0.661361	6.60958	8.33871	0.822746	33.7492	2.45381	0.609482	10.437	8.76028	0.491711	31.974	6.9883	0.844275	17.4795	3.74755	0.509338	18.0877	8.20142	0.325346	19.8553	


# This instance was randomly generated with the following parameters: 
# SIGMA_MIN=0.1
# SIGMA_MAX=1
# CAPACITY_OVER_DEMAND=1.5