8	16
99.9954	779.386	54.4875
52.0016	351.895	11.0057
57.2375	1005.04	100.525
2.10204	714.032	47.9016
156.41	1335.22	147.459
29.7508	1115.81	106.659
47.1829	1148.13	112.2
14.7122	969.588	80.2839
15.9539
8.75119
5.5437
7.9271
7.14797
11.2098
18.2535
4.69141
6.68443
1.10957
1.46408
15.3559
11.5777
3.53007
4.51357
8.39048
7.18443	1.49205	29.4959	8.07385	0.768504	18.4507	3.22943	1.76555	14.5473	4.8793	1.22965	19.5363	8.89209	1.72624	38.4132	7.60772	1.19889	37.3025	8.99105	1.66709	23.1805	2.5203	1.9221	6.98129	6.7754	0.9427	18.8556	7.35881	1.28829	20.4842	8.84342	1.82964	18.5164	4.35725	0.668059	20.7486	7.93851	1.5937	20.874	6.95527	1.18751	18.3477	10.2389	0.671072	22.8185	6.95165	1.52054	26.5469	
2.16861	1.98768	8.76047	5.72558	0.99909	12.1789	2.86635	1.3086	7.63026	2.23589	0.856812	8.06797	3.32328	1.52876	8.93179	6.90448	1.07529	20.1414	3.00207	1.26775	9.78778	6.10561	1.54215	17.0703	2.09263	1.58097	7.11895	1.43849	1.92694	4.36429	5.89826	1.13329	26.1754	3.74716	0.674402	12.2677	6.26585	1.55196	23.3245	4.79567	0.772932	22.1906	5.3603	1.68623	19.5549	8.57936	1.63943	26.2761	
6.26551	1.28823	30.8694	2.47972	1.71471	10.0524	5.84266	1.5268	27.6236	6.73373	0.939099	30.8989	6.30428	1.76608	17.0218	4.48862	1.90088	10.363	4.12423	1.29713	18.6518	7.48338	0.958244	34.0133	6.40851	1.10057	25.1079	4.7856	1.38558	13.2789	1.94573	0.594235	4.88555	4.55165	0.978578	15.5485	3.33557	1.36892	10.0308	2.62356	0.99337	12.512	1.64551	1.40419	5.33483	7.29944	1.66921	15.9067	
6.18207	1.55225	29.646	3.8122	0.548812	10.5445	6.70641	0.875381	18.5204	7.1206	0.7678	32.163	5.83457	1.60629	14.8557	5.84009	1.76736	26.8667	3.51306	1.89637	16.8993	8.70186	1.82056	42.498	6.4155	1.69632	19.1777	4.67901	0.950819	11.0934	3.14057	0.793945	7.98779	5.71983	1.91278	11.7493	4.66811	1.19136	16.4628	4.00026	1.29904	9.53382	0.476194	1.10682	1.77652	8.6793	0.780558	29.4083	
7.29327	1.33296	30.1417	8.13953	0.83604	40.5236	3.33398	0.547151	13.3772	4.98665	1.11188	22.9513	9.00151	1.57185	40.0704	7.6494	0.68576	20.0883	9.09895	1.89436	39.9117	2.52501	1.87105	9.57804	6.88379	0.503609	26.327	7.46824	1.65106	27.5616	8.91433	1.58991	38.174	4.43293	0.97386	11.1982	7.99458	1.29872	28.9084	7.02466	1.7187	16.5879	10.3315	1.73409	29.6325	6.95045	0.792628	29.7442	
5.36586	0.581523	12.8076	5.82875	0.513895	23.7667	0.885412	1.70952	2.91421	3.42104	1.48428	7.56151	6.91859	0.737288	15.992	5.82634	1.68065	21.1773	6.62308	1.21017	14.8929	2.51073	1.73752	8.9355	5.03582	1.36746	12.2156	5.15858	1.79759	20.2568	6.50672	1.05008	27.2127	2.06051	0.843717	9.74844	5.86453	1.26859	28.5159	4.67024	0.937017	22.1232	7.68379	0.677585	36.4649	6.15671	1.62496	13.8469	
1.85093	0.819775	6.45446	6.31305	1.27744	14.3766	2.72893	1.13148	12.3909	1.57133	0.576902	6.46855	3.30447	1.99525	7.65487	7.38379	0.645273	35.603	3.44233	1.51495	13.3594	6.08259	0.67935	26.6699	1.64866	1.03495	7.75376	1.67241	1.46758	5.48689	6.53051	1.78097	27.5107	4.00161	1.94898	19.6301	6.81233	0.80732	30.9138	5.33723	1.64407	18.8922	6.03378	1.91165	25.8617	8.88184	0.992904	33.0257	
3.65653	0.538684	9.67102	5.50443	1.72965	23.7516	5.64385	0.968682	23.9947	5.11417	1.11492	24.2177	3.1493	0.834902	10.9383	7.31807	0.641348	21.6595	0.857361	1.34962	3.60714	8.47319	0.70132	35.5985	3.965	1.89639	10.457	2.22916	1.46734	9.21423	5.18042	1.35045	13.3665	5.5984	1.01958	26.2993	6.30229	0.933165	14.2314	5.11124	1.77339	10.2996	3.07702	0.692611	13.0279	9.75834	1.3155	21.6526	


# This instance was randomly generated with the following parameters: 
# SIGMA_MIN=0.5
# SIGMA_MAX=2
# CAPACITY_OVER_DEMAND=5