10	20
118.872	975.904	90.5316
33.1266	1125.58	110.64
77.8565	1258.05	131.49
173.632	935.125	79.7091
129.705	891.587	71.2208
23.664	1232.42	132.286
36.1425	1079.31	98.4675
82.281	737.015	52.9373
52.9621	1060.74	100.329
138.946	551.301	27.7286
13.3798
2.86813
25.2287
13.8613
17.2072
7.02893
2.22902
8.33851
24.2092
22.9771
15.1723
16.6432
23.8421
24.5193
13.4508
12.0673
24.2272
1.12275
11.3098
18.7638
1.37422	0.194456	4.64484	5.04898	0.545352	16.6847	11.5772	0.381723	29.1202	10.3151	0.343988	42.4855	5.35142	0.530345	16.4818	0.789176	0.973238	3.00063	9.60104	0.843701	41.9814	9.07251	0.353057	40.4192	7.90866	0.439444	29.0486	8.72296	0.269357	38.462	10.9066	0.995223	43.9331	6.02631	0.685047	23.4542	7.81606	0.605805	30.4238	5.76149	0.388266	25.9772	7.2822	0.600101	22.3655	4.67798	0.666289	13.3781	7.05672	0.176268	19.0601	5.3492	0.365194	12.5678	1.75166	0.519698	4.10068	0.343209	0.886684	1.45233	
8.1253	0.257813	26.3013	4.39547	0.50723	19.0625	8.16367	0.424096	16.402	4.08943	0.226123	17.4124	9.90914	0.331732	27.9497	9.42235	0.385217	31.5026	5.1979	0.314936	24.7159	0.45714	0.80636	1.766	12.6604	0.624708	46.001	6.71532	0.350929	29.8535	8.91213	0.273937	30.1353	10.0545	0.624976	47.5299	2.06967	0.346995	5.71636	7.8459	0.520743	37.2522	7.75069	0.655441	30.3171	4.72491	0.630159	21.5643	11.4694	0.101391	51.7992	5.10132	0.396207	24.7505	8.87834	0.755722	24.0141	9.46036	0.766611	38.7951	
7.45867	0.152104	20.7448	4.47011	0.570136	12.343	3.80497	0.440177	9.37225	2.80208	0.43051	11.001	5.75854	0.936782	27.8568	8.62093	0.330585	29.3718	1.50943	0.563674	5.97864	4.90022	0.239563	17.7892	7.93013	0.708949	23.6133	1.41408	0.26836	6.7804	3.90773	0.617209	11.8164	5.6157	0.273713	27.1938	3.54699	0.723959	16.7294	3.53544	0.870753	15.1404	2.69848	0.246754	10.6249	4.87434	0.446448	15.5221	6.81936	0.578032	21.082	2.99738	0.420297	11.279	6.75546	0.428369	29.763	8.39772	0.626336	34.979	
8.67525	0.440718	39.1089	6.33469	0.457502	12.9726	2.5717	0.411308	9.95961	4.27631	0.798543	12.1352	5.31367	0.200085	16.0287	9.67663	0.528744	39.1905	2.65656	0.277438	6.91448	7.05872	0.121147	27.5096	6.70972	0.270558	27.7342	0.780131	0.59577	3.49334	1.93213	0.189174	7.69854	4.92341	0.534	15.8351	5.74051	0.870328	15.9461	3.49362	0.253986	9.04936	1.97903	0.957357	4.6997	6.68451	0.761964	28.6697	5.76544	0.541722	25.8132	4.61452	0.751651	14.0576	7.45793	0.964382	25.9251	9.3733	0.753866	19.7125	
5.5739	0.168886	18.2218	4.3265	0.215273	17.0864	5.84204	0.675224	29.0874	5.87291	0.108829	20.317	2.70948	0.590205	6.00233	6.4651	0.612447	26.7835	4.57315	0.37704	9.89199	6.9138	0.805478	29.6828	5.29212	0.942463	19.8391	3.07275	0.800739	13.873	5.076	0.845033	17.5283	2.71152	0.448046	7.64142	5.30118	0.3286	18.513	0.485221	0.904761	1.92004	1.46801	0.690572	4.06543	4.50399	0.787238	17.6753	4.10163	0.819366	14.0765	2.58963	0.46445	12.63	4.17506	0.136581	17.6262	6.13491	0.825199	27.7546	
3.01575	0.62974	12.0048	0.932049	0.643854	2.30139	9.08509	0.555983	36.6909	6.65412	0.399399	17.2233	6.24708	0.939209	25.3941	4.32557	0.638281	17.7171	6.42793	0.287751	17.9198	4.81237	0.564198	14.6669	9.27763	0.932759	43.2613	6.3932	0.303005	22.0629	8.95414	0.983959	41.6005	6.67936	0.951759	31.6118	3.68062	0.738676	10.1116	4.98058	0.881717	14.6099	5.92325	0.645982	27.3821	0.479201	0.295507	1.52016	8.12113	0.554224	17.9897	2.4174	0.861487	10.9891	3.97759	0.41498	11.8349	4.33793	0.135158	10.4263	
1.68907	0.73814	4.72803	2.42347	0.370791	9.30239	9.42598	0.348908	25.6714	7.71755	0.919577	24.8733	4.96061	0.202801	24.6658	2.93009	0.678467	6.60265	7.14474	0.633808	19.304	6.46779	0.508718	30.5679	7.95931	0.100555	16.6136	6.58574	0.514103	15.6951	8.99981	0.37631	34.1799	5.49929	0.275994	26.5556	5.15824	0.504694	21.6598	4.27403	0.381132	20.6842	5.56723	0.343923	23.9766	2.10297	0.990676	5.65445	6.8647	0.854044	23.9925	2.81896	0.501787	11.9997	2.2068	0.657251	4.85946	2.81234	0.925208	12.3337	
5.95938	0.207645	12.4611	3.52245	0.472709	10.9965	5.11818	0.736144	18.3247	4.26767	0.725193	12.5358	4.39157	0.88554	15.2848	7.06796	0.498246	14.317	3.14265	0.835266	13.1509	5.33692	0.578728	16.6802	6.90854	0.927703	21.8037	2.28957	0.497481	10.3069	4.79979	0.171543	14.0308	4.38414	0.639849	18.6635	3.7529	0.212761	10.7087	2.16802	0.799943	10.2211	2.05818	0.999821	6.55021	3.84215	0.392494	13.7812	5.73395	0.521123	26.8234	1.75162	0.958259	5.26143	5.12406	0.177133	21.9379	6.82047	0.557048	14.3828	
2.88148	0.444816	8.71932	5.30019	0.689014	21.4697	10.2591	0.665098	37.4448	9.71022	0.617294	26.5859	3.34328	0.498403	14.0763	2.86501	0.606885	7.80789	8.71776	0.115373	41.8727	9.26423	0.550489	43.8485	5.8363	0.825842	14.7742	7.47854	0.760676	32.1314	9.39491	0.245649	28.1047	4.02808	0.235939	10.5016	7.79731	0.677978	18.9204	4.21509	0.217202	17.2639	5.76739	0.748966	20.2673	5.06521	0.760832	19.3008	4.98673	0.110931	23.4219	4.86905	0.764936	18.7565	0.830656	0.645065	2.91132	2.41385	0.960213	8.2929	
11.2609	0.251824	33.1156	8.18516	0.312251	25.0916	1.06738	0.278705	4.76535	3.45014	0.455343	16.1915	8.50516	0.739201	22.8612	12.3923	0.338143	39.1881	2.68174	0.958597	10.3685	7.21023	0.253413	35.2493	9.70369	0.633653	28.2008	3.23731	0.969405	6.72973	2.59148	0.988612	9.20193	8.10856	0.953019	32.0267	6.48004	0.288364	18.2363	6.5954	0.59969	14.2895	5.14731	0.370343	17.6258	8.61323	0.919333	37.5035	8.85886	0.430964	38.6246	6.81477	0.139202	17.9371	10.3733	0.37965	30.2206	12.1436	0.303059	26.4664	


# This instance was randomly generated with the following parameters: 
# SIGMA_MIN=0.1
# SIGMA_MAX=1
# CAPACITY_OVER_DEMAND=3