4	8
89.9025	841.971	64.9362
160.861	843.922	61.182
86.2692	1149.5	112.408
11.8921	785.376	53.8973
19.2375
1.59641
7.5022
25.6354
0.0111274
13.6879
17.0045
12.7996
2.12777	0.346294	5.04653	8.04173	0.636934	33.8506	3.42552	0.198201	8.18045	1.93437	0.403369	7.00936	2.31524	0.151861	7.61362	4.1594	0.726114	14.7646	3.23818	0.412426	15.531	10.4574	0.964745	21.4828	
7.69578	0.895536	29.331	5.33515	0.49414	24.6081	4.68311	0.938861	19.1942	5.80933	0.533586	13.4923	5.60688	0.905478	15.7051	2.89924	0.225939	7.89088	4.11727	0.574324	12.5213	5.25911	0.684839	13.2759	
5.04004	0.73328	15.6282	6.4949	0.346709	31.8614	6.40298	0.61123	27.8004	5.22586	0.373707	16.8726	5.56284	0.521285	16.9966	6.42544	0.889128	25.4538	2.95187	0.571945	10.7204	9.9306	0.48424	45.3247	
8.11841	0.855172	18.1152	3.38046	0.538765	8.94698	8.10199	0.3362	22.133	7.59966	0.60869	17.475	7.79805	0.102859	32.0952	7.30908	0.924189	27.2222	3.41178	0.153623	13.7247	7.32665	0.546308	23.7873	


# This instance was randomly generated with the following parameters: 
# SIGMA_MIN=0.1
# SIGMA_MAX=1
# CAPACITY_OVER_DEMAND=3