4	8
48.3128	648.63	36.1793
50.935	443.044	18.1818
132.68	1290.79	138.087
79.1044	778.995	51.5113
12.1368
11.4122
14.6905
15.5874
34.0739
29.5087
3.57369
0.996672
4.56701	2.70951	16.9033	5.54963	3.88889	27.4821	7.13148	1.63599	23.2176	3.18579	3.7685	14.6423	5.48771	3.36695	24.7373	3.64773	3.29463	16.2078	3.63098	2.46493	7.8165	4.1938	2.89651	15.3458	
10.1084	1.63672	21.6076	11.7801	2.2569	43.7237	3.13812	1.43166	11.1226	9.08441	2.22112	37.9098	1.49343	1.07916	5.94589	9.12002	2.29325	35.2295	6.04217	3.02857	20.5892	3.55228	2.76604	16.0855	
7.26732	3.21133	29.2851	7.20466	3.07473	33.4336	7.32728	2.79655	22.2662	4.20399	2.59408	21.0047	5.20956	1.45703	24.3572	3.9837	3.06649	13.2993	1.12097	2.81315	5.49636	2.02057	2.10607	9.25227	
5.23182	1.75085	25.008	9.0837	3.43363	26.2084	5.47276	3.66445	27.2866	8.09601	1.64736	29.3267	5.70341	3.79409	13.5161	8.83715	3.07117	30.7429	8.67871	1.93928	28.1191	7.84935	1.56388	23.7733	


# This instance was randomly generated with the following parameters: 
# SIGMA_MIN=1
# SIGMA_MAX=4
# CAPACITY_OVER_DEMAND=2