9	18
130.22	318.891	10.1023
123.34	735.499	51.1517
32.181	738.354	53.9176
108.955	1295.43	144.925
15.6021	1291.6	150.205
99.4065	1276.2	137.983
126.713	1192.45	128.787
99.486	1100.37	117.064
138.545	817.117	59.67
12.072
5.65039
0.177549
13.6868
9.11335
13.8108
3.87775
5.32988
16.6272
13.7135
1.52477
10.3841
9.29794
8.75003
13.3657
2.28763
14.8924
16.1994
5.69001	0.883261	21.0622	4.83564	0.957819	10.184	3.33678	0.442511	7.32575	2.65714	0.6436	11.9506	6.50558	0.549788	13.412	5.60435	0.412842	27.0028	4.30286	0.804191	17.4231	3.16501	0.795756	13.9274	3.26487	0.671105	8.88564	5.89256	0.997047	22.9207	4.88999	0.837544	22.1218	5.27144	0.401276	25.8747	3.53302	0.60516	8.48312	2.80137	0.952485	6.08045	4.07476	0.554219	16.179	4.27958	0.567877	20.3985	2.41719	0.171369	9.47128	2.6986	0.296761	5.84786	
6.90179	0.82977	32.3451	1.60078	0.980813	7.78117	1.65218	0.821816	5.97587	5.27435	0.43095	13.1373	2.21515	0.676685	7.60003	5.03684	0.911348	21.4676	7.21463	0.848853	35.1645	7.76276	0.202435	31.5401	6.29778	0.271074	30.881	3.74626	0.664463	11.2092	6.36417	0.463307	21.4779	0.604382	0.985573	1.48369	2.94955	0.526209	9.61458	6.36085	0.764697	22.185	8.81372	0.471716	38.19	2.35574	0.664226	10.1791	2.83452	0.804192	11.7965	3.50416	0.502876	9.70608	
7.67777	0.883061	26.0283	8.43243	0.630683	22.9777	7.11168	0.106458	22.7803	4.71091	0.440926	20.2802	10.2777	0.567337	39.6973	8.0705	0.746398	17.0872	4.74659	0.19363	20.2765	1.84516	0.769897	6.45881	4.35687	0.972416	19.5221	8.96837	0.922802	34.9911	6.98394	0.989669	18.8706	9.07607	0.420583	41.3218	7.10118	0.96112	26.0684	4.31688	0.389892	20.8143	1.34149	0.873708	6.49463	7.94104	0.606853	25.9565	6.17809	0.929039	16.704	5.92532	0.409094	16.0743	
5.76664	0.252298	13.171	7.18044	0.619391	16.2119	5.63031	0.890615	18.8378	4.29176	0.578341	8.86968	8.52131	0.112233	32.3214	7.6095	0.405739	19.7563	5.16414	0.656886	14.747	2.64903	0.314405	12.2716	4.39349	0.113416	9.30025	8.13916	0.52691	34.744	5.04328	0.697297	16.4485	7.45799	0.284539	30.4513	5.23363	0.170063	17.885	2.36535	0.644747	5.72881	2.94702	0.306638	11.3673	6.10609	0.561877	29.1924	4.47255	0.775769	14.8499	4.94054	0.593152	17.7859	
2.54935	0.794658	8.60534	9.50689	0.995207	32.2947	7.68565	0.698533	26.0795	8.53394	0.75696	31.8054	8.75184	0.480036	32.6703	11.3592	0.967787	40.6861	9.90394	0.983301	38.9335	7.57144	0.479298	32.8889	8.98086	0.908801	20.2496	11.2383	0.467842	55.2057	2.55895	0.625832	8.81333	8.55671	0.262616	22.9079	5.73648	0.574661	22.0468	3.09076	0.389802	12.5113	7.72753	0.320461	35.9016	6.48819	0.601178	31.1647	6.17631	0.556388	17.9674	8.31444	0.429057	19.4763	
9.64841	0.382337	36.2918	8.24446	0.371562	22.3881	7.39021	0.753073	22.7759	3.95416	0.955889	11.1476	10.8823	0.503837	23.0996	6.86757	0.614833	19.3576	2.95009	0.293742	7.05167	1.45948	0.107127	5.56202	3.1282	0.825654	6.51184	8.15529	0.896476	16.7948	8.89157	0.327331	31.3146	9.45119	0.611297	20.1385	8.12933	0.808422	19.096	6.24769	0.28241	30.7902	1.15466	0.265738	4.8099	8.83763	0.73351	23.5745	6.93188	0.440081	31.723	5.63672	0.636164	12.749	
1.19866	0.687258	2.86701	8.5266	0.59237	35.2477	6.7302	0.245347	15.9836	8.13037	0.896552	36.6744	7.4613	0.181302	37.2953	10.6862	0.946032	29.047	9.70815	0.948861	42.6399	7.67884	0.92863	37.634	8.71498	0.972288	24.2784	10.3838	0.706818	39.6713	1.24376	0.742195	6.07748	7.38497	0.737047	18.2786	4.6129	0.373226	17.866	2.84775	0.649378	10.8976	8.02111	0.769138	31.6432	5.29124	0.787874	19.913	5.26152	0.693795	16.3033	7.64209	0.3255	16.1151	
5.10542	0.40867	11.6981	3.44273	0.340197	11.7568	1.65777	0.893724	7.56534	3.55056	0.728184	7.88488	4.52805	0.69543	9.38856	5.40337	0.79875	18.9096	5.54902	0.614037	20.54	5.08278	0.305048	15.12	4.47874	0.856956	14.8436	5.08095	0.943186	17.5361	4.36376	0.567133	14.2402	3.35713	0.564149	9.59939	1.76999	0.649957	5.54236	3.40612	0.722898	14.7873	6.03867	0.342269	20.2241	2.36627	0.373737	11.716	0.455482	0.863698	1.95353	2.42826	0.311596	9.06256	
1.5918	0.160542	4.66313	6.49835	0.769273	21.864	4.82143	0.395405	13.4513	7.21106	0.844749	20.6063	4.99459	0.554274	16.5386	9.14686	0.550689	30.9279	9.08254	0.939684	35.0637	7.73282	0.136381	23.331	8.01544	0.55875	36.5726	8.52941	0.581279	21.2869	1.24528	0.480421	5.515	5.05774	0.968311	24.3157	2.49543	0.576625	9.94186	3.27492	0.18951	15.2491	8.37673	0.899676	25.5098	2.97054	0.483507	14.6689	3.56422	0.252767	13.6223	6.23874	0.59526	20.2747	


# This instance was randomly generated with the following parameters: 
# SIGMA_MIN=0.1
# SIGMA_MAX=1
# CAPACITY_OVER_DEMAND=5