11	22
174.663	964.711	81.0479
134.179	969.471	91.318
65.4785	1281.37	139.241
107.775	508.623	22.6138
90.349	1297.25	158
6.99118	912.266	76.7637
53.7369	792.442	60.4556
101.913	808.585	54.1342
90.462	1099.39	117.331
146.652	500.046	21.7411
123.695	392.377	14.3079
27.6015
8.63055
7.88504
1.98529
28.5838
25.0587
20.9424
9.38924
1.65914
15.5947
10.6131
9.00979
20.0252
14.1703
11.0326
6.46902
15.975
13.492
2.16574
12.3774
12.3318
3.99254
9.49114	1.85874	22.9842	8.02574	1.55409	28.5152	4.17325	1.51396	15.9468	8.38974	1.14591	26.185	9.55423	1.06159	39.6317	3.46416	1.57886	13.1257	9.96688	0.8	27.036	11.0606	1.99513	29.4183	7.48236	1.64206	36.3426	5.15831	1.80029	17.5269	4.80652	1.11613	20.2604	8.03432	1.88268	31.6461	7.92547	1.75696	17.2328	1.02698	0.963617	3.5082	10.4899	1.11282	33.499	6.85994	1.39968	30.3241	9.27788	0.866332	43.6336	9.35336	1.15946	38.5031	9.18822	1.78769	31.278	0.766802	1.58128	2.73461	8.14233	1.33167	27.5693	10.3013	1.79873	21.208	
7.23118	1.39029	34.4575	4.01392	0.914056	10.4882	0.0456059	1.44848	0.142478	6.59561	1.89457	20.1115	5.46053	1.47812	12.3066	2.3069	1.4765	9.43532	5.84103	1.09559	28.2644	7.94139	1.9708	25.3404	4.54305	1.34225	10.2829	2.94016	1.44867	6.04287	1.39297	1.00998	3.76346	4.2444	0.612566	9.1053	3.83561	0.790458	8.1594	4.4575	1.35877	9.0251	7.5336	0.699814	19.6523	3.14952	1.48412	10.8949	6.9057	1.75144	18.1886	6.68036	1.80238	19.6788	5.88554	0.80379	23.8533	3.43907	0.746857	12.9483	5.26967	1.88992	13.9287	7.06044	0.511072	26.0387	
4.95357	1.98311	16.0063	3.83005	1.96057	10.9669	2.44213	1.71364	10.869	4.16345	1.56178	16.6579	6.48692	1.29457	26.5171	4.59566	1.82575	17.6737	5.92952	1.42956	24.8865	6.20355	0.522011	30.2157	2.61866	0.919226	8.88369	0.456417	1.85646	2.0491	3.82429	1.71568	15.942	5.98705	0.727482	14.8267	5.0682	0.939147	19.5832	5.5951	1.91299	20.2487	5.66013	0.511437	12.5465	5.11887	0.710864	23.1731	4.66882	1.35651	13.862	4.59902	0.952271	9.93364	4.32614	0.518295	11.7666	4.40143	0.909998	16.5426	3.29999	1.78802	8.44216	5.43256	1.49196	15.0156	
4.21604	0.779355	10.3869	1.48105	1.06217	3.63567	5.01299	1.42335	24.2898	4.64364	0.689432	13.827	4.36725	1.54632	18.3231	7.24961	1.5146	28.4022	2.54874	1.33157	6.69498	3.34304	1.22899	16.3743	2.22385	0.933731	6.94444	4.03864	0.979823	19.9788	5.5935	1.70085	14.6058	5.33681	1.19792	13.4635	3.94759	0.700664	13.6382	9.32858	1.41673	20.5765	3.25385	1.32719	9.81533	5.27252	1.48212	19.021	3.8436	1.2105	10.3344	3.1875	0.866354	11.7899	1.49821	1.95293	7.45307	8.18325	1.90893	26.8688	2.30421	1.26594	9.14508	2.42891	0.657943	6.24087	
3.16677	1.57493	12.4533	4.24742	1.28376	10.5057	7.56088	0.840177	32.5157	4.30043	1.9201	12.0716	6.71118	1.78123	22.0237	9.87687	1.61077	45.6834	4.48063	0.627278	10.6366	0.754463	0.675243	2.57866	3.46288	1.93275	8.32693	5.80154	1.56399	28.8248	8.30981	1.23868	23.1337	8.01757	0.877602	22.8171	6.63487	1.72564	31.6638	11.6107	1.47939	47.3648	1.238	0.73727	4.70028	8.04298	0.767921	22.1239	2.95581	1.98157	10.8097	2.30226	1.62561	4.92508	1.74767	0.77975	8.72636	10.4253	1.77206	27.9279	2.88629	1.00058	13.2328	0.652103	1.47304	1.70679	
5.98774	1.70131	18.8037	3.90558	1.34506	14.0127	1.39518	0.790949	6.67664	5.2406	0.53026	23.2759	6.11834	0.573693	22.7828	3.52212	1.00453	15.7095	5.95608	0.771136	24.0334	7.03212	1.02114	15.709	3.47842	1.8247	15.2254	1.53552	1.5862	5.93149	2.81343	1.8187	9.14816	5.30342	0.512377	15.6171	4.57878	1.8858	20.0784	4.82282	1.331	13.1179	6.5408	1.90188	22.1348	4.32491	0.692673	12.3829	5.68745	1.46542	20.2831	5.55689	1.50735	14.3128	5.05431	1.63087	14.9615	3.65247	0.764914	9.50406	4.19546	1.58945	8.54114	6.20714	0.75865	17.4111	
4.50305	0.755238	14.2123	4.90216	1.82701	12.3379	8.57093	1.22656	23.3347	5.69277	0.766644	23.8929	6.79695	1.05722	18.8679	10.8277	0.64746	26.7125	4.50018	1.12563	16.6488	1.85369	1.7203	3.89511	4.76517	0.915984	22.2255	7.08103	1.54997	17.2965	9.15956	0.629739	43.8419	8.38861	1.70018	20.0644	7.05377	0.737037	31.5559	12.7777	1.97648	38.4743	2.53733	1.88308	11.2168	8.60294	0.932172	23.4313	4.32826	0.865286	16.2797	3.70351	1.21751	15.286	2.98649	1.65645	8.63912	11.605	0.97434	45.8513	4.24801	0.947632	15.771	2.04992	0.72152	4.24367	
4.45371	1.9824	17.5495	4.05313	1.22932	13.8895	7.78912	0.5124	18.6797	5.51844	0.850682	22.33	5.96537	0.538606	25.1841	10.0198	1.07333	21.6796	3.66946	1.80204	12.1861	2.00637	1.58042	8.58678	4.20834	0.544066	9.25875	6.46994	0.765617	22.3229	8.32927	1.54077	33.8008	7.52548	1.11995	31.4856	6.18781	1.52119	14.8281	12.0578	0.518	32.7281	2.55117	1.81184	6.3376	7.73775	1.92972	20.23	4.21565	1.42743	13.1896	3.52491	0.949857	14.8748	2.43696	1.80975	7.30177	10.8954	1.6407	32.7292	3.78235	0.736106	11.6622	1.78767	1.50055	7.83577	
4.54509	1.31111	22.1126	2.67512	1.07453	9.63346	6.49801	1.58288	16.5921	5.33929	1.35267	19.9257	4.74293	1.53507	18.1727	8.68511	1.65588	39.9295	2.49427	1.43633	5.54921	2.7229	0.829007	6.19081	3.41624	1.36621	11.3374	5.48789	1.88664	22.8562	6.96779	1.5967	25.4188	6.18031	1.49611	18.2505	4.82576	0.502572	10.6871	10.8469	1.34755	40.6768	2.97307	1.3385	14.318	6.35505	0.830746	18.4703	4.22526	1.98745	17.7388	3.49791	1.32721	10.5388	1.89296	0.500877	8.37616	9.70441	0.787912	21.7572	3.20659	0.781428	10.7435	2.01905	1.8106	4.9746	
3.43104	1.45683	9.05888	3.59866	1.94002	8.46347	3.80215	1.07936	15.0203	2.76679	0.532155	8.42081	6.67097	1.18017	17.9946	6.06794	1.34793	24.1892	5.58039	1.34237	21.3868	4.77575	1.26831	11.5893	1.28123	0.536393	5.27969	1.1545	1.85023	4.96551	5.07122	1.07396	12.7774	6.6486	1.81547	27.4063	5.50128	1.25425	26.7406	7.08218	0.72615	22.466	4.18911	0.675585	12.5214	5.97953	1.01952	18.3781	3.13752	1.00513	8.64952	3.07826	0.629606	15.3186	3.06447	1.30907	13.1117	5.88858	1.48121	13.4103	1.85636	0.790322	8.50654	4.07491	1.84155	17.9741	
2.18879	1.275	5.2118	5.06772	1.81806	20.7621	5.53428	0.5359	13.9729	1.06892	1.8834	5.02556	8.24504	0.600626	29.2703	7.71031	0.928178	28.2593	6.83556	0.701946	15.1367	4.4114	1.55643	9.20419	2.15125	1.90797	7.98743	2.66632	1.99551	11.4482	6.85511	1.82884	23.0695	8.41343	1.83889	29.645	7.20956	1.39528	25.3443	8.24857	0.650112	17.6941	3.70535	1.5677	12.2394	7.78662	0.529472	26.9562	2.06115	1.97208	7.55926	2.4305	1.96534	8.73574	3.42409	0.579939	13.8723	7.08593	1.14081	14.2633	2.09442	1.50115	5.91374	4.01811	1.85962	16.6068	


# This instance was randomly generated with the following parameters: 
# SIGMA_MIN=0.5
# SIGMA_MAX=2
# CAPACITY_OVER_DEMAND=3