4	8
31.1422	1122.02	104.301
146.127	1022.08	98.6875
103.098	1136.79	118.214
122.553	688.21	40.1052
0.779911
4.0187
5.2358
10.3984
2.05939
7.97493
4.73075
0.932772
6.41087	3.77269	20.6674	9.86269	1.64898	25.3163	2.54791	3.20301	10.6675	6.61566	3.77776	27.7224	6.10148	2.89205	15.7468	3.39038	1.88279	14.3952	10.4537	2.13914	25.3097	10.1192	1.47483	38.8058	
2.22041	1.04525	5.82723	8.55419	1.17432	23.234	2.46735	3.62136	10.8355	6.90683	2.99881	28.0623	7.92265	1.23913	27.9806	4.98704	2.32849	19.1235	7.64099	2.6485	25.8173	6.90937	2.21485	27.7653	
7.71457	2.57874	22.0946	4.93133	2.8197	15.6748	3.79449	2.33747	11.134	1.48188	1.85082	5.17961	2.54296	2.51628	10.1158	1.81932	3.29715	8.45671	6.61842	2.98833	27.1903	6.8119	3.69195	29.4828	
9.43342	2.10031	21.708	7.30738	1.0295	31.1262	4.81831	1.49382	19.9697	3.4808	3.59395	9.39678	1.62003	1.30042	3.27895	2.2518	1.24159	6.19437	9.40161	2.36314	26.5484	9.6195	1.52169	21.9536	


# This instance was randomly generated with the following parameters: 
# SIGMA_MIN=1
# SIGMA_MAX=4
# CAPACITY_OVER_DEMAND=10