11	22
98.5601	1128.31	119.903
60.5869	827.429	62.6011
13.4306	639.005	39.0586
73.6844	960.278	81.6326
46.1887	1062.29	110.952
123.328	1310.8	149.942
120.467	840.585	67.86
174.596	1290.73	142.161
34.6645	647.128	40.3345
163.862	847.7	62.6746
104.135	1277.45	158.46
12.0762
18.7758
35.3324
7.65133
1.92471
26.749
2.96394
1.41338
19.8207
8.40698
33.2001
31.7774
21.3224
16.3418
28.2864
17.8113
23.6528
13.7686
6.86013
10.3272
5.03908
1.69146
2.81407	3.57546	5.99914	8.8605	3.17669	27.4691	5.17678	3.44681	13.9001	2.62339	3.35151	10.5825	8.98131	3.01681	41.9817	3.31334	3.61719	8.84813	6.99898	3.65285	26.1179	3.30624	3.44856	12.4034	1.52897	3.72284	3.58553	7.69417	2.01377	28.8099	4.46516	3.71395	17.2741	4.61543	1.94481	22.3932	8.75564	2.30688	30.7173	5.61329	2.42934	18.5813	7.45937	2.47586	34.359	0.923439	1.83159	4.5882	1.3272	1.90921	2.90776	5.95288	1.25085	16.4937	5.58196	1.09618	21.2978	4.31708	2.90601	14.4417	4.87363	2.16407	11.666	5.32184	2.68732	11.278	
7.76576	3.89046	34.2082	6.6299	1.36384	24.7972	2.71959	1.82929	9.12674	9.11088	3.74646	36.8117	2.23957	2.88782	10.8576	6.92657	3.32022	30.4885	2.25455	1.44922	8.64686	7.92875	3.59262	19.8187	8.05936	3.22993	17.218	0.284932	2.83421	0.9559	3.94708	2.48998	16.8591	7.8592	1.806	36.3102	1.61695	2.71484	5.67843	4.04242	2.22653	15.0053	6.25299	1.76422	16.0724	7.95848	3.96026	18.6717	6.55132	1.76502	18.425	4.57727	1.21415	12.3619	2.30005	3.89352	8.04828	3.90128	2.31531	14.2611	4.93136	2.70335	12.0536	10.3253	2.83802	27.5161	
2.01173	3.70633	6.14006	4.97362	2.21993	22.062	4.0412	2.86357	12.0418	3.53797	2.36617	11.8714	6.17243	3.74469	14.4349	1.03146	1.55879	3.44208	4.20957	1.80881	12.431	2.0132	1.5467	5.87345	2.97783	3.05329	10.8267	5.72441	1.48768	12.5051	2.1218	3.6689	5.22979	1.9795	3.72358	8.4919	6.18933	1.85622	26.9069	6.05518	2.30713	29.745	3.57055	2.14034	17.5437	3.28916	3.27062	9.54546	3.20409	1.59783	12.0704	2.30791	1.16023	8.82889	4.03719	3.90653	17.2607	2.29233	3.75216	6.72598	1.28254	2.90651	3.79073	4.34141	1.42734	10.4606	
4.85363	3.87359	18.4463	1.78334	3.34119	6.81532	5.50322	2.11061	14.5182	6.31406	1.4721	19.6257	5.06325	2.25846	18.4538	3.9486	1.07278	19.6406	3.81882	1.74549	18.8391	4.59344	1.33675	22.357	6.07634	1.37501	21.3645	5.79308	1.34419	26.2351	3.7971	3.91111	9.18949	3.51194	3.38362	10.0166	5.41287	2.7098	18.7588	7.96423	3.16367	27.7907	0.378141	1.36404	0.882614	6.45661	2.12065	19.1415	6.3161	1.26551	16.3468	1.78829	1.24552	8.72908	5.16152	2.53085	18.1777	4.10548	2.16594	10.9183	2.47089	1.71424	9.02737	5.81582	3.53864	25.4092	
3.98122	1.2465	8.86434	2.6763	3.13762	9.48591	5.00475	1.68163	19.8911	5.461	2.0879	20.2151	5.2842	1.04235	19.9014	3.06168	1.54981	14.5464	3.74669	2.94454	13.8187	3.74473	3.65066	11.3555	5.18638	2.60739	13.461	5.67838	2.44226	24.717	3.15919	3.99193	7.9088	2.75923	2.31747	12.6535	5.53957	3.70342	12.0403	7.40832	2.03346	17.979	1.26147	3.88352	5.32626	5.56357	2.81924	25.5745	5.45791	2.86551	13.6456	1.40057	1.19	6.41309	4.73434	1.12538	21.4706	3.46077	3.49851	15.073	1.72541	3.53536	4.03037	5.18477	3.44188	14.3919	
7.47239	1.35988	24.828	1.05128	1.0145	2.44221	6.87518	1.86252	24.449	8.94265	3.90378	33.5295	4.52371	3.27519	18.0042	6.54548	1.37468	14.5108	4.39786	3.76196	11.2078	7.22233	2.5133	15.5116	8.65757	1.87042	20.185	6.11793	1.47433	18.658	5.67519	2.47435	17.3979	6.11413	2.65665	16.4719	5.09931	2.37599	23.7117	9.33102	3.61553	46.2086	2.32142	2.48753	9.87457	8.99967	1.67704	39.9008	8.65122	3.62717	43.0196	3.69309	1.65074	14.0726	6.38844	1.11161	26.2389	5.96558	2.88739	13.6354	4.71736	3.01161	14.8295	8.28291	1.25506	40.1963	
5.62851	1.61761	21.6086	9.53098	2.52704	22.5593	3.33907	2.68445	14.4451	6.10982	1.55436	13.8144	7.58022	3.98617	21.098	5.50453	2.36759	22.3327	5.9957	2.91307	13.8738	6.08362	1.79104	27.6704	4.84963	2.01673	16.8728	5.69322	3.77605	12.4885	4.24812	1.57883	18.3252	7.01933	3.80846	34.9795	7.12856	2.72426	22.9917	2.23388	2.55607	8.57427	8.35898	1.48669	30.9917	4.35613	3.32498	13.0262	2.7831	1.77322	10.1944	6.3158	2.91819	23.7496	3.90491	1.60907	18.6858	3.94452	2.62507	18.2493	5.54384	3.5159	19.5503	8.55655	3.12705	35.419	
2.24423	2.23348	7.47875	8.13124	1.05004	35.3667	4.7046	2.70233	12.65	2.42365	3.04767	8.63386	8.35936	2.6899	21.867	2.62715	1.67863	12.3686	6.36075	2.34601	26.3559	2.74184	2.27079	9.86006	1.16987	2.73693	3.74139	7.16857	3.80446	16.2903	3.8121	2.25677	15.692	3.99328	3.81572	10.2654	8.16264	2.59513	28.1851	5.44242	1.45706	11.7338	6.73168	3.04707	14.5521	0.696392	3.31627	2.37278	0.975342	3.12465	4.27371	5.2316	3.77963	25.9101	5.06616	2.14858	24.8778	3.6878	1.74205	8.50181	4.14967	2.32739	9.53219	4.96823	3.28972	21.9012	
2.97075	3.74131	14.6128	6.33714	1.08673	16.0111	7.93292	1.44262	24.4801	3.23412	2.74163	12.5742	9.57921	2.99804	28.6142	3.22324	3.60137	14.6052	7.80326	1.72841	36.0322	2.50327	3.19029	6.06387	4.08887	3.61869	10.982	9.52636	3.60322	32.8878	6.02303	2.57851	27.6634	1.94724	1.3793	9.72934	9.74251	2.58291	19.8064	9.76417	2.77457	40.7555	5.14614	1.77745	25.2431	4.69439	3.14311	10.2618	5.86379	1.67006	14.6331	5.46649	1.83164	15.6375	7.9398	2.49954	26.0066	6.19344	2.94481	18.6129	4.87354	1.69998	23.4599	0.9588	3.54144	3.60305	
2.38151	3.42056	6.83103	4.23559	2.60797	12.0469	5.07908	2.47013	12.1114	3.83156	1.96436	8.32546	6.49582	3.77647	30.2418	1.54616	3.10498	4.52834	4.68334	3.86587	21.5086	2.11182	3.69916	7.59941	3.66331	3.25963	17.5846	6.42714	2.01802	23.7918	3.09999	3.90957	11.9267	1.2399	3.60601	5.4738	6.63077	1.61832	24.1042	7.22366	2.01456	29.2661	2.81567	3.79429	5.91752	4.10601	2.1553	11.3145	4.34158	3.98831	16.8953	2.38009	3.65698	9.71095	4.98471	1.39164	13.8159	3.33177	1.16437	14.7772	1.78029	2.66546	7.02395	3.77242	2.63789	10.0624	
5.3886	1.07459	15.0568	7.66966	1.84184	31.6246	1.11498	3.00476	4.23509	6.37849	1.39332	14.7999	5.35182	1.9366	16.0491	4.88134	1.01902	23.8928	3.80239	2.83447	9.59187	5.73288	3.95216	20.8599	5.15324	3.23228	12.9348	3.52739	2.09039	9.96708	2.55827	3.24295	11.914	6.27102	3.96317	13.3444	4.91487	3.12762	18.355	1.72976	2.88012	4.93768	6.64885	3.03275	20.2053	4.86749	1.39891	12.1859	3.24797	1.11558	14.9594	4.54039	3.621	22.501	1.68035	1.58173	4.95814	2.26237	1.3566	10.8766	4.02902	2.03584	18.6972	8.32304	1.78018	39.4617	


# This instance was randomly generated with the following parameters: 
# SIGMA_MIN=1
# SIGMA_MAX=4
# CAPACITY_OVER_DEMAND=3