6	12
20.4434	1159.42	133.21
76.3204	683.169	46.605
103.61	880.32	68.6324
153.546	1293.99	141.783
76.7925	883.71	77.2742
153.369	1325.38	154.803
15.0861
12.5282
12.2911
7.17346
13.9485
16.5121
9.6751
0.355268
5.3403
4.30275
15.6304
11.6183
4.85212	0.963634	23.3733	7.07631	1.39241	26.6481	2.22696	0.947212	9.93596	5.19245	1.04894	11.5201	3.13179	1.515	14.5962	6.0086	1.90016	25.3884	0.990914	1.88449	3.55554	3.77604	1.40827	14.2971	4.04054	1.74197	10.3145	4.79576	1.72217	22.6976	1.36703	1.59581	4.93237	2.71258	1.63941	10.1059	
6.41288	1.67944	32.0446	7.07072	1.07146	26.042	4.84683	1.06111	20.806	7.36062	1.05158	30.707	1.331	0.837798	5.83351	9.22948	1.76427	40.8042	2.74476	0.562939	6.57839	4.18468	1.46898	19.2861	6.25082	1.62434	29.0902	1.10263	1.19546	4.32664	4.55957	0.847213	17.2675	6.43533	1.97858	20.258	
11.3639	1.76221	38.2082	0.728331	1.80147	2.13177	4.66379	0.716724	16.8621	3.42346	1.7436	8.85883	7.65103	1.36257	27.0573	6.56463	1.42573	17.8575	6.32002	1.82481	14.8734	2.90557	1.24123	11.6211	10.5532	1.12262	52.3818	7.00925	0.845367	30.8367	7.83636	0.731392	22.8822	7.77055	0.969854	19.6142	
10.5621	0.716511	44.7776	1.58198	0.512188	4.88647	4.39408	1.43848	11.2144	4.20863	0.919562	9.29827	6.42625	0.67622	13.2773	7.29248	1.53308	34.1347	5.43437	1.79394	23.5525	2.07766	1.88022	6.62657	9.86869	0.952323	36.2299	5.54531	1.8454	21.7733	7.20978	1.8849	22.267	7.57878	1.59348	33.303	
5.06865	0.666961	11.4153	6.97661	1.77832	32.8037	3.06926	0.555686	12.1513	5.96101	1.63983	13.4999	1.7706	1.53813	8.61767	7.26483	0.55257	35.01	0.502631	1.20926	1.08775	3.63474	0.694294	13.906	4.55339	1.96654	18.4093	3.37933	1.27652	16.3	2.35559	0.636242	10.07	4.13828	1.08567	10.8237	
6.01096	1.82075	14.3064	6.40608	1.62705	31.1384	1.10009	0.988062	5.46396	3.78586	1.10612	9.84992	4.6178	0.967498	11.569	4.43314	1.14766	10.8408	2.34849	1.96139	8.96341	3.45059	0.856656	10.5684	5.01646	0.865803	13.6975	5.94688	1.05028	12.6839	2.38357	0.753811	10.9539	2.13981	1.37632	10.2331	


# This instance was randomly generated with the following parameters: 
# SIGMA_MIN=0.5
# SIGMA_MAX=2
# CAPACITY_OVER_DEMAND=5