6	12
7.08151	771.766	52.4889
71.2045	1165.49	123.952
91.782	911.12	77.2174
50.3391	574.897	32.7973
126.322	1048.17	90.8922
62.0939	705.353	45.6633
8.67808
10.6268
1.45887
27.1257
12.8782
2.39563
7.53684
12.9788
12.2619
22.3175
22.6984
0.047047
1.81442	0.612721	6.1385	7.42139	1.16963	14.9602	4.08401	0.539698	17.5018	3.5189	1.14189	17.4952	10.1735	1.96284	50.2042	10.7199	1.20005	24.8832	5.9843	1.28168	15.203	3.63097	1.2379	12.7132	8.81383	1.14285	27.7422	3.12263	1.3126	9.86779	5.77661	1.99263	23.6572	12.0575	1.91147	32.9541	
8.38834	0.635082	34.0975	4.04721	0.771776	11.7107	7.48842	0.8992	23.9273	7.4358	1.27158	15.8481	2.46142	0.859358	4.94347	0.542798	1.93407	2.26172	4.68154	1.25278	16.0017	6.56088	1.09874	19.1661	1.71997	1.78815	8.22519	8.58956	1.53722	40.7372	5.83572	1.40491	23.7926	2.31644	1.55881	5.77231	
2.17474	0.995347	5.5077	3.55441	1.86692	8.47364	2.03542	0.886533	8.41098	2.71867	1.46555	12.5284	6.20577	1.56074	24.6654	6.82328	1.99389	33.9374	2.04809	0.66273	8.43914	0.859073	1.40478	3.69202	4.84795	1.17701	22.9599	2.6268	0.910339	6.41765	3.66406	0.561585	17.4124	8.08353	1.48757	16.5178	
4.83105	1.42472	18.8827	1.54991	0.854663	3.93097	3.76149	1.02958	7.92151	4.57574	0.585663	9.83081	3.61058	0.998216	8.74444	4.24164	1.67036	13.9045	0.976559	1.84899	4.55841	3.14012	0.547381	8.52635	2.19279	1.031	8.07091	4.83697	1.06959	14.4588	4.06771	1.90582	16.7356	5.41909	1.41502	24.2977	
2.21	0.638356	5.4064	4.79935	1.40423	23.8555	0.988462	1.22577	4.7142	4.30647	0.546541	10.1646	7.68109	1.42857	35.4769	8.81798	1.51858	28.4682	3.67203	0.548338	16.4478	2.87056	1.41274	13.9531	6.71717	1.87441	20.7353	0.250401	1.14035	0.653561	5.90292	1.88811	15.6456	9.81044	0.840797	31.6667	
3.09311	1.60664	10.1227	2.58572	1.10927	8.5764	2.00038	1.37143	5.37276	3.58852	0.700305	7.42508	5.30603	0.606401	11.7285	6.14003	1.91068	22.4764	1.11366	1.03564	4.70325	1.76826	1.51725	5.45923	4.08149	1.18034	14.6108	2.9679	0.523327	9.85125	4.10191	0.578584	9.60549	7.27358	1.20394	30.1619	


# This instance was randomly generated with the following parameters: 
# SIGMA_MIN=0.5
# SIGMA_MAX=2
# CAPACITY_OVER_DEMAND=3