9	18
66.8961	402.911	14.0318
29.1901	456.855	20.7298
108.87	424.808	16.5514
59.3075	428.798	17.5762
57.4547	1341.28	149.312
98.6199	1188.33	130.877
10.7367	1065.82	96.789
177.166	819.782	56.3193
179.148	1309.18	150.581
51.2387
4.67373
46.8494
9.04636
2.17256
35.4031
54.6672
8.33409
11.0345
35.4722
2.7618
0.132685
16.75
11.7359
48.9716
51.5877
32.5056
11.841
9.30948	3.14594	31.8925	7.6325	2.01231	25.2841	1.42669	1.0819	6.20279	8.30422	2.82325	28.9986	5.16926	1.18318	18.7847	6.3802	2.72236	31.8548	6.133	1.1635	22.5667	1.74254	1.97961	8.30841	8.72991	2.38325	19.9129	0.850828	3.81541	4.05642	2.02841	3.60544	10.0219	7.36864	3.46565	17.6522	1.92247	3.11569	9.28257	6.18845	2.74981	17.6639	2.1922	3.86158	6.17484	4.07134	1.36732	13.3553	2.53204	3.24643	10.9305	3.85921	2.50366	13.4886	
12.8629	3.5238	55.6754	11.5709	2.06479	45.5712	4.25591	3.55385	14.577	11.2156	1.14319	50.9927	1.08855	1.74234	3.03963	7.96133	2.99331	21.0328	2.05827	1.74095	8.42598	6.91809	2.24422	29.1286	12.4	3.91713	50.3559	4.97704	1.48188	23.767	7.04891	3.71799	23.9228	8.69576	2.05026	19.5097	7.25936	1.9389	31.6955	2.67416	3.51213	10.2327	3.53126	2.97647	13.4319	2.49122	3.76379	11.4678	6.27343	3.53168	26.7664	9.32939	1.22338	19.7098	
4.83074	2.05224	10.1529	3.05883	3.16271	6.63016	5.56693	2.93333	15.6985	4.46848	1.1237	9.70984	8.5946	2.05306	29.0685	4.74215	1.77292	9.69901	8.99817	2.07564	31.4741	3.01029	1.40109	11.1281	4.22637	3.54162	8.95242	5.58356	2.57203	25.6294	2.73003	1.57907	12.6352	5.45177	2.80785	13.3365	5.03239	2.02594	24.176	8.7146	3.02367	22.4547	6.63604	2.89469	28.6783	7.1096	2.88131	33.355	3.17192	1.17348	10.5955	2.2288	2.99195	6.76646	
5.18973	2.31239	23.7841	5.2766	1.64221	26.2707	8.21122	1.06542	38.3811	3.27865	2.35748	11.0995	8.5947	3.76999	36.8368	2.19063	3.89916	8.38568	8.02121	3.13812	29.6027	7.5263	2.04648	26.4452	5.13618	3.90016	17.7341	9.01793	2.08177	19.2944	7.24579	1.52858	30.888	1.20278	2.94485	3.02752	10.007	2.99835	22.2187	7.40761	3.37008	17.2362	9.05697	3.28628	30.4413	7.41444	2.77402	25.442	6.08353	2.49256	16.2652	8.42899	3.91276	41.4201	
6.37788	3.81247	20.8084	6.51181	2.93731	14.6611	8.65655	1.89687	21.8328	4.49825	1.46332	10.7453	8.50123	1.16137	26.2223	2.93902	3.97235	8.30271	7.7583	2.93634	26.1926	8.32178	1.68541	36.7328	6.35345	2.40129	22.3784	9.5475	3.54943	45.0832	8.06225	1.17409	23.6526	2.04591	3.04349	6.49385	10.7553	1.75049	51.3538	7.11801	2.38269	29.8314	9.40537	1.95504	41.4948	7.47929	1.58423	22.3621	6.79276	3.82258	21.2636	9.44311	3.21623	45.8093	
8.17671	1.20034	18.0604	7.09834	2.13045	17.3155	3.73631	1.12852	14.6177	6.42391	1.4351	30.368	3.76984	2.75087	7.83243	3.11503	2.88079	14.3652	3.58756	3.00209	8.3893	4.57032	3.59962	19.6706	7.76971	3.19899	16.1886	4.75304	2.77527	20.5756	4.46235	3.45637	18.9505	3.89274	2.9905	13.7618	6.51308	2.21283	15.4531	3.14087	2.4808	10.5241	4.33163	1.87314	13.639	2.46065	2.26603	9.20417	3.04799	3.21819	10.7076	6.67462	1.54274	21.2488	
9.91145	2.87517	21.7186	8.94161	1.76945	20.9197	4.56729	3.50498	12.5932	8.07091	2.18546	24.7486	2.72413	3.08334	5.52432	4.62607	3.50517	18.7178	1.98197	2.16444	5.53854	6.15305	2.21373	27.3323	9.54338	2.04305	27.1563	5.64077	1.58977	21.6169	6.10501	1.68785	14.2696	5.17844	1.28583	14.9671	7.72877	1.74564	20.8409	1.39189	3.86086	6.63475	4.74383	1.55483	9.74812	2.15452	1.30637	7.67157	4.77525	2.92646	12.4179	8.41124	1.33207	29.4612	
4.8188	1.31121	11.9739	3.05292	2.44946	8.3749	6.1587	3.73463	16.1185	4.77799	1.10591	11.1194	9.31134	3.14378	34.1908	5.45354	1.56253	17.5838	9.75271	2.42638	33.6875	3.49582	1.79628	16.0634	4.21868	2.61915	17.8855	6.07005	1.47261	22.8212	3.25153	2.12965	12.0439	6.11253	1.96232	27.3791	5.23453	2.54827	16.3754	9.48208	1.0821	33.5003	7.20983	2.96907	29.0925	7.83686	1.27909	22.828	3.88796	1.46154	14.9157	2.09028	1.48309	9.29877	
10.3411	3.69831	49.6572	8.80712	3.2826	42.3543	0.691419	3.35314	2.92841	9.01871	1.1579	32.9225	3.17428	3.58645	14.4074	6.39708	1.00662	29.6688	4.24554	2.23556	12.9558	3.4288	2.34145	16.5945	9.80289	2.99882	43.2018	1.458	3.05299	4.60619	3.6157	2.67119	12.3884	7.34327	2.05037	33.7085	3.76496	2.83315	16.1461	4.4103	2.46433	16.2194	0.538726	1.88995	2.23334	2.31042	3.21042	10.8138	3.27394	2.58938	8.77966	5.78474	3.46894	19.7106	


# This instance was randomly generated with the following parameters: 
# SIGMA_MIN=1
# SIGMA_MAX=4
# CAPACITY_OVER_DEMAND=1.5