6	12
56.16	1053.37	104.704
159.416	1096.25	100.304
135.234	1239.64	144.73
45.9763	1256.69	145.367
38.2919	1109.88	107.864
73.9532	1081.11	115.802
4.77209
1.70107
22.5221
8.53447
36.7685
31.3756
14.1938
5.81904
20.4903
26.6749
20.5368
46.2016
5.26074	0.321169	10.8584	7.43868	0.256009	36.3781	2.39865	0.744598	7.13982	3.91068	0.972296	16.6942	1.58435	0.996631	7.39385	5.49013	0.772118	15.6765	6.71355	0.432793	15.3331	7.91313	0.96515	31.7532	5.92806	0.122564	16.2699	2.81078	0.621683	9.54649	5.79808	0.159465	17.9463	4.21472	0.489973	8.53838	
3.02156	0.741868	6.55379	6.01195	0.57568	29.2908	3.62553	0.317102	16.4701	5.7342	0.822678	14.1774	3.94599	0.373749	18.8296	3.24263	0.592436	8.86497	5.01636	0.509417	19.8686	6.09059	0.492578	12.422	3.70488	0.576278	16.6934	4.83907	0.261478	19.8058	3.79091	0.688627	10.3023	5.66237	0.935003	18.7661	
1.71379	0.609384	4.64834	8.24594	0.695717	21.9013	5.18817	0.663874	24.2213	7.31175	0.353091	26.6649	7.05442	0.113637	18.0882	1.74314	0.197085	8.24622	6.98014	0.332696	34.05	7.56785	0.172464	27.0245	4.63682	0.472158	15.934	6.95876	0.300153	19.552	5.4296	0.840847	26.6635	9.44782	0.60683	41.8976	
6.73594	0.991127	26.8557	10.9476	0.44948	35.335	1.45622	0.807407	4.58961	1.42275	0.775912	4.47976	3.67407	0.402395	8.97198	6.94166	0.770114	15.5016	10.0439	0.861522	32.9057	11.1433	0.78149	36.2221	8.63871	0.346695	21.5722	1.88858	0.167514	6.42075	8.83879	0.228214	23.5292	7.36334	0.611875	28.3945	
8.21394	0.551509	39.7365	8.41212	0.536904	23.1521	4.76048	0.661246	17.0973	4.88659	0.74179	20.2887	2.00721	0.847441	6.16241	8.43687	0.506465	27.0432	8.1328	0.224187	32.717	9.38263	0.666286	29.0041	8.18555	0.905556	21.659	3.79712	0.5522	15.6156	7.73951	0.826779	28.0566	1.9811	0.264752	4.83273	
1.0917	0.810004	4.89702	6.80557	0.172261	25.1746	6.62335	0.450859	27.1373	8.84815	0.523534	40.8712	7.91784	0.678929	19.074	0.861191	0.318672	2.88594	5.51688	0.178037	27.5308	5.87057	0.767339	20.8938	3.08451	0.888884	9.48748	8.28959	0.803693	30.9401	4.02442	0.572538	11.228	9.58859	0.92791	19.811	


# This instance was randomly generated with the following parameters: 
# SIGMA_MIN=0.1
# SIGMA_MAX=1
# CAPACITY_OVER_DEMAND=3