11	22
164.314	1200.72	128.561
69.131	1055.2	103.7
91.0946	1062.37	106.518
111.365	1004.59	90.0308
100.781	454.632	20.463
122.552	723.048	51.6324
28.4487	1324.68	158.654
93.9905	426.578	16.5116
110.356	519.364	22.4911
78.6848	1129.38	111.191
128.126	483.003	20.5539
1.32572
6.30045
8.88787
15.4282
3.14128
0.28432
5.45774
9.65945
9.31762
9.84508
14.5668
9.31522
11.1907
12.0628
9.33437
5.85807
11.0101
5.69159
5.05915
0.422888
5.53096
6.3708
5.20473	0.673303	16.5415	7.54632	0.395544	16.7294	4.12805	0.581763	8.54054	10.5186	0.239367	36.8808	1.91889	0.702226	4.94221	2.69629	0.501762	6.01248	0.416461	0.23266	1.75112	10.3317	0.861146	22.5794	11.8154	0.845445	50.2816	4.51565	0.420422	11.3497	10.7652	0.637228	24.1074	3.94878	0.970012	8.7634	4.85704	0.807098	21.8825	2.00725	0.552429	5.21138	7.63074	0.210322	16.5194	6.92674	0.804785	21.1497	8.55972	0.882408	29.3499	7.35767	0.449491	18.3342	10.452	0.515848	24.1785	12.1896	0.807205	25.0857	11.6002	0.637401	26.8653	10.5694	0.832529	24.1259	
4.09573	0.100108	19.0428	8.75533	0.376855	20.6809	5.22135	0.322045	13.1459	10.8196	0.549804	40.2873	3.22669	0.733618	9.37949	4.23357	0.78134	18.1447	1.31539	0.164715	5.32917	10.5491	0.191045	46.9353	12.0432	0.877257	41.9144	6.0032	0.268849	17.7928	11.0466	0.570431	31.4168	2.86384	0.472491	9.32178	6.00087	0.395995	29.2871	1.31366	0.627084	6.19286	7.45813	0.949463	31.2547	6.88831	0.670529	24.3411	8.40436	0.982547	28.6747	7.61661	0.147042	16.8773	10.6838	0.501489	21.5014	12.4544	0.864953	29.0437	12.0108	0.38525	33.2188	10.7688	0.179995	40.1961	
5.60287	0.197893	15.8705	7.67661	0.185831	27.4485	6.50385	0.295481	32.2098	3.53769	0.65446	13.178	7.6297	0.578195	23.0239	8.54523	0.920195	21.1548	8.8156	0.293059	37.0027	2.98718	0.181415	8.72956	4.23693	0.713036	10.9709	8.649	0.648425	26.2929	3.62088	0.95868	13.976	6.14873	0.180494	15.0769	6.66823	0.188823	30.1717	7.13284	0.283757	31.2968	0.988456	0.274576	2.65588	1.75231	0.726728	5.29753	0.106891	0.834543	0.257916	2.38646	0.627908	7.44118	3.14519	0.208596	6.29893	4.71844	0.903943	11.9505	4.9102	0.999582	11.1538	3.08046	0.833901	8.28371	
4.61959	0.69082	19.6262	9.82251	0.274878	31.4953	7.96693	0.879922	22.561	5.91579	0.18346	19.2657	8.49276	0.775109	28.1332	9.61631	0.916682	22.3562	9.06019	0.186451	30.442	5.33016	0.45766	20.3077	6.34564	0.961499	17.837	10.1403	0.105152	36.5888	5.95126	0.401509	12.2021	5.59589	0.834408	25.434	8.32899	0.906392	28.0663	7.13914	0.555689	20.1871	2.60093	0.271128	8.25055	3.37708	0.966895	11.8083	2.58832	0.917328	11.3578	4.60521	0.146793	15.9666	5.4807	0.799646	24.1319	6.82521	0.434779	31.1346	7.24555	0.909448	31.7727	5.36547	0.875712	14.7538	
8.09464	0.725365	18.236	6.62784	0.226424	25.3314	6.85468	0.59949	23.5728	0.762993	0.195933	1.64655	8.60056	0.680826	18.5086	9.19158	0.25206	33.7954	10.3011	0.551005	25.7703	0.316525	0.374801	0.761402	1.80994	0.82797	6.97039	8.72205	0.50006	24.3541	0.883613	0.305902	3.73032	8.39665	0.253397	33.5062	6.69155	0.974435	27.5636	8.93697	0.675057	30.5605	3.35174	0.380785	14.7849	3.499	0.30486	15.8902	2.71351	0.430166	10.6509	2.65787	0.577364	5.78935	0.451424	0.172118	0.985472	2.22557	0.361245	8.22819	2.14235	0.827763	8.33624	0.560772	0.866806	2.39221	
9.07653	0.817989	22.2722	0.580596	0.533929	2.12211	3.27967	0.860712	9.19807	6.03523	0.436387	21.8702	5.44658	0.280522	17.4225	5.12619	0.92534	17.8832	7.77467	0.67955	20.0066	6.29673	0.501796	14.3873	7.30752	0.536788	29.3772	3.6763	0.266119	16.6535	6.29538	0.446889	16.1535	8.48715	0.159174	41.0057	2.51322	0.139666	6.11821	7.62346	0.220115	25.5913	6.65749	0.462101	25.4389	5.88591	0.681681	12.1856	6.98942	0.18569	18.5856	4.71709	0.116573	19.1193	6.30977	0.992312	28.2368	7.43413	0.670753	18.9903	6.33485	0.928973	14.7438	6.53754	0.376649	28.7204	
3.45907	0.355707	15.7837	6.55831	0.328126	21.7439	3.10028	0.821224	9.05105	8.08112	0.449456	31.5999	2.22898	0.635776	10.7896	3.49709	0.287658	8.5719	2.8562	0.45065	14.0687	7.83463	0.952382	20.9486	9.32859	0.774912	36.1285	4.71225	0.214154	9.46655	8.31354	0.2236	16.9535	2.47414	0.655201	7.15763	3.86808	0.758013	10.249	1.54904	0.395294	6.96728	4.97992	0.780076	19.2459	4.29535	0.433576	12.3629	5.91201	0.635645	26.6196	4.87916	0.349998	11.7144	7.96477	0.587292	20.6031	9.72875	0.298246	30.7649	9.25589	0.474102	35.094	8.06147	0.522914	33.134	
6.20333	0.335744	30.0611	3.37417	0.280499	11.3384	1.73408	0.421128	7.90031	5.43889	0.993292	22.27	3.69872	0.357696	13.7012	4.09171	0.824028	17.841	5.79278	0.281225	12.0552	5.41766	0.659972	16.8688	6.80077	0.928351	28.727	3.71701	0.51332	18.0117	5.70656	0.898778	23.124	5.68563	0.17045	21.1214	1.69048	0.95011	3.44361	5.11204	0.340822	12.2614	4.29023	0.914827	9.88764	3.42464	0.369143	13.4668	4.88843	0.551819	15.2757	2.75795	0.295111	12.333	5.50165	0.282458	21.9811	7.09986	0.406883	16.7497	6.32827	0.820358	15.1194	5.67473	0.141266	17.644	
3.39926	0.672135	8.62161	10.4635	0.856156	30.5447	8.09627	0.812958	28.9219	7.39048	0.294834	18.8641	8.1709	0.28332	35.946	9.39067	0.374242	38.3649	8.31039	0.823018	28.9736	6.82481	0.757639	27.5689	7.9397	0.341122	37.7825	10.2047	0.780255	23.8851	7.45627	0.32788	22.922	4.55533	0.552237	13.9651	8.59152	0.36753	35.8045	6.33499	0.624832	12.7682	3.59167	0.603415	7.28916	4.12901	0.365682	16.3826	3.93134	0.276065	16.5773	5.543	0.260272	22.9567	6.98044	0.861348	15.7364	8.42271	0.183806	20.9494	8.75214	0.444455	19.3431	6.88989	0.607238	30.2995	
7.84996	0.607583	25.1368	7.72356	0.964788	22.7299	7.58445	0.248875	32.0095	1.75259	0.918872	6.11165	9.13939	0.390311	45.2458	9.85532	0.314854	23.7469	10.6446	0.341141	27.1598	1.16887	0.411448	3.8069	2.01446	0.680827	4.20015	9.56496	0.258677	36.5412	1.69514	0.285753	7.55386	8.3264	0.533129	25.2306	7.52072	0.313362	36.484	9.11848	0.650091	31.0029	3.10333	0.440112	14.1855	3.54364	0.749723	9.34963	2.24035	0.75935	7.65522	3.1807	0.108412	14.0321	1.27941	0.662565	4.16581	2.49864	0.908129	10.2293	2.94547	0.416086	8.8141	1.09351	0.994034	4.16105	
5.40583	0.30913	13.5924	8.20338	0.875141	37.2606	6.88201	0.843651	27.5661	4.01281	0.112353	18.557	7.87921	0.365743	21.8533	8.84763	0.192104	19.4582	8.93283	0.627889	36.2039	3.44243	0.795024	15.2314	4.6006	0.270163	13.9523	9.04459	0.918736	33.456	4.07343	0.879043	13.7568	6.05672	0.229273	25.3831	7.09181	0.885361	28.0594	7.1811	0.437215	24.1865	1.20141	0.105621	5.26575	2.06852	0.177753	6.34826	0.669773	0.915356	1.86985	2.90628	0.516267	7.34055	3.59772	0.779357	15.7165	5.08485	0.120282	16.844	5.36957	0.628834	11.2112	3.50878	0.254506	14.1835	


# This instance was randomly generated with the following parameters: 
# SIGMA_MIN=0.1
# SIGMA_MAX=1
# CAPACITY_OVER_DEMAND=5