10	20
175.863	1272.78	138.428
18.6039	1036.57	100.249
75.3989	988.961	96.1452
127.496	1234.75	126.924
172.085	1047.3	99.7873
175.016	650.508	39.8325
50.6198	954.451	80.8926
42.938	903.334	80.8493
2.68367	519.79	25.0853
23.127	391.739	14.0554
16.5068
26.3325
41.9579
41.8629
35.0946
28.2198
4.28796
8.16071
47.0724
40.1283
29.0214
42.5532
39.3531
21.4532
0.800226
17.0113
44.2003
17.808
19.0409
13.9668
4.84976	0.113468	16.0828	6.24067	0.907192	23.0273	4.92175	0.819683	20.0952	8.36092	0.134928	37.3379	4.83592	0.377475	21.6544	6.30544	0.663643	17.574	6.32737	0.710393	13.5166	4.45251	0.998231	20.5132	5.0205	0.238459	12.9483	4.61667	0.744725	14.5625	4.44595	0.760236	16.3067	6.77678	0.806835	24.3876	1.72013	0.699493	4.46233	5.56125	0.130644	20.6733	3.29635	0.895319	11.8507	9.41967	0.834191	42.3326	4.06237	0.436582	11.8988	7.49669	0.861934	23.0529	8.03667	0.480968	17.4565	5.73706	0.903686	12.9672	
7.19823	0.225613	24.9276	6.9965	0.415666	15.2119	0.0710887	0.25285	0.211693	8.34909	0.466396	41.133	2.74006	0.823588	8.43193	8.97257	0.929063	34.1042	2.92987	0.880803	11.8038	5.90466	0.563104	13.4563	4.14299	0.735756	18.3532	0.404715	0.488878	1.63259	0.906382	0.731066	3.90509	2.37602	0.644983	11.85	4.90845	0.428986	13.1904	1.02077	0.312097	2.88708	2.05029	0.413756	6.55082	6.09231	0.611845	13.8092	3.27874	0.23921	12.0843	8.93527	0.330362	26.9681	5.24778	0.208433	19.1776	1.52363	0.874404	4.51671	
4.779	0.251789	23.3421	6.52653	0.916395	14.7475	6.19493	0.987443	17.328	8.6957	0.613816	23.3683	5.88806	0.88727	11.7813	5.96013	0.956459	13.6573	7.43197	0.951176	29.0682	4.76243	0.360045	19.0733	5.84253	0.467256	26.8805	5.8951	0.801806	23.8996	5.69057	0.967169	19.0925	7.98077	0.60822	29.8679	2.24122	0.762339	9.1062	6.84115	0.444825	19.3729	4.56218	0.344259	13.9348	10.4087	0.269001	22.8064	5.01699	0.774761	24.8089	7.47952	0.601551	34.4854	8.97613	0.64143	38.3387	6.95057	0.470672	22.6924	
6.74781	0.971074	14.4355	6.91214	0.782031	19.7484	1.16086	0.290886	2.64114	8.51034	0.398797	30.9492	3.02467	0.833562	7.16202	8.51602	0.632743	31.7351	3.72911	0.102949	18.5372	5.5781	0.606373	26.5421	4.25166	0.628153	18.8447	0.784078	0.772727	3.12201	1.24021	0.234327	5.03032	3.46804	0.897479	11.6452	4.09023	0.353524	16.4225	1.69012	0.989932	3.39222	0.88627	0.797611	1.78336	7.00949	0.492844	17.6692	3.19421	0.573889	13.7262	8.76631	0.385771	28.7776	6.00106	0.533006	15.8143	2.49514	0.353578	5.73965	
5.75627	0.616507	15.2148	6.57484	0.807567	28.4475	3.18597	0.309677	12.3847	8.51193	0.890708	17.5479	3.8562	0.578044	13.6749	7.42403	0.968892	18.869	5.11709	0.464209	24.8032	4.91765	0.234302	13.3181	4.55102	0.720486	11.5187	2.84501	0.95182	11.3147	2.87024	0.327002	13.8701	5.27519	0.431396	10.9043	2.61158	0.33515	10.9005	3.72568	0.924792	13.6365	1.44251	0.237399	4.04019	8.38247	0.835191	22.4767	3.4206	0.978137	11.6518	8.17468	0.358215	32.7482	7.14104	0.685385	27.8489	4.23227	0.273895	13.418	
0.758195	0.84445	2.68872	2.95396	0.767893	11.5597	7.17217	0.972508	32.7565	5.01117	0.553875	22.9846	5.23567	0.99215	25.2605	1.96313	0.584659	8.04742	6.67896	0.326692	26.5141	1.84713	0.797553	4.93167	4.19712	0.904302	10.144	7.07802	0.875424	17.4568	6.3668	0.322461	29.1183	7.82105	0.651471	37.9155	2.87221	0.489717	10.4593	8.19119	0.966978	19.75	6.60495	0.799129	18.8366	8.63471	0.913782	24.0956	4.25422	0.147242	14.8033	3.36507	0.469668	15.5051	7.1354	0.620369	28.3499	7.05061	0.545964	24.0424	
5.39903	0.354586	18.8532	6.74075	0.610234	22.8454	4.83188	0.202132	21	8.84346	0.17119	32.1712	5.04652	0.69762	20.3639	6.86042	0.670484	13.8126	6.48065	0.93056	28.0403	4.95851	0.512845	21.3189	5.36467	0.941563	18.8401	4.49983	0.705	16.4023	4.44088	0.563004	21.1411	6.81991	0.452743	16.1296	2.23526	0.876411	8.0136	5.37601	0.156488	22.4062	3.05675	0.533184	12.42	9.64364	0.379298	20.8898	4.35007	0.674655	19.2443	8.03665	0.773353	31.9448	8.29701	0.32263	27.9004	5.7736	0.51058	15.4904	
2.96642	0.874393	6.48288	4.55487	0.843662	18.6772	5.53046	0.777048	26.2007	6.72064	0.14683	16.9709	4.44327	0.749417	14.0219	4.42416	0.354813	12.8443	6.03143	0.376047	25.5509	2.78309	0.379076	5.94289	4.07549	0.207293	12.8519	5.33027	0.833283	15.9282	4.83687	0.709033	12.3622	6.84035	0.360034	32.0511	0.685516	0.361639	3.35361	6.4119	0.647572	17.0998	4.46516	0.201586	14.5183	8.74915	0.779981	37.3238	3.45847	0.92839	14.7327	5.64033	0.103254	17.2413	7.27049	0.892882	30.3758	5.88356	0.331192	14.858	
3.96834	0.569866	15.6401	1.75737	0.618031	8.71408	7.17658	0.686971	19.0607	1.12184	0.162989	5.47232	4.50667	0.291813	13.7436	4.68425	0.869879	21.2824	4.90123	0.378126	20.608	3.30462	0.941591	13.114	3.18967	0.170336	14.1148	7.33974	0.848179	29.3887	6.42115	0.743749	22.6796	6.28085	0.622489	27.1003	5.89966	0.628022	16.1158	8.23114	0.55643	28.415	7.92213	0.699975	31.7779	4.92862	0.983279	11.7268	4.29647	0.556052	19.5558	2.92963	0.37567	13.2216	3.72727	0.242837	8.25156	6.12929	0.795314	14.9595	
7.4943	0.765448	28.8697	6.47764	0.548114	26.475	2.68968	0.453836	11.0794	7.15152	0.828241	24.2645	2.5857	0.218037	9.91587	9.1457	0.310492	37.9573	1.21162	0.150086	3.86841	6.07328	0.186203	27.2631	3.72192	0.443978	12.6097	3.07725	0.990636	6.18168	2.65682	0.878894	13.2832	0.360738	0.766204	1.40965	6.28561	0.983133	31.4175	3.21671	0.670714	10.0343	4.64772	0.373166	9.73695	3.48529	0.170955	14.2254	3.60352	0.933167	14.9155	8.44308	0.309788	30.491	2.99338	0.109329	14.2159	1.29056	0.778068	5.06146	


# This instance was randomly generated with the following parameters: 
# SIGMA_MIN=0.1
# SIGMA_MAX=1
# CAPACITY_OVER_DEMAND=1.5