6	12
164.194	1296.93	142.27
30.3826	1145	121.338
132.38	724.182	43.9133
36.084	1157.22	111.17
150.215	1192.9	129.99
122.92	1191.89	134.327
15.6336
18.2335
0.709517
18.3328
14.8404
11.7002
2.07715
9.76295
12.8068
6.20404
10.9952
15.3055
6.10411	3.7192	14.4591	4.83258	3.3482	10.1077	2.42856	3.55088	10.7269	2.55998	2.04567	8.8317	6.52598	2.24329	15.4502	1.32125	3.34263	5.11808	3.21949	1.19486	15.4047	7.21118	1.20826	21.5606	2.85295	3.87087	11.2661	1.86423	1.99395	7.18699	8.15722	3.90024	22.5536	6.04004	3.98364	15.1812	
10.212	2.99935	33.2115	1.21075	3.94105	5.54455	5.6773	1.26426	21.7927	5.06474	1.57518	18.8645	4.76345	3.50533	10.8814	6.65286	1.02693	24.7344	4.25973	1.69032	15.314	7.53884	3.37409	36.7176	4.18465	1.04326	8.72412	3.64893	2.43706	7.40222	7.74569	3.06206	21.3132	1.92237	2.58153	8.25227	
9.30534	1.96606	31.7019	2.29883	1.82101	11.315	5.40254	1.46648	13.5722	7.17	2.01701	16.614	1.98232	2.76105	5.96051	7.78039	2.43214	24.5126	3.70912	2.03027	7.83459	5.08696	2.8966	11.9263	3.91975	3.94678	7.91138	5.12271	2.77143	20.4421	4.98647	1.26942	14.3981	1.14785	2.61504	4.55547	
7.89302	1.54008	21.8669	3.0624	3.80337	12.7586	3.48483	1.83721	9.31632	2.08421	1.71934	7.72048	5.81377	3.06786	23.595	3.24909	3.72454	9.64162	3.09976	1.46022	9.01343	7.43487	1.72413	28.1817	2.75111	2.55049	12.0631	0.380739	3.96044	0.957577	8.13486	3.2729	39.1972	4.41007	2.27233	17.1678	
10.3171	3.35026	42.1201	1.84399	1.75512	8.20828	5.7394	3.37057	16.1152	4.33181	3.70508	14.7776	5.5516	2.80057	15.4675	6.20496	3.58022	14.5729	4.52126	3.57831	14.4822	8.17105	2.15254	29.693	4.36763	2.41133	19.0122	3.25978	3.51369	13.6008	8.47583	2.99974	33.4679	2.84206	1.768	9.28199	
2.62978	1.36109	6.12572	7.22755	2.64446	21.9955	2.62635	2.1254	9.44552	6.01921	2.94442	13.031	7.11738	2.18051	19.8762	3.52957	1.90452	9.95883	4.31042	3.83627	18.311	6.17391	3.32505	23.1346	4.19638	1.07244	13.4812	5.10186	1.6174	16.3737	7.35703	3.15163	32.7288	8.052	3.06209	25.4433	


# This instance was randomly generated with the following parameters: 
# SIGMA_MIN=1
# SIGMA_MAX=4
# CAPACITY_OVER_DEMAND=5