4	8
95.7445	838.101	66.5161
69.5318	816.888	57.9116
32.484	886.238	75.9116
96.1106	682.308	42.3102
7.02857
1.67161
1.96914
1.78209
6.59251
2.8211
2.32083
0.0791088
4.35097	0.941954	12.19	5.88595	0.683618	18.163	7.06118	0.794121	34.275	6.56379	0.696515	26.2782	8.7193	0.323851	21.6977	3.59598	0.969697	15.3805	3.07104	0.651194	13.8928	5.67093	0.737855	24.0146	
6.50455	0.580658	23.8409	4.47875	0.409693	16.8261	5.65439	0.548641	22.8958	3.66587	0.799068	15.2461	1.81153	0.534443	8.41675	8.51651	0.168658	19.2545	10.3812	0.614759	33.3035	4.75797	0.562711	22.9216	
2.40021	0.222405	8.92696	3.38738	0.391436	7.79404	4.90964	0.742545	21.0981	3.97113	0.25147	12.0082	6.17494	0.896127	20.2986	2.68109	0.372315	10.6058	3.97223	0.556488	11.4965	3.21643	0.244887	14.1673	
7.15658	0.497874	29.8356	5.98665	0.781587	27.2609	1.44192	0.291851	3.80887	5.21368	0.776758	24.1665	6.75281	0.647884	14.6455	4.22643	0.526673	11.7083	9.84684	0.741599	37.3015	6.17238	0.664389	24.4822	


# This instance was randomly generated with the following parameters: 
# SIGMA_MIN=0.1
# SIGMA_MAX=1
# CAPACITY_OVER_DEMAND=10