10	20
153.072	1024.5	91.5175
163.967	1286.53	155.049
75.9659	976.896	91.5389
91.4372	1309.21	152.914
68.645	475.577	19.9398
67.4883	443.469	18.5768
73.921	612.872	32.3244
103.544	1101.48	112.179
81.9179	1230.41	146.577
7.00619	497.263	20.9129
0.733811
17.2206
29.6597
30.9462
18.4372
1.90756
18.8123
0.949554
2.15925
6.40527
4.4829
12.1447
23.6113
4.48924
30.4715
19.381
18.4514
0.156229
23.7213
16.3686
3.8459	0.939337	9.82405	3.34071	0.367999	9.29642	8.12399	0.632313	24.5936	2.67145	0.947737	5.93421	0.14367	0.115177	0.436953	1.89024	0.129829	8.90466	4.29765	0.307747	15.4476	3.66368	0.965819	10.3909	2.4261	0.948867	9.55477	6.46462	0.580649	26.2397	7.0162	0.132207	32.2349	8.12217	0.404629	22.0642	3.12069	0.637279	10.0918	5.31166	0.767364	19.6954	6.3437	0.646593	29.8697	5.77888	0.496332	16.9744	3.13031	0.297733	8.58069	6.78215	0.7961	16.051	7.167	0.273905	30.8888	4.10153	0.100119	9.47751	
9.72149	0.21625	46.335	5.87778	0.909939	27.0301	2.59893	0.226016	9.84783	7.06394	0.665971	15.0076	8.28224	0.525703	28.9863	7.3704	0.708515	30.868	6.65669	0.701673	16.9767	10.5314	0.50871	43.4813	9.01504	0.949688	21.7299	3.4111	0.771527	15.9839	2.9203	0.688651	9.51228	8.33152	0.178304	41.4558	10.8025	0.654076	36.9639	3.5588	0.538897	15.9373	2.48222	0.965232	9.38697	5.93587	0.64104	16.3046	6.28222	0.236253	26.3129	7.1975	0.299554	34.3965	2.42219	0.631901	7.82847	8.36143	0.188636	28.6437	
8.8118	0.236677	26.2149	2.39032	0.271232	11.7371	8.15822	0.722481	21.4704	6.48771	0.50454	16.1915	5.08299	0.701043	17.9813	6.02331	0.584049	15.7252	0.937635	0.614491	2.5129	8.85764	0.350137	31.3261	7.44201	0.943093	32.5662	7.24268	0.114167	25.3141	7.42341	0.224483	32.2296	11.3196	0.70307	36.6867	8.32614	0.974469	17.098	3.42949	0.144549	12.2645	6.27321	0.220607	29.3055	0.981608	0.376488	3.58168	6.23444	0.802454	29.2967	9.82382	0.630445	37.2166	7.21368	0.217612	22.0068	8.44089	0.749321	39.2732	
9.23168	0.551645	31.1985	2.74309	0.296118	13.1303	6.87602	0.710332	27.286	6.62372	0.794583	33.0319	5.92208	0.59123	26.919	6.34823	0.805436	18.5856	2.17701	0.183138	4.84689	9.49508	0.599386	35.7703	7.96746	0.231349	29.0173	6.25696	0.248097	21.1088	6.30632	0.722191	14.98	10.816	0.131752	48.1057	9.16545	0.604926	34.3747	2.29805	0.892681	9.31654	5.14321	0.994583	23.0144	0.818977	0.379972	2.01478	6.17434	0.855495	13.1165	9.34499	0.195476	33.4035	6.01131	0.36756	16.5173	8.55936	0.687926	27.609	
8.08502	0.617997	20.64	4.99054	0.200244	14.4515	1.79158	0.786858	7.76241	5.47428	0.222753	20.9431	6.94967	0.656972	22.8938	5.84422	0.638771	24.9053	6.08466	0.616125	13.6284	8.92884	0.767475	30.747	7.43963	0.439971	17.2611	1.83156	0.638634	8.07035	1.48376	0.355867	6.43437	6.87199	0.231214	22.7897	9.26375	0.700465	20.4424	2.97106	0.265944	12.3024	0.823901	0.469868	3.68902	5.7647	0.70953	14.6677	4.68506	0.300358	19.6069	5.64559	0.853493	26.2082	1.03546	0.215379	2.39637	6.70335	0.52705	16.2074	
6.3493	0.70769	22.1493	2.844	0.697432	6.21541	3.76556	0.106755	13.0957	3.58014	0.920811	8.28628	4.62536	0.653439	15.344	3.75132	0.334493	11.2951	4.19661	0.83942	13.7569	7.01478	0.814969	26.222	5.45241	0.943963	18.7629	2.51984	0.48588	6.33272	2.81444	0.887996	5.96262	6.84808	0.107301	19.9614	7.17027	0.70819	31.6259	1.74858	0.943809	7.01361	1.80088	0.439178	3.93656	4.40899	0.790429	21.4389	2.86219	0.333737	8.0712	5.39005	0.995009	22.7099	2.75392	0.356422	10.5171	5.22509	0.126292	18.9966	
9.48034	0.599417	46.278	2.96104	0.471025	7.00571	8.19692	0.72444	40.3507	7.07513	0.739802	15.0034	5.81425	0.502597	19.0924	6.65644	0.818801	24.3963	1.66181	0.889617	3.86568	9.56912	0.858165	40.5471	8.128	0.512042	34.5887	7.43046	0.451138	29.8719	7.54828	0.848774	16.8075	11.7252	0.343808	53.312	9.06738	0.916511	37.1383	3.49812	0.920201	14.9766	6.3846	0.754083	17.2623	0.647276	0.974475	3.11197	6.76321	0.826038	22.2679	10.2337	0.603925	22.521	7.29304	0.148378	24.4647	9.03438	0.626275	34.9049	
5.77777	0.803605	13.5417	2.81288	0.849854	8.6604	8.93896	0.707946	20.4596	4.38539	0.667758	20.8743	1.84214	0.750577	6.38324	3.63843	0.573629	9.37407	3.02821	0.268733	13.1574	5.47102	0.748489	15.6927	4.36385	0.701216	15.1539	7.43769	0.264959	22.6158	7.89763	0.607349	20.91	9.87455	0.286701	34.0065	4.69867	0.136424	11.3062	5.16145	0.263393	13.81	7.00724	0.392697	32.459	4.62563	0.319847	17.0852	4.63098	0.942254	16.2755	8.46912	0.936177	34.878	7.93307	0.27947	19.4565	6.01168	0.538972	29.6481	
2.1158	0.441464	4.45166	6.45066	0.135514	31.5197	9.83954	0.42458	47.4629	3.75556	0.132415	8.17956	3.30723	0.842466	9.60277	3.38195	0.712044	14.1623	7.45694	0.160749	31.1112	1.0429	0.662787	3.59386	1.80088	0.476392	7.48651	8.10186	0.722163	21.0016	8.73095	0.138265	18.2187	7.71251	0.533126	33.6814	0.162814	0.109342	0.422254	8.15963	0.605963	17.2066	8.41038	0.486933	40.412	8.93979	0.929378	36.782	4.54425	0.467651	11.8072	6.77689	0.266317	17.6466	9.02771	0.129237	42.8947	3.5252	0.168626	12.2415	
1.78517	0.350124	5.26368	5.61567	0.512452	20.0994	6.61083	0.596569	18.2077	1.50036	0.655803	3.17624	3.81972	0.386775	8.84371	2.05365	0.835866	6.99591	7.08559	0.932611	17.1349	2.8406	0.964223	12.8328	1.89189	0.382955	8.50366	4.92014	0.79385	10.2727	5.55713	0.796774	15.5415	4.49866	0.449363	21.5135	3.64557	0.700535	13.9984	6.33657	0.73579	14.3473	5.53343	0.457163	11.5342	8.16862	0.759464	30.6987	1.97921	0.653634	5.68911	3.34232	0.609741	13.3517	5.93545	0.14476	20.5208	0.460835	0.319882	1.37794	


# This instance was randomly generated with the following parameters: 
# SIGMA_MIN=0.1
# SIGMA_MAX=1
# CAPACITY_OVER_DEMAND=3