12	24
90.2536	812.363	59.8454
97.0295	1208.47	145.401
61.173	1108.94	113.12
14.2679	1071.07	105.077
172.593	995.603	97.0704
168.654	867.67	66.6324
26.6456	1177.44	121.235
45.3375	801.511	55.0358
63.5985	820.475	56.9255
95.8629	1244.5	147.193
37.8252	1374.27	156.498
107.486	1227.11	131.557
36.8793
23.6754
8.23428
46.6113
38.923
43.7672
8.76163
5.59711
17.373
4.86635
24.2244
24.5031
48.1777
19.9082
17.5706
14.6112
34.1157
19.7737
35.9963
20.2551
35.2547
38.3632
22.2867
38.0668
0.2095	1.42399	0.540007	5.39426	1.62524	21.4142	3.40112	2.60076	16.6999	5.16491	3.87438	22.6845	7.69763	3.20383	33.5354	3.94798	2.14378	8.99656	9.5288	3.60566	23.7977	1.20186	1.6591	3.57253	7.345	1.2799	20.6932	5.6571	3.48572	19.3098	4.25332	3.01383	14.8216	2.94735	3.31977	12.7304	5.91478	1.87622	13.13	3.45415	3.72744	14.175	2.75437	2.67561	8.63403	6.2928	2.67805	20.0194	2.48721	3.22717	11.1069	1.5065	3.36614	5.65448	2.66276	2.77796	7.94015	7.07819	1.32109	29.5903	2.31503	2.08053	10.7933	6.46299	3.42776	27.0002	10.4618	3.48545	47.1913	7.08125	1.17299	18.3203	
9.58266	2.49255	21.9345	6.66945	1.9529	30.9274	6.28957	1.43104	23.3302	4.44923	2.59933	13.688	1.8615	1.49111	8.73429	8.0402	1.69605	36.512	4.22233	1.51419	20.1397	8.76052	2.26786	37.4912	2.24764	1.63274	5.86252	4.76365	1.78451	18.3737	7.14633	2.52486	32.4082	6.60683	3.25395	17.4686	5.25386	1.22261	11.5551	8.3295	2.5102	16.7395	6.79522	1.61196	28.4059	3.989	3.9901	12.6564	9.78486	3.66335	44.3832	8.06227	1.34416	30.1772	6.86321	3.60211	14.8634	4.18249	2.78499	16.4212	10.033	3.36192	23.0766	3.08252	2.18782	11.0415	1.99011	1.09198	6.14641	6.80604	2.12297	32.9103	
8.33228	3.17717	30.3006	6.55659	1.69312	13.448	5.38921	1.15502	15.0653	3.70365	1.88063	12.9072	1.84089	2.44836	6.99458	6.32375	1.88273	12.6599	5.46126	1.8847	19.9575	7.3975	3.03277	15.4651	1.10965	3.96288	5.43267	4.53548	2.51768	9.11901	5.4262	3.73299	11.8396	5.32153	2.63796	11.1816	3.43527	1.53141	7.25841	6.66076	1.42538	13.6724	5.74406	3.06386	13.702	2.25216	2.86655	5.60387	8.9839	2.72286	35.2954	6.95249	2.47402	20.4628	5.7824	1.6682	23.9751	2.31318	1.47821	8.39285	9.18301	3.46034	27.204	1.90808	3.53108	4.8071	3.79574	2.13036	9.266	7.15156	1.66174	26.1924	
8.33604	1.07001	35.7247	3.04842	1.64138	6.75774	4.97709	1.79611	11.4702	3.98689	3.68539	11.9638	3.94407	1.05293	13.6731	8.99304	1.95421	28.362	1.68668	2.53472	5.47077	8.07449	1.2632	29.3387	4.93947	3.97964	10.7995	2.7539	1.41817	12.4475	8.31235	2.65983	24.8563	6.29103	2.36085	26.7851	7.48112	2.02936	27.2198	8.98158	1.67483	23.7153	5.69222	1.95752	21.8556	6.31614	3.40864	30.2962	7.13166	1.02042	29.6419	6.71096	1.8964	32.2843	5.82123	1.3905	26.4144	7.22882	3.6283	28.4845	7.4736	2.87064	33.0183	4.83845	3.47099	23.0336	4.21749	3.04458	15.4565	2.10422	2.73116	6.37254	
8.4728	2.89147	26.6074	3.66032	2.8592	13.8906	4.96674	2.37077	22.7907	3.61023	3.39244	7.43053	2.94464	2.38737	6.32113	8.62541	2.7624	38.5689	1.24045	3.94468	4.89409	8.06135	2.57221	17.3643	4.00582	3.69363	19.8914	2.66265	2.07379	10.7838	7.87628	1.25024	38.4545	6.1048	1.32758	21.4728	6.79696	1.58766	26.2733	8.68055	3.95609	34.1115	5.67559	1.96621	12.5706	5.55531	3.78982	24.375	7.61274	1.77005	37.3757	6.81685	2.60511	27.2349	5.79622	1.98887	15.6607	6.3881	1.17915	20.0584	7.93742	1.30997	28.2792	4.05302	1.92675	17.5593	3.14931	2.19053	15.1162	3.11932	2.66115	13.1169	
6.79002	2.31801	21.8749	1.50726	1.78726	7.04375	3.55074	1.07674	12.6751	2.99379	3.73485	14.9137	3.98289	2.19884	15.3957	7.78	1.33223	38.4077	3.17231	2.47256	13.4339	6.59777	1.30927	18.4539	4.7345	2.21329	19.1927	1.61697	1.57803	6.21332	7.18272	2.6544	17.7444	4.9644	2.96061	12.446	6.69479	3.82328	33.037	7.70543	1.87865	32.0163	4.25095	1.30684	20.4006	5.69722	2.55139	28.2972	5.56004	1.67159	16.1666	5.18695	2.05204	21.0648	4.38273	3.9468	14.3846	6.71494	3.72081	16.2683	5.89887	3.61931	27.7908	4.35501	1.69765	18.6838	5.23368	3.85018	15.6284	1.40875	3.08657	3.73012	
4.43533	1.00848	21.5275	1.23383	1.10596	5.92332	1.66437	3.34874	8.05748	2.53045	3.95549	11.0773	4.82905	1.99146	11.4007	6.02661	3.32035	13.0013	5.45084	1.34323	24.7152	4.36361	1.67738	10.0892	5.09292	3.44949	11.9855	1.93311	1.38018	4.68091	5.6209	2.10502	20.3168	3.15159	2.34084	6.31589	5.81781	2.75645	21.3191	5.83353	1.92511	16.9163	2.20783	2.18709	8.73948	5.23463	2.41959	12.8438	3.3335	1.55641	8.28175	2.8831	2.51521	12.3325	2.33435	3.75863	8.77354	6.30665	2.69071	21.7947	3.64688	2.04041	11.8644	4.36843	2.22243	18.6267	6.99115	3.36736	23.602	2.93483	1.58797	7.36976	
1.00187	3.54616	3.32305	5.06319	1.16835	16.5042	2.70574	1.03607	12.1185	4.36162	1.8109	9.84103	6.83845	3.63604	19.5777	3.20684	1.49991	12.2764	8.90604	3.96277	18.7897	0.572029	1.55853	2.57792	6.43069	3.46317	26.8264	5.0104	3.53477	12.1725	3.3889	3.7827	14.4631	2.01335	3.1216	9.03529	4.96223	2.52623	24.7438	2.76411	3.30798	10.869	2.00426	1.79667	9.74113	5.33203	1.32116	16.677	2.9755	2.91408	14.6128	0.972829	2.07168	3.4107	1.8913	2.30123	4.72365	6.11542	3.78754	27.0148	2.90396	1.95009	13.9429	5.55153	2.58737	25.4129	9.65641	2.81981	46.8462	6.77186	2.1628	22.2461	
7.61753	1.48075	17.5278	3.206	2.62533	14.3702	4.08411	1.62539	19.8882	2.65516	1.96859	13.1761	2.31855	3.97738	5.45494	7.66787	3.58144	27.8173	2.18058	2.56578	7.13398	7.15614	1.76328	29.4776	3.27923	3.61106	10.5046	1.81197	2.8985	5.79078	6.92155	2.30921	24.1074	5.16566	2.66402	23.4667	5.89713	1.14854	17.3352	7.72422	1.53625	33.1897	4.78315	3.98548	21.9241	4.68928	3.29449	13.8574	6.94822	1.75995	27.3927	5.95973	3.48238	12.8558	4.89999	2.11365	22.7032	5.57556	3.2601	26.3787	7.25795	2.04903	25.6346	3.19682	2.74236	12.4736	3.43898	1.86083	9.48977	3.14288	3.90123	13.1117	
7.44136	1.2631	15.2733	5.83981	1.2379	24.7331	4.50524	2.40069	16.7448	2.87024	2.99357	12.8883	1.59126	1.62271	5.07691	5.59546	2.66251	12.161	5.36829	2.49681	18.9482	6.52078	1.43332	29.9896	0.48915	3.63558	1.83885	3.83017	3.77584	10.3045	4.70051	2.91123	21.1633	4.42927	3.50446	16.2276	2.84805	2.45522	12.7158	5.89686	2.85817	19.4621	4.84658	2.13477	13.889	1.54806	2.56063	6.18316	8.09969	1.85546	27.0495	6.05335	1.2208	30.2595	4.88386	3.10115	16.9813	1.98614	1.8945	4.38487	8.29369	2.90213	18.081	1.03787	3.31243	3.57484	4.17854	2.54688	15.2304	6.58557	1.20658	15.9302	
7.50813	1.88167	23.5842	8.10333	2.94623	33.3756	5.85776	1.49794	18.8956	4.97476	2.20933	22.1201	4.69532	2.90573	13.8243	4.2556	1.29703	18.1635	8.47015	2.10066	38.9976	6.39049	1.13697	20.7474	3.58151	1.37009	14.6269	6.28786	3.81324	26.0663	3.50012	1.68882	15.4827	4.9316	3.99946	23.4458	1.64331	2.10123	4.97595	4.74992	1.76886	23.2186	5.81308	2.27438	26.4678	2.15169	3.15382	7.66422	9.09147	3.53688	23.316	6.65565	1.62676	14.8894	5.7765	3.63382	20.6509	1.16098	2.32767	2.69293	9.1731	3.37341	39.3336	3.55589	1.02703	14.3664	7.06765	3.58194	21.1183	9.21899	1.03817	44.4831	
5.76958	2.55255	21.8586	5.98843	1.72689	14.3247	3.70199	2.31505	17.7018	2.91247	3.66875	7.87602	3.49147	2.47494	11.7759	3.39201	2.63418	10.5889	7.04844	1.92756	27.9354	4.72258	3.13618	12.4328	2.50483	1.41883	7.45618	4.27566	2.53812	9.59671	2.4945	3.53826	9.83508	2.92324	3.73616	12.0858	0.835609	2.43716	2.72798	3.72629	3.43962	11.6256	3.7115	3.62307	14.934	0.684315	3.21069	3.41603	7.04053	2.65411	15.1778	4.67658	2.45974	12.5414	3.69009	3.12346	10.5458	1.35424	1.36383	4.57423	7.15343	2.67714	27.7829	1.97774	3.78808	4.74667	6.33961	1.59341	24.8792	7.20839	3.66326	34.1816	


# This instance was randomly generated with the following parameters: 
# SIGMA_MIN=1
# SIGMA_MAX=4
# CAPACITY_OVER_DEMAND=2