10	20
131.504	1225.24	140.829
51.7224	1068.9	103.596
146.433	1099.47	110.249
44.635	1165.19	125.479
100.979	765.594	54.6303
134.943	1007.47	99.8315
40.6019	1347.68	151.149
9.58447	640.818	37.6551
15.7646	958.489	91.6357
131.057	687.704	40.5209
2.13753
26.9058
5.58487
20.9036
55.1813
15.8521
67.6609
23.5813
3.28838
14.3392
69.4908
65.9378
34.0077
3.73735
68.5832
21.2664
40.4568
5.69918
37.3322
55.1041
5.10715	2.25898	17.0583	3.11012	3.23215	15.367	2.10338	2.66569	5.98588	3.78059	3.88934	12.0786	2.43848	1.70983	11.8229	2.87292	1.41411	10.8148	4.11848	2.16905	10.3142	5.53755	3.54854	19.6216	4.78744	2.50215	11.6874	3.23697	2.44641	7.77973	5.6232	3.89702	21.7862	5.08392	3.93534	16.1079	4.85176	3.92589	19.4712	6.70629	1.1286	18.655	3.89673	1.27274	19.4464	2.54862	3.07727	6.85935	6.2436	1.52525	28.283	5.42209	1.67108	23.6192	3.24088	2.49834	12.7601	6.94579	3.88415	20.5187	
4.5684	1.69728	10.9817	2.72574	1.3505	11.7198	2.8796	3.66635	7.81125	6.2304	3.48439	29.0267	2.45675	3.42228	11.6562	6.64193	3.24138	17.343	5.02294	2.27113	22.3745	5.91475	3.94063	15.9442	1.47457	1.93324	3.72267	6.85342	1.07667	20.2998	1.96878	1.30828	5.3016	6.13866	1.77899	20.1746	0.853674	2.07863	3.61998	3.43342	2.96831	12.9956	0.246037	1.59812	1.12744	5.48172	3.97918	22.3044	2.28279	1.19077	10.8341	1.62403	1.19733	4.19401	0.783588	3.80086	2.09314	5.32912	1.01236	25.0138	
5.78963	2.87242	20.3513	8.59332	2.25037	26.8656	7.60289	1.81878	21.0223	2.28836	1.13303	10.29	7.86277	3.74994	27.5247	6.11376	1.45503	21.4296	9.50143	1.10564	26.898	4.66535	2.78891	12.9839	8.35559	1.74782	27.1277	6.62224	1.6572	16.0175	9.17009	2.63369	35.8346	3.69946	2.24717	7.89678	9.07787	2.07841	19.8643	11.7769	2.83946	23.7116	8.26153	2.46441	31.0458	3.11097	2.5583	8.6767	10.699	2.36389	34.6736	10.1056	3.14997	28.9087	7.81424	2.56212	17.2495	7.64045	2.58965	21.8236	
3.47814	2.39743	9.01546	3.86482	3.49857	8.59414	2.98859	3.90155	14.4063	2.83347	1.83958	8.02109	3.09834	2.27967	13.8166	4.35973	3.18927	11.0446	5.44922	2.32791	16.8888	3.95688	2.41681	19.1117	3.82933	1.81461	12.8461	4.78031	3.84914	18.2711	4.69924	1.24285	10.489	3.61633	1.62639	16.7015	4.2631	2.22526	11.9531	6.79155	3.63502	23.2627	3.36578	1.34982	10.3219	1.91891	1.41934	7.6704	5.84009	3.48708	15.3279	5.16716	3.49349	14.1551	2.85151	1.76468	8.28269	5.36136	2.27915	13.8813	
2.91574	2.33074	5.98491	3.59162	2.81385	8.3708	2.99691	1.53663	10.8967	3.8606	1.7874	18.0795	2.88488	2.25775	8.70003	5.50143	1.97155	17.2993	5.61158	3.71121	22.8424	3.91415	1.11972	13.6013	2.4227	1.57531	8.49984	5.86277	3.74729	24.3143	3.29224	1.83091	13.2275	3.92382	2.76246	13.0708	2.95762	2.11732	12.5292	5.77071	1.58107	21.4807	2.14366	1.84287	5.22896	3.21227	3.14282	11.7796	4.57311	1.36591	11.3271	3.99806	3.5772	13.7538	1.8013	3.98015	6.05958	4.46635	1.83109	17.1454	
3.45403	1.20534	14.7076	7.64498	1.25807	37.2194	6.74976	3.96243	26.7323	1.306	2.42405	4.65031	6.87852	2.6324	22.9659	6.63872	1.6822	29.3831	9.07666	3.70684	36.4831	2.26595	1.20206	7.43448	6.41184	3.78621	25.7509	7.16078	1.84975	26.7175	7.15983	1.75779	25.6801	1.29923	3.09625	3.91468	7.29812	2.51305	15.0267	10.2683	2.95987	26.4693	6.60759	3.58138	24.8176	2.53704	2.54851	11.4867	8.91398	2.75345	33.4745	8.4531	1.27002	23.7187	6.29906	3.7839	24.7777	5.24351	3.32467	20.4823	
4.27279	3.71641	17.5107	5.33352	3.82757	20.2258	4.34979	2.40181	13.1176	1.52389	1.94982	5.52238	4.59946	2.91726	21.9938	3.90878	3.15302	8.67461	6.4186	3.14027	21.7211	4.04937	2.12329	11.0245	5.61516	1.20065	20.1466	4.42086	2.33039	11.6224	6.4799	1.24309	21.7365	3.30933	3.65838	10.2055	6.11941	2.43889	17.5523	8.59025	1.11019	41.523	5.22589	1.79461	13.4558	0.271935	2.02475	0.62024	7.70026	1.37425	25.949	7.01815	2.18688	16.352	4.69909	2.2457	16.9369	6.32056	3.85861	23.8802	
4.50975	3.91937	9.88318	2.08045	2.19671	4.35432	1.94406	1.99469	8.82446	5.50665	3.45427	11.7132	1.58821	1.75725	3.976	5.58874	1.90341	25.3673	4.34271	1.08841	14.2447	5.67761	2.8414	13.2224	2.20536	2.18537	6.36184	5.81203	2.15748	23.4512	2.89619	1.88793	10.3027	5.73531	2.63892	28.376	1.90844	2.06184	8.74335	4.07376	2.82149	10.6858	0.981036	2.76177	3.864	4.6324	1.49654	12.5521	3.27704	3.25863	13.4817	2.50085	1.52764	11.3449	0.319901	2.95196	1.40698	5.65239	1.96225	21.672	
5.2713	3.68185	21.4802	1.6644	2.08957	5.59328	1.95369	2.95348	9.32917	6.31272	3.04497	26.5527	1.49414	3.60551	7.3243	5.87668	1.94065	12.3035	3.95888	2.49225	19.2839	6.48799	2.91687	30.7729	2.52162	3.02751	5.44034	6.03315	3.07451	25.5991	3.02103	3.56648	9.70982	6.56771	1.0562	13.6439	1.81219	2.41887	7.60951	3.30448	1.89425	6.82356	1.17648	3.80985	3.48642	5.39183	3.58338	22.2533	2.81985	1.21966	12.1011	1.94398	2.18841	4.90928	0.909785	1.04041	2.1852	6.26346	2.2915	21.0303	
4.60968	1.54453	18.7763	4.80607	2.13258	19.32	5.03772	1.89215	15.8984	7.38801	3.70105	20.6844	4.61105	2.6582	9.59378	8.73047	2.65996	41.7562	7.06145	1.12457	32.1758	6.13941	1.19406	13.4592	1.33532	1.61889	5.65388	8.97133	2.35665	25.7154	0.512077	1.47632	1.22888	6.6704	3.55266	16.6723	1.34878	1.5269	4.80195	3.79023	3.37011	15.5867	2.18314	2.67722	9.26106	6.9331	3.06238	14.7709	1.76445	1.68383	6.23498	2.10515	2.77289	6.54692	2.84969	3.44813	12.6959	4.46446	2.24343	20.7197	


# This instance was randomly generated with the following parameters: 
# SIGMA_MIN=1
# SIGMA_MAX=4
# CAPACITY_OVER_DEMAND=1.5