9	18
121.563	1035.16	91.3259
158.678	550.105	28.139
19.5811	1007.74	88.8755
14.2075	494.44	22.1253
25.925	1213.98	138.795
148.398	749.471	50.2692
108.58	1297.91	147.496
25.1702	483.184	20.6835
63.4357	557.095	30.417
23.8261
16.5832
17.2021
4.18101
5.96946
4.07179
19.5931
6.50266
13.6253
21.7897
8.12429
2.75356
7.60459
13.5935
9.30898
26.7683
0.659445
3.88534
5.06514	0.743496	21.8935	1.97234	0.600626	7.19162	4.20452	1.41008	9.26933	7.96377	0.653865	21.612	5.99734	0.625131	25.2414	4.45345	1.63371	12.3273	9.82578	1.91655	44.3525	4.49691	0.898579	16.9597	8.82569	0.815803	32.9989	2.11406	1.18859	5.5075	7.36614	0.702764	18.4218	8.79443	1.40597	19.7972	2.0907	1.98855	4.56736	2.58197	0.878262	10.6075	6.6582	0.709669	29.0763	2.84183	1.20224	12.7806	2.67781	1.36403	12.6678	1.72529	1.98609	7.97551	
5.33775	0.515817	25.0687	3.67521	0.859122	17.7997	5.02765	1.26983	25.092	7.25397	0.680687	30.9228	3.04678	0.514206	8.53777	7.37843	1.54283	36.7369	5.28877	0.974466	15.2379	7.31927	1.49793	15.5954	6.53342	0.923363	23.5208	2.43968	1.16069	6.57849	3.03717	1.55591	7.59066	6.15997	1.73671	13.9195	3.93159	1.49779	8.4523	4.37688	0.543454	18.3152	2.1891	0.580372	5.80434	2.2975	1.93537	9.41432	3.86194	1.85101	16.0971	3.67953	1.43523	8.61228	
9.48167	0.735915	22.7535	6.77325	1.20553	15.9495	2.74867	0.762294	9.45431	2.69253	1.00441	10.0699	1.93147	1.09935	5.26178	5.66992	1.25689	24.3233	7.36867	1.58761	34.5548	5.52581	1.3171	22.0247	2.69849	1.27591	8.27864	5.15973	1.61622	17.5115	4.43958	1.55942	12.5142	2.78879	0.842661	9.15457	4.11882	0.588416	16.4644	3.86502	1.49294	9.20566	5.79154	0.913635	16.257	5.96027	1.14022	25.333	3.53643	0.843306	7.41106	6.61003	1.66227	18.4894	
1.304	1.42349	3.83261	2.11175	1.48234	4.59993	7.39797	1.97559	22.4757	10.6431	1.73109	24.8063	7.02859	1.40407	31.1314	8.47071	1.19246	33.4326	8.27296	1.67931	16.9012	8.49485	0.902262	30.8495	10.4862	1.31007	42.0616	3.21054	1.5335	12.2209	6.92473	1.99335	18.4645	10.1848	1.4556	44.8749	5.345	1.36092	12.6759	5.97733	1.68504	14.22	5.17119	1.87923	16.3115	2.22719	1.47598	4.76615	5.73315	1.64031	22.8211	2.36622	1.4481	9.86532	
6.30447	1.75571	19.012	5.72072	0.931548	23.9733	7.16897	1.22441	28.5986	8.59772	0.701747	28.9946	4.04693	0.655589	19.7778	9.73405	1.14346	23.1063	3.02335	1.67049	12.5101	9.66291	1.40479	21.7106	7.08799	1.97355	20.0804	4.79165	0.940625	15.5766	2.15295	1.08327	4.96288	6.52558	0.851831	28.8948	6.34661	1.8996	24.8559	6.75152	1.09164	25.7338	0.250223	1.74178	0.610366	4.31745	0.690846	13.9031	6.2199	0.614321	21.8236	5.79479	0.897711	22.2636	
8.52864	0.540371	28.8023	6.24202	0.744211	14.9999	3.90368	1.68862	12.7209	4.37085	1.82969	17.526	0.224664	1.51388	0.52075	6.87579	1.09363	21.1337	5.62336	0.929811	23.1111	6.75305	1.5842	26.529	3.26428	1.97843	9.60587	4.62552	0.855171	17.1443	2.66193	1.14453	10.4196	2.93871	1.1341	12.8188	4.43331	1.04127	21.5884	4.43441	0.538612	19.9882	4.08234	0.761136	18.0686	5.14374	1.34669	23.8718	3.95234	0.906581	11.0297	6.13652	1.44474	16.4202	
6.34546	1.33616	18.0865	3.31393	1.73041	14.67	2.33674	1.84587	10.8541	5.70528	0.703764	14.1129	3.5153	1.42263	15.4189	4.29313	1.43895	14.9026	8.07804	0.688768	20.7331	4.23851	1.58635	20.3306	6.27609	1.9984	16.3183	1.87273	0.782879	9.34768	5.29578	1.03859	15.8011	6.23069	1.0386	23.1121	0.90589	1.23238	2.58531	1.29036	1.3341	5.77185	5.23061	1.84142	16.4979	2.94057	1.95756	11.0055	0.798674	1.99039	2.02218	3.11333	0.582629	6.85789	
9.5277	0.931777	38.1757	6.54568	1.0278	16.5911	1.48335	1.57696	4.14865	2.48502	0.856067	9.86156	3.18295	1.34197	15.2522	4.22257	1.98187	16.5018	8.72185	1.72672	42.9241	4.07155	1.07462	11.5784	3.82794	0.802567	13.6731	5.05125	1.24285	14.5743	5.74176	1.94712	27.9712	4.09971	1.96444	13.3069	3.41013	1.3299	9.47806	2.96833	1.03228	14.303	6.79082	1.45775	23.0631	6.03018	1.63364	25.7265	2.83089	0.851623	11.1502	6.34238	1.57596	29.2692	
3.73375	0.833807	17.1745	3.83933	1.36839	8.80088	7.29289	1.1597	26.6906	9.72419	0.527955	20.159	5.41452	0.766977	22.8365	9.26685	1.23191	25.0023	5.41278	0.526914	25.9424	9.23861	1.07442	38.9216	8.85005	1.36609	28.1529	3.62052	1.12708	8.9948	4.46726	1.27136	20.5898	8.40347	1.06837	36.2848	5.76496	0.787635	14.3992	6.32845	1.19148	25.7415	2.44715	0.967443	7.73614	2.67363	1.92647	12.0787	5.88637	1.43119	11.7808	3.99923	1.31958	14.4544	


# This instance was randomly generated with the following parameters: 
# SIGMA_MIN=0.5
# SIGMA_MAX=2
# CAPACITY_OVER_DEMAND=3