9	18
174.942	1257.86	145.809
46.3293	1044.65	102.488
89.9991	1255.89	146.914
106.497	1108.88	121.825
173.691	480.4	21.7725
90.7602	826.998	67.0604
90.3469	993.427	84.1799
48.3421	1100.7	120.52
150.253	1045.13	99.9981
5.76897
1.34317
3.95957
10.3668
0.837631
0.885212
1.21388
8.80031
9.0715
1.90203
2.27638
1.10873
3.69283
11.5638
0.951697
9.2926
11.8048
6.21686
7.08064	0.815626	27.5246	5.50043	0.354306	23.8178	1.95283	0.911195	6.787	1.41521	0.919535	5.33736	6.4195	0.639438	18.1027	1.58965	0.248954	6.82876	10.2927	0.987719	40.0231	6.66407	0.717326	22.6577	2.61684	0.152192	8.99296	8.21865	0.961197	32.0348	6.74042	0.158269	33.159	7.63361	0.112311	32.2685	3.01344	0.928997	11.3178	6.33441	0.508408	17.0778	10.4717	0.365205	25.8953	6.63385	0.54758	25.897	2.80238	0.67509	11.1814	10.1351	0.890579	39.3782	
9.6238	0.690263	42.1094	6.87993	0.423694	23.7062	0.782481	0.627875	3.73917	3.93536	0.253619	17.5856	6.82991	0.450525	14.3391	4.21715	0.654717	20.8204	12.2595	0.306196	57.3806	9.29518	0.910277	32.4672	2.0378	0.324942	7.80734	8.51603	0.117836	17.3784	7.27849	0.520469	21.0289	7.92512	0.719457	29.0412	5.26715	0.452473	13.0905	8.86789	0.355209	41.0159	12.5518	0.135678	30.1575	6.90787	0.121606	32.6533	5.2459	0.583986	12.638	12.1161	0.404664	52.5745	
9.71702	0.615987	35.2038	1.51957	0.573191	7.21478	6.00757	0.422003	26.9292	5.94666	0.755256	25.5562	1.38879	0.43999	5.01124	5.15132	0.82421	24.9471	7.06088	0.550026	34.1173	7.87291	0.461183	37.8649	4.01533	0.267446	8.45501	3.10116	0.807771	8.67093	1.55865	0.523246	4.1286	2.56107	0.76685	9.37591	3.65909	0.381214	13.1228	9.16377	0.807993	21.4831	7.58528	0.525324	26.9859	1.72892	0.701214	8.19945	6.92834	0.695097	27.5462	6.95899	0.392361	21.0632	
9.21212	0.496399	22.7357	3.01056	0.925234	9.48551	4.02167	0.634662	16.1131	4.51018	0.210254	10.089	2.97149	0.74722	9.20123	3.90161	0.797316	15.3546	8.64204	0.263363	40.0479	7.82718	0.668313	29.0493	2.02742	0.867549	8.03588	4.75938	0.785372	11.9942	3.35375	0.972735	13.8026	4.16671	0.171575	8.54228	3.12768	0.263416	13.3167	8.56231	0.517907	34.6104	9.0634	0.482751	37.6056	3.15131	0.912477	8.34662	5.7135	0.177436	11.7824	8.51855	0.279283	18.0568	
3.3108	0.176931	7.5849	5.80097	0.405655	20.0275	8.10528	0.579528	28.9632	5.12721	0.929382	20.7357	8.2848	0.931127	31.4807	4.56616	0.827716	21.5855	6.45435	0.654981	29.0704	0.893453	0.391765	2.16294	7.92479	0.871352	26.2956	9.59916	0.723914	28.3099	8.20456	0.684088	31.7326	9.22829	0.650848	23.5871	3.94864	0.246289	15.724	3.13892	0.31837	12.8465	6.17928	0.591121	13.3159	8.65964	0.882314	18.7756	4.42007	0.450616	21.1703	6.28027	0.333548	28.5531	
2.04804	0.338544	8.8319	7.53885	0.261428	36.9951	9.18463	0.919676	38.8433	6.03814	0.390622	20.0804	10.0148	0.373038	36.599	5.69221	0.848244	11.9732	7.62717	0.617617	31.1663	0.846158	0.260797	3.74379	9.31462	0.434922	23.4468	11.337	0.429846	37.0759	9.94147	0.508511	29.6357	10.9665	0.671823	22.5572	5.49683	0.506823	18.3224	2.26883	0.554575	9.90866	7.211	0.47971	16.2869	10.3884	0.496018	44.2145	5.00214	0.490117	19.8853	7.4607	0.488071	26.1201	
1.58072	0.570313	7.21548	7.75892	0.737917	21.8398	7.28023	0.785725	21.1701	4.12584	0.751637	14.6839	9.94115	0.732385	36.5213	4.1646	0.560406	17.215	9.53205	0.717804	43.65	2.72802	0.765694	10.8358	7.95879	0.800493	36.227	11.526	0.785391	38.6616	10.0068	0.512811	22.5601	11.0552	0.845694	46.6081	4.91332	0.618295	21.3912	0.822329	0.980862	2.41632	9.27268	0.158508	20.1531	10.2835	0.249464	41.2546	2.81079	0.32131	7.1781	9.35709	0.548478	31.2995	
8.30372	0.452419	19.8857	6.70112	0.187456	24.0601	0.598016	0.623546	2.56658	2.66379	0.206268	5.72465	7.15699	0.866087	27.5695	3.11693	0.213991	10.4103	11.7608	0.266946	26.1988	8.14367	0.794782	16.3386	2.55721	0.658389	7.02072	8.92506	0.19229	38.5945	7.55039	0.214518	22.7238	8.32908	0.874219	25.5846	4.52893	0.446535	9.48718	7.54524	0.722867	36.6464	11.9739	0.571677	27.0649	7.30339	0.487588	17.7572	3.91316	0.209551	18.3508	11.6072	0.347213	51.0092	
3.61695	0.664518	12.065	5.3555	0.818511	22.3367	5.9735	0.218817	14.5076	2.92492	0.172115	12.3073	7.53926	0.374707	17.7609	2.445	0.924251	6.0182	7.85372	0.93584	21.8013	2.63517	0.415933	10.0429	6.07858	0.662653	18.4449	9.11416	0.624743	40.6941	7.59614	0.223358	32.6847	8.64489	0.728834	41.7303	2.54972	0.6521	6.21058	3.01385	0.762032	8.18324	7.75848	0.9332	15.8444	7.88594	0.824972	34.008	2.30288	0.413821	8.14584	7.67868	0.435972	30.2723	


# This instance was randomly generated with the following parameters: 
# SIGMA_MIN=0.1
# SIGMA_MAX=1
# CAPACITY_OVER_DEMAND=10