8	16
148.141	890.041	73.8852
119.107	1025.27	94.47
137.416	1135.91	118.379
61.655	781.293	59.4926
22.6501	943.194	76.7207
0.3124	1252.65	137.081
86.5582	828.224	66.301
69.0903	1238.02	148.846
6.69373
15.8813
9.26523
1.57635
0.922058
11.883
13.3538
6.47212
13.2249
10.9665
6.44544
8.00992
14.3479
9.33774
13.8683
12.7868
7.82751	2.13636	34.0507	3.73706	1.12953	16.1404	5.76006	3.72467	21.9674	6.41545	1.52877	29.9473	9.16663	2.72762	21.7043	5.28258	2.74833	11.0549	3.76393	2.15545	16.9971	2.49264	1.92672	10.5497	6.37397	3.61538	30.9907	7.43505	1.47073	32.1836	6.4018	1.57348	13.1414	4.90931	3.53784	19.246	8.97647	3.01036	42.49	7.66642	1.073	34.2365	9.36374	1.7068	28.9363	7.69113	2.70534	21.9095	
4.25701	3.72026	9.45137	4.12501	2.90739	19.5836	0.893799	1.40893	2.79932	3.98538	2.93791	10.5671	4.97941	3.52742	15.911	1.42621	2.93858	3.86028	3.642	1.37079	7.44529	3.82001	3.06182	10.493	2.47498	2.77493	7.35474	3.11158	1.273	8.73948	1.55225	3.88126	5.81773	0.494462	3.7718	1.93473	4.42659	3.0305	10.7477	2.58076	3.04259	8.5479	5.44677	3.39418	19.7414	4.23528	3.76948	18.0638	
4.22218	1.58789	20.4079	7.87683	3.48259	33.8301	4.16298	2.94864	20.5075	6.96486	2.52135	24.9604	3.1128	2.35975	11.8864	5.3734	2.2179	24.3188	8.1347	2.16548	30.6691	8.62691	3.13265	25.2182	5.16543	2.49502	21.343	3.1756	3.23991	9.55959	4.03357	3.27099	16.8911	5.1954	2.40902	15.8694	4.01899	3.13481	17.2453	2.44974	1.27477	11.9082	5.69383	3.64735	13.3051	4.39878	1.32875	21.1476	
4.62965	1.28479	16.7139	3.03754	2.93354	11.0181	6.18955	2.904	19.0849	10.261	1.50205	31.5481	6.13784	1.24873	20.7421	7.81208	1.2406	16.8431	8.68924	1.58205	37.3887	7.85921	1.26659	26.3318	8.94559	2.05187	28.5172	5.63944	1.45212	19.7181	7.83687	1.43381	32.5853	6.82674	2.64628	19.4939	10.559	3.17604	43.2075	7.85265	2.22482	26.3372	11.8375	3.07485	36.8372	4.43599	2.29335	15.9544	
4.11311	3.67023	12.7653	6.85857	2.59596	33.6341	2.80379	1.82514	12.1858	5.40251	1.02087	19.0696	3.58753	1.55561	14.7689	3.75689	2.82798	15.4936	6.51695	1.58635	30.7366	7.05188	3.64529	28.9959	3.56598	1.6234	7.51044	2.70377	2.68983	12.1644	2.41284	3.30325	7.58998	3.65519	2.0156	12.3249	2.93217	2.80248	7.87177	0.85147	3.49822	3.20966	4.60384	2.41308	15.1637	4.24374	1.25894	12.751	
4.44553	1.36679	15.6204	8.10455	2.85729	29.7062	4.36223	1.9749	17.6584	7.03887	3.56548	23.874	3.30667	1.58897	16.045	5.51495	3.97897	14.7234	8.27501	3.62363	28.9521	8.79145	1.36145	24.0126	5.26151	3.17073	12.664	3.4082	2.28072	8.72659	4.17073	3.78172	16.6181	5.36816	2.17306	18.3665	3.99713	2.34843	13.9708	2.59854	2.22861	7.32444	5.65877	2.87788	17.1679	4.62336	1.57112	17.1581	
7.04946	1.78035	28.0181	4.17745	3.56567	10.6313	4.23252	1.29836	19.0698	4.20952	2.24258	8.90877	8.12972	2.40001	19.0735	3.202	3.15513	11.1175	1.68674	2.53348	3.83187	0.654818	3.81207	2.42051	4.20122	1.92931	11.8385	6.27217	1.80631	27.3928	4.44794	2.25453	14.6798	3.07948	2.93158	12.6124	6.83299	3.14106	29.2179	5.88058	3.99268	25.0878	7.14062	1.21065	24.6572	6.9588	2.03883	30.4615	
0.881783	3.37598	4.2321	5.50437	1.82096	13.2554	4.0575	1.67263	11.023	8.5995	2.62063	24.0956	0.892506	2.26698	3.54798	6.18222	1.34484	17.9512	8.51489	1.60321	41.1253	8.42379	2.11651	20.5613	6.75367	1.59016	19.6267	1.87791	3.52394	6.64164	5.29499	3.77673	22.2928	5.40568	3.31798	19.587	7.0505	3.59039	32.8709	4.2671	1.22867	8.7343	8.67789	2.36992	25.7725	1.0466	1.07943	3.2072	


# This instance was randomly generated with the following parameters: 
# SIGMA_MIN=1
# SIGMA_MAX=4
# CAPACITY_OVER_DEMAND=5