12	24
81.343	432.759	16.7144
58.7383	545.983	25.8986
1.27517	850.046	68.0618
124.946	580.968	29.9687
153.931	1350.36	152.42
155.579	932.87	75.6188
43.6323	1287.36	157.031
78.9333	616.686	31.7946
91.9481	509.939	22.1775
30.1309	428.962	16.5683
150.598	1275.05	135.549
152.168	1144.97	130.547
20.666
25.057
31.9812
6.41384
34.1615
38.8587
36.9879
4.78637
28.9047
6.30867
2.37095
32.3607
43.6964
23.2381
43.5246
15.4068
23.0096
23.6308
38.0507
17.0983
39.5742
16.9058
19.7692
2.13793
5.3124	1.93971	17.5563	6.60034	1.72608	30.2592	8.64563	0.837271	42.9889	2.72683	0.662218	7.19322	1.96932	1.67082	8.5799	6.86626	1.08498	24.5703	1.71119	1.09063	3.75031	10.8359	0.532452	53.3474	10.2559	1.28691	37.9632	8.13244	1.87768	31.9663	6.69225	0.65834	25.9576	4.41907	0.582684	16.8575	3.87017	0.540477	15.1603	3.49834	1.63075	8.11978	6.07404	0.940883	26.647	3.88546	1.08184	18.2026	3.80322	1.89387	17.2485	3.67542	1.09584	17.2189	3.40052	1.46003	11.4264	5.49758	1.42775	22.4718	4.57449	1.9021	22.2443	2.78378	0.830484	11.4993	4.03535	0.569882	14.3742	7.51537	1.22121	19.2913	
3.77465	1.95455	14.3973	6.10399	0.991419	18.6691	7.38935	1.03906	15.0784	4.93483	1.97567	15.2699	1.83886	1.97616	5.36727	3.8162	1.90816	17.0256	3.91752	1.5032	7.9584	7.63098	0.978345	34.22	8.27601	0.562794	21.8199	6.59367	1.67069	14.7214	4.03133	1.75589	9.48914	1.27975	1.75714	4.85349	5.87016	1.68713	29.1756	4.35059	0.507945	18.7987	2.8722	0.796349	7.04736	6.09446	1.1683	18.7139	3.94894	0.544054	8.42796	1.26236	0.752486	3.13923	0.909476	1.24725	1.86872	5.81286	0.506568	14.9479	5.22473	0.938576	21.0487	1.92142	1.24439	7.2213	2.34765	1.49341	9.20592	5.2738	1.65187	12.4122	
10.492	1.89609	25.6725	5.19208	1.35995	20.0796	3.28508	0.830005	11.4939	9.45979	1.42876	44.4352	7.8501	0.50383	34.168	7.63173	1.55528	21.6666	9.17435	1.01088	28.3303	6.31347	1.49591	13.9306	1.29453	1.84985	5.73268	2.66391	1.25586	5.82159	3.55847	0.663865	7.28325	6.44429	1.28274	15.1237	9.51041	1.14434	36.1866	7.64252	1.05893	19.5488	5.94762	1.86018	22.5324	9.93979	1.53345	29.8106	6.80434	1.10332	18.9812	6.40636	1.57998	16.1861	6.77452	1.71792	28.9508	6.75374	1.61596	18.1623	7.30918	1.04503	18.7078	7.02199	0.638223	34.0242	5.77385	1.19088	22.6163	2.29941	0.65912	7.65279	
7.78897	0.776864	26.2767	3.83569	0.767603	8.50237	6.17605	1.13555	24.1047	1.30074	0.900763	5.73376	2.63342	1.63093	10.3644	8.08932	1.13381	29.7331	1.52756	0.962858	3.95754	11.0478	1.55039	28.4683	8.26348	0.921466	24.4317	5.93607	1.35219	21.1936	5.94358	1.36084	20.0915	5.03423	1.07258	10.3643	1.61073	1.8067	7.98457	0.546431	1.3688	2.19999	6.60815	0.811451	24.3815	1.96571	1.09353	4.90901	1.3696	1.46336	4.5256	3.8506	0.72023	10.3702	3.87251	1.374	17.3441	2.44231	1.4901	11.4954	1.47932	0.97837	6.27053	2.58952	1.77945	7.30479	3.26711	1.8149	9.82188	6.09551	1.70371	30.1196	
5.15092	0.849311	19.7143	6.25357	0.872977	30.7044	6.4848	1.70109	14.2487	7.29372	1.45567	28.3393	4.3952	1.25322	9.73642	2.53745	1.35943	11.3783	6.45488	0.500557	26.9865	4.77257	1.72399	22.323	6.42234	1.58615	20.8649	5.50508	0.859265	11.6106	1.97773	1.91471	6.64155	1.72813	1.28511	7.39603	7.98153	0.707174	19.8457	6.08283	0.755627	19.0445	0.607767	0.560538	1.92791	8.30524	1.40638	35.7209	5.34556	1.05788	15.529	2.63766	0.969171	9.52041	2.79742	1.98093	6.40039	6.75618	0.985878	17.5706	6.57134	1.70649	15.2742	3.91565	1.00847	10.3117	3.15266	1.71909	12.0819	3.54761	0.554613	16.4455	
10.9713	0.709941	33.5363	4.20711	1.27052	20.3458	2.01827	0.652342	6.1605	8.87474	0.669621	39.6692	7.6957	1.36439	25.7687	8.42101	1.35157	22.4545	8.74003	1.35209	19.8953	7.59977	1.65752	33.2763	0.689362	0.719279	1.86289	1.67527	1.01978	3.61999	4.03599	0.748015	8.89152	6.7659	1.93	25.301	8.77597	1.65803	42.152	7.03059	0.951747	31.09	6.59749	1.69284	18.4956	9.20974	1.7985	20.5452	6.24676	1.38994	15.1068	6.48263	1.65798	27.3999	6.86024	0.954407	26.016	5.85531	1.89426	17.8148	6.53245	1.81583	22.3869	6.85413	1.88718	19.1616	5.65843	0.682808	26.6908	2.49618	1.68562	7.2568	
8.69419	1.78654	33.5353	4.14399	0.661597	11.0125	6.57822	0.551136	16.7001	1.16792	0.827032	2.63981	3.61554	1.09851	13.5056	9.12811	1.43307	45.1478	2.03887	1.09899	7.48926	12.0531	0.861009	41.5571	8.83788	1.72397	36.3872	6.484	1.49054	31.0796	6.88513	0.69901	15.1424	6.07688	1.2481	24.094	0.648071	0.533379	2.54252	1.36571	0.933175	5.62185	7.64825	1.89391	26.9652	1.07096	1.48704	3.65588	2.21978	0.939982	5.0476	4.89351	1.0509	22.9336	4.91241	1.48425	21.1521	2.52276	0.826084	11.0163	1.64555	1.94573	3.90958	3.63002	1.67224	8.12504	4.27853	1.70073	13.1954	6.90076	0.54118	26.0712	
8.20069	1.80782	36.534	4.12288	0.985798	14.4493	6.52221	1.54141	24.146	0.958388	1.19162	3.37344	3.11473	1.67001	14.2189	8.64174	0.555262	42.8026	1.61604	0.840796	5.60103	11.6366	0.554453	23.3296	8.69663	1.60474	21.2466	6.35258	1.39533	23.5016	6.52072	1.86277	17.3443	5.59985	1.22733	12.2236	1.02224	0.642895	4.6057	1.03068	0.785638	2.67088	7.18715	0.933106	27.247	1.38196	1.39985	3.43048	1.89862	1.2806	4.72695	4.42231	1.33953	17.9578	4.42896	1.46897	9.35054	2.58857	0.834245	9.41802	1.63852	1.08725	7.11181	3.14876	1.05306	12.7897	3.85598	0.933876	11.4278	6.62587	1.6199	30.0152	
3.08462	1.74537	14.0989	8.356	1.39305	17.2925	8.87927	1.59785	38.1931	8.11504	1.88243	37.5544	5.01614	1.84365	12.7805	0.703779	1.39238	2.00185	7.09374	1.73734	34.0599	5.24779	1.23232	12.9708	8.84909	1.63462	25.6387	7.91568	1.21614	25.576	4.42454	1.77345	8.86552	2.5933	1.89167	10.9513	9.0292	1.65547	34.0741	7.38302	0.792174	26.5923	1.84082	1.18581	8.94995	9.26799	1.09795	45.9097	6.82661	1.95353	15.2651	3.76617	1.57173	14.5879	3.6609	1.00911	11.954	8.52985	1.56945	20.2622	8.12323	1.83144	32.4128	4.93755	1.01011	18.0965	4.74979	1.66416	9.63087	5.99469	1.92817	23.1891	
6.26415	1.84203	20.4204	4.84372	1.46211	21.1681	5.03114	0.803136	22.2195	6.62189	1.14411	28.0164	4.09672	0.556572	15.9116	4.00331	0.888528	12.9163	5.94528	0.654343	15.2917	5.55071	0.511312	21.1842	5.21142	0.679472	14.2936	4.06286	0.924273	10.5687	0.752398	1.82096	3.19308	2.14359	0.902873	6.62466	7.14095	1.4782	31.1669	5.16106	0.839605	10.8413	2.05177	1.74178	5.31332	7.50614	0.590928	34.1678	4.34273	0.648158	19.5294	2.36124	1.11752	9.78662	2.67938	1.05366	7.93391	5.51073	0.750752	20.0119	5.46537	1.31958	26.8805	3.40383	0.527561	15.9051	2.30357	1.50285	7.65862	2.21516	0.755485	8.26646	
8.81156	1.0079	32.4788	4.29505	1.69334	9.76847	6.73426	1.13818	22.5148	1.15911	1.09238	2.57922	3.7625	0.734295	11.6669	9.29716	0.611561	20.4416	2.10631	0.807071	7.51115	12.2451	1.28707	41.6633	9.0106	0.92858	35.1763	6.65596	0.962724	19.104	7.08037	1.74279	21.0328	6.25183	0.877458	25.9105	0.457764	1.1727	1.25372	1.56059	1.6396	5.37636	7.8302	1.20651	29.7882	0.886729	1.084	2.36966	2.41511	1.01383	7.68968	5.07116	1.11272	10.7896	5.08342	0.612527	15.5869	2.65739	1.92762	9.76276	1.8063	1.70255	3.70638	3.80224	1.41564	8.14657	4.46891	1.27057	9.04242	7.09259	1.82619	30.4443	
5.83643	0.636862	17.9486	5.72459	1.21264	20.2847	5.8044	0.991353	23.5684	7.25047	1.43722	19.2125	4.51447	1.28206	11.5386	3.22403	0.640693	13.5992	6.4908	1.49251	31.3173	4.80876	1.49241	22.832	5.70211	1.99954	21.2645	4.81682	0.607388	9.91277	1.26459	0.636709	5.29522	2.08816	1.65807	4.32228	7.84891	0.70014	35.2138	5.89645	1.98955	19.2674	1.32857	0.510763	3.68689	8.1968	1.79736	17.1943	5.10803	1.741	24.9492	2.72271	0.617806	6.8437	2.96417	0.716373	8.03667	6.36715	1.38415	16.733	6.27617	0.96289	30.4322	3.92333	1.78028	16.6547	2.972	1.26326	6.29955	2.8313	1.65442	9.1957	


# This instance was randomly generated with the following parameters: 
# SIGMA_MIN=0.5
# SIGMA_MAX=2
# CAPACITY_OVER_DEMAND=1.5