6	12
123.78	394.075	13.4206
23.0909	1065.22	107.99
49.7587	1005.05	97.4732
72.2129	449.169	20.0786
109.377	1166.97	127.721
138.795	484.283	22.7636
12.6257
21.4289
5.5442
15.2371
30.128
17.6396
35.3693
30.7528
34.5839
35.5573
20.3767
0.387304
7.13168	1.12759	29.043	2.23844	0.72932	8.82293	6.64885	0.580255	26.7594	2.57779	1.5742	11.6698	3.28496	0.739032	7.39229	4.11788	1.02382	18.2434	1.34643	1.31823	5.01806	4.30152	1.67186	19.6711	7.4276	0.645875	15.6471	4.14126	1.30511	12.1459	3.83782	0.948026	9.73245	7.25069	1.26767	23.8978	
3.46944	1.42873	11.0154	7.0868	0.888937	22.5791	1.96411	1.97821	9.73346	4.22714	0.7401	14.164	5.06703	0.919612	11.832	8.96911	0.958675	25.0158	6.72798	1.10393	22.7299	8.3017	0.697999	18.4043	4.40599	1.44771	10.7502	6.04886	1.79276	12.5164	4.39871	1.71611	16.9107	1.49256	1.9412	7.01558	
2.71894	1.18921	9.78778	6.96367	1.71884	16.8322	1.2503	1.80478	5.56616	4.6293	0.79585	14.5997	4.72594	1.83516	14.4685	8.77998	1.23471	43.6563	6.92897	0.613339	22.2089	8.00916	1.51551	23.1641	3.65283	1.8794	8.60042	5.62576	1.02184	24.3942	3.97971	1.11088	13.5593	1.598	0.877108	7.86147	
1.9898	1.03074	4.81472	6.29086	0.824525	17.1003	3.26002	1.39232	7.97769	6.93666	1.17987	21.1216	3.53752	1.38714	16.0046	7.43721	1.98934	18.8099	7.91278	0.631046	19.508	6.18579	1.45032	19.9012	1.34418	0.520724	3.40531	3.53051	1.45468	10.5908	2.76509	0.767994	6.60149	5.25166	1.80846	15.4551	
9.35462	1.36791	29.7469	2.40153	1.72411	7.83175	9.58124	0.533258	39.4436	7.04525	0.636059	14.3044	4.70193	1.09136	19.9822	0.472593	1.53475	1.31052	4.76986	0.616851	22.5833	1.79865	1.32954	4.29627	9.16223	1.39008	19.4816	4.35827	1.38434	14.7279	5.58796	1.31991	20.2885	10.8233	1.87567	27.9314	
4.68637	1.62086	18.9537	7.68833	1.86136	32.4614	6.18055	1.86541	25.7718	9.63716	1.34505	22.2696	5.40977	1.58067	22.2304	8.13336	1.22885	32.1706	10.0116	1.99286	25.0499	6.71013	1.66385	14.0416	3.70789	1.33122	14.7072	4.72029	1.15499	17.9913	4.99517	0.850128	12.9784	8.17429	1.49406	25.8183	


# This instance was randomly generated with the following parameters: 
# SIGMA_MIN=0.5
# SIGMA_MAX=2
# CAPACITY_OVER_DEMAND=1.5