6	12
107.632	1041.13	107.907
25.0176	1175.75	131.024
45.3998	609.259	33.8548
169.571	683.892	44.4869
149.969	828.731	60.5116
22.7594	1159.71	124.949
23.7821
7.02479
24.4241
21.1911
17.2038
0.484428
3.88469
13.6713
2.85669
24.6818
22.0445
6.32854
7.02977	3.48469	31.8192	3.00495	3.7043	7.39092	2.75625	1.85834	7.12093	6.46365	2.8143	18.9734	1.56622	2.73767	6.20705	2.93486	3.61085	11.5863	3.87631	2.7532	9.52353	2.93985	2.57199	8.02933	2.55578	3.33793	7.7945	3.37505	2.31085	16.0724	2.23082	3.14868	8.39166	5.23592	1.30075	24.2423	
9.78161	1.6856	33.373	5.86585	3.48839	21.22	6.46569	2.85667	13.6954	8.88617	1.66008	29.5687	6.34675	2.23474	29.6029	4.82969	3.4512	15.172	6.16276	1.1895	22.9128	5.61281	2.24446	25.5591	3.83105	2.82944	15.4676	6.58689	1.6813	27.2815	6.59409	1.10386	32.1982	1.73442	3.2086	4.42281	
2.2495	2.51356	6.18689	9.11876	1.71139	26.7888	3.56521	1.44909	11.8992	1.32086	2.12235	6.40272	7.57457	2.82429	18.5369	3.59658	2.93334	14.2684	9.96658	3.6781	35.9306	3.24293	3.50798	11.3386	7.93503	3.907	31.3384	9.52566	1.28228	19.2598	4.32472	2.94623	21.3237	6.28586	3.3489	14.4005	
11.2921	1.64781	37.036	2.09645	2.77936	5.44672	7.03862	1.01462	24.5242	10.6231	1.0578	28.5471	3.94856	3.89501	9.05061	6.45413	1.70849	28.1781	1.72519	1.20609	5.43975	6.86373	2.73773	27.7027	2.10911	1.73928	4.25244	2.59581	2.85696	5.60917	6.61123	3.84056	29.0343	6.07038	1.97734	17.3706	
7.83288	1.94329	19.0753	2.76518	1.53715	9.8087	3.8611	1.37459	10.7731	7.4542	2.72339	28.1814	0.825315	2.28554	3.62755	4.64009	2.45531	11.9426	3.56006	1.58972	9.23612	4.43472	1.0627	10.8475	3.58541	3.7552	9.00944	2.70221	1.77703	12.5141	3.11217	2.39306	11.3767	7.07557	1.22161	30.6717	
8.26982	3.56316	22.6603	2.16629	3.88699	7.66839	4.18195	3.19914	19.107	7.84395	2.33271	19.3843	0.345977	2.79676	1.04747	4.74377	1.87249	11.9906	2.96787	2.69043	12.1336	4.63726	1.40272	14.8483	3.10767	1.25637	13.2077	2.13328	1.95315	6.80848	3.46929	1.74491	15.0151	6.86745	2.63925	15.5674	


# This instance was randomly generated with the following parameters: 
# SIGMA_MIN=1
# SIGMA_MAX=4
# CAPACITY_OVER_DEMAND=3