12	24
20.7989	530.103	27.9826
160.079	1235.44	141.191
9.29716	1083.26	112.314
29.2988	1254.95	152.114
117.266	783.557	52.5482
51.5715	712.436	44.68
165.303	535.536	24.5741
54.6322	1028.75	88.2365
170.834	1170.01	121.829
63.7291	448.918	16.8029
95.3075	1044.5	93.5174
154.668	763.219	49.3951
1.69153
3.15531
0.957723
0.890192
5.73259
4.66634
3.68392
5.62953
5.31789
7.6139
2.33206
1.2627
4.9661
4.78677
4.15018
1.76998
6.83656
4.80459
3.69316
1.79978
4.17422
3.1346
3.67601
5.79299
1.91032	1.03821	8.68152	1.08988	1.24004	4.68268	3.74324	1.22685	18.6345	7.13014	1.22103	28.6228	7.04874	1.97298	29.054	5.63967	1.94025	11.9745	9.49887	0.860715	44.7334	5.60302	1.36173	11.7991	8.81044	1.38269	28.1446	7.85015	0.807938	25.6551	7.63407	1.96012	19.1734	10.0558	1.66284	34.9342	6.9032	1.35175	14.3035	7.96225	1.52657	21.7393	7.09559	1.16612	18.5238	5.81673	0.906979	18.9675	3.27889	0.761442	12.0123	9.38019	0.939828	30.9413	4.80828	1.8542	20.5057	4.77282	1.55488	18.9901	3.5027	1.82226	11.379	4.01638	0.717973	12.7792	9.24015	1.33965	31.8749	9.19051	1.05867	44.6574	
9.03981	0.765248	41.0452	10.0755	1.27563	24.6616	5.85115	1.77807	28.344	5.22193	0.85533	12.1067	2.52643	1.79536	11.9214	7.52172	1.02063	28.2221	4.37783	0.55504	14.1188	4.2333	1.98953	12.9691	2.09704	1.5202	4.48362	6.78323	0.559234	33.1664	2.38141	1.09631	11.7179	7.51997	1.30609	20.0117	8.25302	1.05602	38.3358	2.37975	0.697452	7.49459	3.61764	1.0778	16.4969	4.08502	1.10428	11.461	6.30772	1.7863	18.5587	5.41712	0.613433	12.2944	7.70225	0.533654	33.7615	5.914	1.66316	25.5619	7.10797	0.80015	31.2609	11.3578	0.987807	34.9242	7.37429	0.771628	31.9821	1.17383	1.59326	4.02003	
8.12966	1.68509	40.6179	9.41597	1.20254	24.4378	6.00904	0.674938	14.9079	2.84963	0.724063	11.352	3.37928	1.76773	13.8956	9.09827	1.79985	31.169	1.26711	0.941264	4.99519	5.24998	1.41456	11.2024	1.14578	1.70141	3.30499	4.01542	0.651269	11.4255	4.40111	1.15226	8.96037	4.41778	0.617284	11.665	5.76214	1.64004	22.7256	1.69834	0.921842	4.54177	5.61437	1.47618	22.698	3.532	1.62905	14.0854	6.36181	1.11551	27.8121	2.31501	0.982661	11.4213	9.00009	0.710643	21.1198	7.0598	1.03405	21.6537	7.85523	0.673701	19.2351	9.89144	1.82495	27.4469	4.34264	1.13533	21.4284	1.95316	1.08657	6.49355	
6.31342	1.50966	17.5772	7.49259	1.53142	35.9822	3.77623	1.5098	10.0412	2.48678	1.85132	6.54605	1.46911	0.689225	5.26361	6.93821	0.880336	28.4093	3.07506	0.718115	9.02398	3.0727	0.571782	12.8904	1.6233	1.75974	5.79802	4.19752	0.934641	8.73307	2.82537	1.12213	10.7187	5.55948	0.737924	19.6313	5.39556	1.61888	19.1266	0.784354	1.95878	2.10822	3.79868	1.96459	17.3625	1.37076	1.52772	4.52958	4.15215	0.967562	12.3223	3.68248	1.4213	13.2289	6.78319	0.90871	24.8121	4.84617	1.85289	10.0339	5.59832	0.587845	15.2251	8.44956	0.942668	27.1853	5.14799	1.64345	25.2267	2.1576	0.655817	10.4931	
6.26297	0.973801	28.3954	7.63003	0.600646	26.8797	5.09828	1.74993	10.8282	0.586005	1.57729	2.40826	3.85406	1.0408	18.608	8.89402	1.5301	20.918	1.9299	1.96556	9.31188	5.14509	1.62259	25.608	2.86866	1.2766	10.7516	1.87812	0.690782	4.36066	5.22143	1.8033	14.3192	3.24124	1.77036	9.35298	3.45524	1.56636	8.43816	2.61178	1.65421	7.86782	6.14823	1.73072	17.688	2.81639	0.867069	10.2879	5.31517	0.931513	16.5178	1.7539	1.32056	7.4155	8.58451	1.85689	31.0703	6.72589	1.21286	16.4636	7.12902	1.0283	35.5933	7.70623	1.3096	32.9597	2.75921	1.90404	6.24699	3.78852	0.92198	9.66183	
4.92279	1.47306	22.439	6.3239	0.549605	22.4331	4.88184	0.72632	19.6479	1.32664	0.935804	4.83018	4.88973	1.7963	18.3028	8.97434	1.04128	40.3513	3.65882	1.99133	8.80504	5.59929	1.2633	26.779	4.56582	1.99904	18.4074	1.29858	0.692023	2.86718	6.27936	1.81496	23.9464	3.49846	0.546274	10.4508	1.77529	0.632748	6.26211	4.11056	0.844401	18.5897	6.94572	1.91499	23.5294	3.3086	1.52102	12.2675	4.93974	1.12102	14.2648	3.08312	0.8547	11.6294	8.50892	1.07345	38.0906	6.83742	1.39632	31.9564	6.87805	1.97098	17.0686	5.98158	1.73235	24.7133	2.70978	0.977026	8.54272	5.44173	1.51364	25.2194	
4.40636	1.1108	13.7949	4.72519	0.936355	18.7543	1.40314	0.663804	4.0295	6.0786	1.59764	25.8235	4.01236	1.88506	18.9732	2.74604	1.89193	6.05565	7.78903	1.66365	26.3863	2.12364	1.38639	8.06253	6.2672	1.25583	15.676	7.49879	0.642179	36.4828	4.11609	1.18729	13.9546	9.52469	1.17759	25.4229	7.50339	0.577528	31.9935	5.44986	0.93451	17.3009	3.33658	0.934399	11.6929	3.68405	1.82789	8.76241	1.4546	1.87128	6.18214	8.1176	0.997687	28.5518	2.22472	1.48531	7.85735	0.977685	1.10381	3.0643	0.786946	0.566197	2.47749	7.17178	1.88589	33.0649	8.8519	0.615979	19.9918	6.32105	1.96354	15.897	
6.21069	1.17486	22.5474	7.38242	1.76637	15.9577	3.65079	0.878259	7.42059	2.50961	1.2579	8.96414	1.40726	1.58788	5.79838	6.82615	1.37822	28.2254	3.18611	1.57535	14.6489	2.96168	1.49924	6.57932	1.74077	1.03374	8.24044	4.2277	0.894745	18.0207	2.78017	0.719264	7.86095	5.63031	1.61545	17.8326	5.38623	1.91172	13.3216	0.895605	0.872181	3.22418	3.72422	1.24826	9.5319	1.25337	0.670464	3.73929	4.02753	0.628198	9.49933	3.77363	1.12479	8.59409	6.66507	1.74347	18.7926	4.729	1.50025	16.4313	5.47394	1.88357	19.8055	8.3671	1.9049	25.8792	5.2042	1.18141	15.4206	2.24797	0.706165	8.83036	
9.0279	0.649477	41.1342	10.1943	1.79233	47.0602	6.25092	0.87553	18.1203	4.41186	1.84133	17.7299	3.00929	0.88412	12.3546	8.5656	1.75546	38.7835	3.06092	1.43222	15.0092	4.9535	1.01587	18.4345	1.19657	0.875821	3.93919	5.78866	1.09096	24.1292	3.45928	1.24879	14.2485	6.23964	1.74315	27.5629	7.43562	1.58495	24.8022	1.93474	0.829564	4.69663	4.74854	1.16219	15.0327	4.0538	1.16847	12.8154	6.67578	1.19254	19.1759	4.14507	0.522806	18.9547	8.63752	1.05199	18.9239	6.75213	0.612325	22.2954	7.8026	1.99056	19.7762	11.1059	1.29748	42.9616	6.18683	0.696841	17.0107	0.7024	0.781602	3.28413	
3.93462	0.506084	8.61423	5.32538	1.52062	25.4901	3.82794	1.13684	16.8131	1.79723	0.95299	8.97992	4.40475	0.830884	9.57972	7.94751	0.503164	16.3023	4.31259	1.3132	17.9895	4.76453	1.39199	23.4059	4.64943	0.673315	13.1037	2.42551	1.47303	4.88679	5.74301	0.501827	24.5152	4.61679	1.62413	16.8289	2.3934	1.61396	6.98545	4.0228	1.00495	16.0071	6.23741	1.56675	19.1845	2.65707	1.46626	12.9298	3.84882	0.752993	18.8102	3.95766	1.55027	17.6	7.44658	1.96976	32.9222	5.84205	1.72969	27.3938	5.79089	0.880351	27.3878	5.37456	1.9169	21.1632	3.83669	1.35701	18.2764	5.43115	1.3132	24.4758	
6.65545	1.84195	28.818	6.42984	1.1007	27.8667	4.31605	0.97801	18.4292	8.94016	1.5621	37.7771	6.24306	0.535537	27.1902	0.662011	1.19036	2.63891	10.4418	1.09403	29.8111	4.32252	0.782373	10.0724	8.61454	0.581054	38.9014	10.4044	0.696861	39.1714	5.73977	1.03672	14.9172	12.3987	1.2659	32.8014	10.3852	0.78786	47.7316	7.87998	0.633503	18.244	4.51789	1.71271	15.5263	6.43697	0.902551	30.4271	4.3155	1.12155	18.4375	10.8884	1.98937	23.0387	0.695589	1.29991	1.56439	2.53844	1.38271	7.72187	2.41296	0.718284	8.68574	9.27423	1.19457	31.4075	11.7456	0.599698	37.8102	8.43069	0.689737	25.0167	
6.81477	1.17917	13.772	7.09071	0.749827	16.4206	3.4344	1.98032	16.7831	7.36717	0.502473	30.272	4.08052	1.70825	15.5856	1.82392	1.14356	5.11611	8.45732	1.63515	42.1231	2.40198	1.97988	9.7524	6.41998	0.596677	23.1292	8.9952	1.27974	22.5452	3.35051	1.98758	12.3621	10.785	0.794333	51.6509	9.39042	1.50007	38.0954	5.7668	1.95077	24.522	2.08904	1.02913	10.2251	4.76453	1.61597	17.9529	3.69823	1.45814	16.1798	9.05779	1.27644	44.2607	2.18481	0.693227	5.03874	1.43857	1.45718	4.66037	2.63936	1.9737	9.76762	9.58144	1.24902	45.6445	10.2285	1.63145	23.4311	6.11898	1.37424	25.4053	


# This instance was randomly generated with the following parameters: 
# SIGMA_MIN=0.5
# SIGMA_MAX=2
# CAPACITY_OVER_DEMAND=10