6	12
32.5209	1081.82	104.5
120.75	733.089	51.1137
80.7195	848.001	66.5576
135.841	765.446	53.4671
170.716	981.863	95.4244
137.564	1090.05	104.71
37.6165
43.9618
42.2636
10.7327
15.0226
9.80595
33.5696
43.4698
17.7334
37.9497
17.0614
7.99461
2.42632	1.86597	6.47641	4.7285	1.09736	19.3157	6.90677	1.8141	22.255	3.80568	1.20397	12.0714	6.79216	1.85428	25.5806	5.54674	1.96299	22.5367	6.57423	0.967773	19.6481	6.22928	1.97463	25.8857	2.97972	1.94201	10.7945	4.01723	1.02611	12.6549	5.83678	0.921579	20.4611	3.1889	1.6979	9.93451	
2.67125	0.588237	13.2475	2.44695	0.503697	9.94743	5.00525	1.75422	15.4532	4.98368	1.85209	20.8779	3.24813	1.9639	14.8164	4.46344	1.6897	11.4402	3.77438	1.63749	11.7611	6.07689	0.691524	19.0756	6.02725	1.63384	17.0926	6.77908	1.26768	18.8358	3.37521	0.576626	7.72225	6.77713	0.937841	26.7089	
5.99727	0.65479	22.6423	3.98621	1.28678	18.1048	10.1061	1.71596	32.9597	0.45548	0.876233	1.40144	6.49894	0.665396	14.0975	9.09184	1.80084	39.2421	9.13734	1.97861	24.8333	10.178	1.70245	49.2622	7.01912	0.914685	15.7196	8.08782	1.57448	25.6588	8.62449	0.986588	29.5533	4.02149	1.26641	8.54602	
3.55474	0.863491	16.1749	8.24241	1.6744	21.3573	4.76422	1.96735	20.6175	8.56687	0.672374	26.0227	9.25215	1.73354	35.3436	3.25659	0.981466	15.2628	5.77416	0.929013	22.0446	2.32414	1.6239	9.92885	2.86041	0.972005	9.29589	2.38439	1.94497	8.79312	5.01788	0.859698	11.0905	7.07914	1.2092	24.6871	
3.31101	1.86437	13.3448	1.95351	1.43712	7.60174	5.43684	1.45467	24.4095	4.92159	1.61647	12.2411	2.62632	0.561195	7.98106	5.0225	0.568469	14.9257	4.05898	1.47473	20.1201	6.67862	1.09601	22.619	6.61989	0.987255	30.5974	7.39805	0.818394	16.1912	3.77	0.531704	13.027	7.07797	0.600811	23.9264	
3.34955	1.42614	6.96105	8.03722	1.6347	27.4799	4.78156	1.51491	23.26	8.32963	1.80915	41.612	9.08679	0.75063	43.0753	3.24463	1.43036	13.7832	5.72337	0.989806	19.3709	2.44522	0.799464	10.593	2.66997	0.650147	7.79024	2.26184	1.83476	7.15288	4.95423	0.508579	18.946	6.85866	0.94647	16.371	


# This instance was randomly generated with the following parameters: 
# SIGMA_MIN=0.5
# SIGMA_MAX=2
# CAPACITY_OVER_DEMAND=1.5