11	22
99.8449	402.027	13.935
26.8075	467.224	19.1778
145.776	1170.85	120.19
97.831	1008.34	84.4367
166.23	976.072	92.5819
125.611	910.676	77.5346
110.376	580.561	31.2768
63.1524	1063.4	95.2896
45.3115	1111.34	122.045
5.68124	1128.31	106.692
72.8771	744.277	52.2089
9.44911
15.7038
10.1606
1.87438
5.17301
3.45987
0.499167
3.71981
12.5499
6.31853
0.25738
10.1342
10.6049
10.2046
6.11914
16.0769
3.69262
3.5527
1.48387
13.2468
3.30585
15.4863
6.41576	1.36727	19.9012	4.65882	2.14785	20.8218	6.5268	2.31256	16.6974	5.81459	1.07122	14.7082	7.88928	1.72185	23.656	4.06976	3.47971	10.465	3.49763	1.34948	9.06623	4.30319	2.44417	15.3969	5.07916	1.90266	22.0126	1.06288	2.73091	4.16089	1.54952	1.01844	7.42733	4.11415	1.6903	20.435	6.48878	2.21346	18.939	6.68475	2.62079	17.9724	6.67143	3.40776	26.9137	2.11716	1.4176	10.3987	4.26314	2.10293	10.2723	5.11425	3.90991	16.2742	5.68303	3.94227	16.4437	3.558	3.91421	10.3177	2.89605	2.85098	13.227	3.45794	3.20944	12.4608	
3.96934	2.65617	19.6347	8.18859	3.29695	20.1121	3.02099	2.26716	10.9263	5.90526	2.09679	27.034	4.21943	2.4323	9.11699	0.79664	2.67809	2.41212	5.0783	2.63933	23.2232	3.96887	2.80447	14.6492	2.35249	3.79524	8.25464	3.57505	2.70404	17.3536	5.61638	3.55616	15.9123	3.59984	2.41424	14.7173	2.58163	3.43424	5.63393	3.98863	3.29805	9.19154	3.4769	2.10543	8.41604	5.74801	3.6394	25.5722	7.87103	3.42554	18.4899	2.90341	3.04436	12.7495	1.90415	1.95472	6.61916	5.18062	1.54916	17.3601	7.17457	1.83625	31.9926	2.49163	2.80647	6.79916	
2.358	3.18166	6.41803	7.31564	2.95909	16.6604	8.85793	1.5203	40.0713	2.0435	2.56651	7.8331	9.75604	3.60554	20.0268	6.70856	3.612	27.7043	4.25005	1.01354	15.533	2.98037	1.67469	7.14676	3.71733	1.07692	14.2249	7.28864	3.82595	27.2699	7.07322	1.03088	19.9793	3.22404	3.43919	10.2653	4.67451	2.03945	11.3081	10.0008	3.12363	30.2292	9.3945	1.7736	33.7001	6.53514	3.40687	15.4059	7.27845	1.55408	30.235	8.93747	3.71773	41.5686	7.79127	2.97589	22.1873	10.1375	3.61508	23.5563	9.87761	1.80441	21.7118	8.05583	1.06092	20.843	
6.19463	1.96443	25.8073	7.17648	3.17772	26.1677	4.03886	1.15352	12.3084	6.92986	2.31015	24.9255	5.3874	1.8765	26.2936	2.09508	2.50858	5.57067	5.12952	2.91804	17.5801	5.00577	1.49533	10.1948	4.54953	2.56453	18.3765	1.52936	3.7765	5.86862	4.11369	1.73891	19.382	4.67452	1.69917	13.877	5.33568	3.85467	21.335	4.10058	3.92952	15.8926	4.12148	2.97451	17.803	4.57659	2.22192	9.18252	6.79177	2.99328	21.2662	2.53126	3.03661	6.75612	3.35093	3.91588	9.59958	2.4715	3.81169	5.04191	4.71871	3.43091	18.2873	0.879205	2.02075	3.30778	
9.91253	3.79921	38.0184	9.16484	3.76496	19.9241	5.95214	3.91867	28.299	10.4085	1.37298	37.112	6.94354	2.31242	28.3556	5.48618	3.09986	13.6956	8.28999	2.87679	31.1093	8.58722	1.19589	31.3243	8.25892	2.9461	32.3377	4.34533	1.83754	9.97221	6.19323	2.71777	27.3593	8.28512	3.75137	24.868	8.85585	2.0177	23.3124	5.07927	2.21079	11.2283	5.6461	1.29924	16.8244	6.89281	3.97804	26.1093	8.76027	3.17538	28.531	4.22411	1.09394	20.6041	5.92937	2.35436	12.4311	1.3682	1.70183	5.50926	4.75688	2.55317	21.4959	3.78614	3.04839	13.8147	
7.57847	1.7119	21.8203	6.97577	1.49026	22.9111	5.25053	2.4122	23.0942	7.83551	2.24411	34.0124	6.53411	2.98649	29.5821	3.65459	1.81745	11.1562	5.72288	3.10237	15.0642	6.04464	2.04658	16.7046	5.97743	3.73607	12.5881	1.76742	3.80413	6.06035	3.87689	1.42281	14.5334	5.75762	1.29855	17.1896	6.88427	2.59577	25.3392	4.96649	3.99464	19.6412	5.19815	2.16279	21.8231	4.51502	1.14803	17.7759	6.57191	3.70851	13.7288	3.52383	2.33326	15.3465	4.75016	3.06064	14.2798	1.20987	3.78402	4.8425	3.51845	1.11142	15.4264	2.15943	2.25126	7.03578	
7.74845	2.46504	38.4475	8.97471	3.20674	18.2672	3.46429	1.18354	12.4704	8.8635	3.1767	25.0879	4.60225	3.1535	22.5777	3.09405	1.66125	7.86687	7.11843	1.32991	33.8756	6.90567	2.62011	20.0991	6.07899	1.33998	25.594	3.35623	3.59156	11.7437	5.86092	3.09969	21.9462	6.55799	3.93496	29.0198	6.41704	3.5105	24.1135	2.8693	2.9471	11.9447	3.25581	2.21784	15.5029	6.41257	1.54428	16.4945	8.57813	3.73242	38.0837	1.68276	3.77756	3.83386	3.35248	1.64286	14.3728	1.98962	1.54169	9.92729	5.67212	1.36809	14.7234	1.52284	2.38477	6.38339	
5.56057	2.81851	14.4342	9.03983	3.088	21.4454	1.81268	2.94462	7.38364	7.41435	2.93072	33.2704	3.16836	1.71078	7.84569	1.04567	2.00161	2.41112	6.28748	3.23439	27.289	5.43941	1.51901	11.9905	3.95983	3.26766	19.751	3.71087	3.73328	14.6021	6.16492	3.17867	18.05	5.06677	3.04789	18.3917	3.90793	1.80234	9.93411	2.45892	1.78608	10.076	2.09995	2.05042	7.08888	6.46994	2.57037	14.8356	8.68543	2.54264	21.3215	1.31089	1.10256	3.78974	0.976176	1.48855	4.47813	4.27893	2.14757	15.0111	7.0935	3.45595	22.0774	1.63019	3.63711	5.95837	
8.1254	2.69346	24.1525	0.652143	3.81622	2.41609	10.6038	3.28123	28.5777	5.63453	2.65036	26.9118	11.9585	2.91978	48.7324	7.92778	1.57747	37.6101	3.7213	3.48453	13.5301	5.55147	1.81374	15.7876	7.52995	3.77191	36.9395	5.29754	2.1076	12.7091	2.71568	2.15361	10.7703	5.66949	3.76813	20.3893	9.27399	2.59708	46.1343	10.9081	2.29575	40.254	10.822	3.4433	24.5291	2.32355	1.12619	6.00071	0.410216	3.76041	1.63228	9.33598	3.38093	35.3488	9.64202	3.45278	27.213	7.4742	3.22806	14.9593	4.29552	1.21613	20.2028	7.68326	1.76487	20.5659	
6.72278	3.88965	29.8783	4.70042	3.03853	14.8674	6.65175	2.33512	18.4106	6.09603	3.70706	25.8462	8.0116	1.24275	21.3005	4.26152	3.30296	11.1456	3.75603	3.06517	17.1417	4.60755	3.11738	15.6264	5.37623	2.26749	21.4098	1.1846	1.39173	4.39471	1.58691	2.38742	3.3411	4.4215	1.62321	22.0797	6.76557	3.35488	32.8127	6.7498	3.78233	27.4479	6.77176	1.93048	21.7314	2.22329	3.75331	5.26356	4.2995	1.07549	14.2624	5.18555	2.56863	18.8864	5.84142	1.65465	18.7948	3.39682	1.75181	16.573	2.60486	3.4068	9.14703	3.53648	3.15496	12.0774	
3.92133	3.58554	16.791	4.48614	2.69092	17.5	6.78669	2.46725	17.1819	3.04881	1.7234	11.7996	8.06174	3.95331	32.7763	4.03297	3.36121	13.9343	1.23269	2.6719	4.21652	1.50165	3.39136	7.17891	3.05656	2.74079	9.90409	3.02735	2.47194	12.1631	2.81357	3.36598	6.20314	1.40366	3.49966	2.86824	4.79149	1.61579	15.0805	7.4709	2.41813	32.2534	7.14919	3.14604	18.7821	2.49407	3.80652	8.84905	4.2274	1.73985	9.36585	6.0131	2.31236	27.7118	5.70391	1.95382	21.9796	5.99978	1.31048	27.1323	5.48648	1.37388	11.3205	4.59623	3.59843	19.9907	


# This instance was randomly generated with the following parameters: 
# SIGMA_MIN=1
# SIGMA_MAX=4
# CAPACITY_OVER_DEMAND=5