9	18
147.079	665.613	44.2541
28.5354	906.644	71.9769
3.33924	1211.28	126.561
84.0879	999.367	94.3614
62.2084	771.585	55.6179
126.143	1060.4	109.36
51.6386	806.006	54.4214
159.56	813.409	54.6964
26.7567	522.425	27.0208
1.08804
34.5814
25.8782
16.7942
7.27123
28.5132
30.6157
14.9905
19.3234
3.33171
39.548
26.9892
19.0347
30.5397
19.6968
39.1787
23.1607
44.9786
2.93024	0.833904	6.68675	2.48442	0.462039	5.33204	2.58481	0.828454	12.6516	4.09364	0.457065	16.0647	5.60123	0.350742	13.8716	2.85744	0.966727	6.14247	6.83869	0.957805	29.7589	4.1	0.172745	19.4233	6.74673	0.969602	17.6985	1.35055	0.583561	5.21345	3.62105	0.849995	10.4933	8.04936	0.186448	18.9198	2.52254	0.961052	10.3327	8.73506	0.381991	38.6507	3.34983	0.781731	12.3069	3.88832	0.508519	17.4879	2.17542	0.792708	6.4932	6.01439	0.390416	28.0307	
1.73025	0.433775	8.24469	3.40712	0.593717	15.4309	1.78533	0.366047	5.91639	4.46503	0.945964	14.7966	6.09604	0.751929	13.1532	3.37567	0.451393	14.3578	6.85457	0.582624	24.0891	3.05182	0.692749	6.87391	5.59301	0.537523	11.948	0.727242	0.229472	3.34747	2.41973	0.317571	10.9253	7.81854	0.591236	20.7636	2.52081	0.249531	12.275	7.71856	0.997647	22.0231	2.8296	0.250086	9.69421	4.04297	0.427657	18.0881	1.32468	0.269575	5.1378	5.52918	0.621739	23.3918	
3.61231	0.444954	17.8904	3.58969	0.353456	13.4035	2.53823	0.526318	8.05333	5.56883	0.164139	17.5754	6.96336	0.233974	14.222	4.3023	0.826628	18.3064	8.41187	0.12627	25.5321	4.19528	0.205996	10.6267	7.76196	0.74461	21.3718	1.82046	0.310896	6.98034	4.24365	0.467659	18.9451	9.65693	0.316407	33.9625	4.12927	0.140066	19.7165	9.99789	0.888277	29.1234	2.70556	0.966243	11.1258	5.45136	0.998784	16.2524	3.56448	0.533731	8.7849	7.59885	0.49488	36.3769	
6.36948	0.367767	16.0363	9.96054	0.185085	24.413	7.80371	0.243365	32.471	8.98576	0.214259	41.8141	10.2463	0.982061	41.2726	8.9748	0.794022	34.2926	8.54162	0.685382	34.2341	6.71181	0.804659	23.8814	2.17989	0.149301	9.78158	8.0972	0.40211	24.2041	5.85497	0.887528	18.4696	7.65573	0.375485	34.2809	7.66399	0.760224	22.0226	1.49513	0.265804	4.08952	8.64178	0.245174	21.6804	8.17074	0.867816	19.7026	6.71064	0.967153	20.3516	5.71904	0.717112	18.7214	
5.42348	0.813886	25.5266	8.14073	0.129219	31.3406	6.94774	0.615677	22.0426	6.93468	0.546591	14.7562	8.12192	0.615751	36.0706	7.05939	0.163803	30.7806	6.38446	0.573884	15.7207	6.27416	0.671095	26.6953	2.09671	0.385234	9.07281	6.92295	0.854416	19.0602	5.09986	0.182717	21.7939	5.59746	0.568993	27.3497	5.82229	0.848788	24.1067	1.36936	0.382772	5.83266	7.96503	0.725	19.6737	6.1299	0.234917	27.0188	5.21145	0.643596	14.1781	3.55618	0.423444	10.9203	
4.69546	0.388538	21.0969	6.83824	0.237946	25.8924	6.20483	0.152535	30.4529	5.58672	0.232589	26.0794	6.80124	0.744329	25.8014	5.7296	0.616901	19.5419	5.22802	0.785523	13.4629	5.83392	0.508767	16.392	2.60127	0.300804	5.59497	5.97984	0.936259	22.9678	4.52641	0.715144	20.4458	4.71919	0.540509	12.3968	4.52515	0.23447	10.9514	2.67537	0.105128	9.90996	7.30036	0.347466	34.6676	4.78123	0.877571	14.538	4.11918	0.764496	18.2558	2.36668	0.111581	8.38153	
6.07688	0.20301	28.2288	1.65736	0.959386	4.29465	5.67614	0.961409	23.1616	3.84451	0.754961	13.0906	4.51774	0.845687	12.8359	2.91804	0.895386	9.91803	6.84006	0.826245	22.2582	7.2602	0.95618	27.4287	9.54771	0.878937	39.5023	4.4966	0.936622	16.2426	6.76457	0.456035	30.2684	8.52419	0.897794	33.5008	3.92539	0.851581	14.2772	11.0973	0.260161	35.4915	6.18905	0.142306	17.0648	4.2773	0.834555	20.7571	4.86436	0.991721	23.262	7.33016	0.844946	19.7792	
6.79902	0.582483	25.3579	1.84106	0.290716	6.15514	6.88338	0.211627	18.4586	2.34052	0.561949	7.41559	2.37721	0.500344	8.51687	2.21629	0.79588	9.35656	4.96623	0.714836	15.2138	8.26505	0.136707	28.7378	9.46692	0.312003	36.4405	5.63754	0.587023	22.4397	7.43172	0.175245	28.0745	6.77314	0.535725	33.4028	3.58854	0.744854	11.7865	10.4762	0.402398	30.1299	7.66123	0.424588	34.9821	3.07205	0.879414	12.5492	5.15255	0.403375	21.7287	6.163	0.633352	26.6822	
2.36016	0.540425	10.4531	3.3938	0.486594	8.1813	1.70833	0.111572	6.64251	4.90295	0.231816	10.5332	6.4571	0.822479	15.9002	3.70114	0.661016	12.345	7.51782	0.418661	23.9879	3.29454	0.867237	15.6668	6.43683	0.580655	29.5762	0.558154	0.433406	2.52021	3.03099	0.877619	14.8585	8.60232	0.144824	24.9098	3.14621	0.801381	8.76656	8.63884	0.419973	20.9965	2.44432	0.409288	10.6745	4.6107	0.642078	11.3803	2.24853	0.873283	7.54749	6.39912	0.513177	15.1078	


# This instance was randomly generated with the following parameters: 
# SIGMA_MIN=0.1
# SIGMA_MAX=1
# CAPACITY_OVER_DEMAND=1.5