8	16
119.083	1083.45	100.306
114.046	592.365	33.7219
58.4992	1223.6	144.43
43.3301	813.273	55.5633
113.518	792.348	54.1605
54.026	900.429	79.8598
148.777	1046.05	97.0471
43.3689	513.834	25.6136
1.2306
2.3922
3.49519
2.17579
1.90288
3.38971
6.92873
3.44533
6.62566
6.20037
3.16318
4.17079
1.93871
2.08306
7.19319
2.73491
4.91364	2.21221	22.8177	1.58976	1.08065	7.67609	3.50582	1.86744	11.1679	5.79094	3.58345	19.8847	1.72977	3.01734	7.47527	3.87256	3.66069	9.45617	3.06343	2.85123	8.66201	1.75712	1.79039	7.18657	2.88629	3.42971	8.2461	6.47253	2.20096	22.4311	3.82519	2.42187	16.2723	6.15244	3.07228	23.3337	0.698966	2.28688	1.48587	1.85777	2.6978	6.16773	3.97376	2.9625	12.6887	1.97336	2.00056	6.38818	
5.31539	3.82553	11.1202	2.54207	2.14616	5.81655	2.63466	1.11982	6.29689	2.98469	2.66406	10.6391	2.89995	2.60733	8.76502	1.08284	1.93549	5.30523	3.58498	1.26629	14.9152	4.61176	2.31228	22.5177	5.65924	2.32956	23.0709	3.78171	1.00124	10.5783	5.51906	2.14977	20.8105	3.27993	2.25281	13.3379	3.43752	2.55937	7.04978	4.73312	1.68157	16.7991	4.87643	1.5259	21.1775	4.45253	1.01264	16.1044	
7.05322	3.76588	20.8987	3.84627	2.22333	8.94221	5.73514	2.15672	15.2611	7.44516	2.71783	19.4829	3.95719	2.01016	15.0102	5.20431	1.41899	18.9734	2.23619	2.54024	4.5653	2.3597	2.85429	5.8352	1.74877	3.79478	3.95326	8.25774	2.99738	27.8483	5.53238	1.87656	14.6121	7.62804	1.39487	19.1254	2.47408	1.57434	12.325	2.15723	2.22852	8.74537	6.03303	1.35582	21.1848	0.508782	3.59393	2.13138	
5.95155	2.09592	17.7498	3.32803	3.73766	8.26911	3.18649	3.94009	9.25434	2.49238	1.57641	11.8867	3.68397	3.13524	14.0339	0.293572	3.23746	0.685707	3.76803	2.54698	17.9407	5.34742	2.77637	24.1059	6.29772	1.18603	17.0639	3.38865	1.31487	8.24976	6.28993	1.36741	13.3646	2.64229	2.91431	10.9746	4.18889	2.8517	20.5599	5.45301	3.01103	22.7423	5.59007	2.33238	12.5981	5.02873	2.76683	20.1078	
4.36472	3.95028	17.8024	3.2077	3.25108	8.02933	1.70371	3.30771	6.07907	2.04269	2.27441	5.26058	3.43539	3.42965	8.55053	2.38668	3.39803	9.97251	5.74047	2.97956	15.0291	5.85087	2.92727	16.7708	7.23881	3.20811	15.5807	2.31404	2.84416	6.64821	5.50597	2.79459	14.8695	2.76027	1.90043	12.8539	4.68023	3.96136	18.1864	6.04917	2.68622	12.7927	4.39806	2.33835	17.7778	6.23122	3.21744	25.5307	
3.44112	1.77706	8.5625	2.65917	1.03951	7.12762	0.833297	1.46469	2.43757	2.96218	2.3119	6.17725	2.81294	2.54871	10.8375	3.02579	1.13871	7.68406	5.90005	1.56252	16.9077	5.34611	2.8876	22.1527	6.85372	1.29076	22.8981	3.12529	1.02015	10.716	4.64427	1.19522	9.40797	3.68798	1.67863	11.0207	4.22863	3.42685	9.83096	5.57042	2.87338	25.3793	3.48675	1.54473	11.1403	5.98464	2.89451	26.9972	
1.85959	3.6896	9.2114	3.6218	3.51074	13.8193	1.96505	2.32264	6.86547	4.81128	1.12412	13.9795	3.54398	3.89612	10.034	5.19586	3.43078	13.4514	7.68331	2.67031	33.5185	5.98512	3.37828	16.3138	7.6767	3.89391	23.1318	4.62118	3.54438	14.0624	3.98293	1.99686	11.8674	5.59133	2.60591	19.7884	5.12025	2.96464	24.5285	6.25613	1.46357	21.5657	2.56966	1.50986	11.8594	7.14781	1.89629	15.698	
4.45666	1.54625	19.8916	1.70359	3.07736	7.98871	1.89305	1.25216	3.98447	3.42031	1.21609	10.9594	2.04888	2.95671	5.65553	1.94082	1.93063	8.52103	3.92549	3.26156	12.08	4.04028	1.45633	17.1572	5.28818	2.35994	20.3982	4.06619	3.75273	18.5551	4.63622	3.05735	11.3416	3.8669	2.73705	11.2447	2.8451	3.97399	8.67979	4.20132	3.98441	14.9758	3.98064	3.10751	15.6479	4.22377	3.62343	9.93943	


# This instance was randomly generated with the following parameters: 
# SIGMA_MIN=1
# SIGMA_MAX=4
# CAPACITY_OVER_DEMAND=10