6	12
16.6197	672.62	41.2762
61.5321	880.935	66.2624
159.222	880.427	64.7591
30.3323	1228.22	130.458
31.8325	1282.71	153.839
91.1946	508.913	25.0634
18.5918
4.39514
19.5893
2.36024
14.4474
8.94128
5.24069
6.74434
4.08975
4.46344
0.505955
6.9623
1.26012	0.68757	4.69333	1.54505	1.83672	7.59611	5.20065	0.501574	19.0175	6.85673	1.20178	19.4865	5.94431	1.89804	24.6453	3.11543	1.73855	13.9027	1.23411	1.51921	5.72117	6.65449	1.73266	19.5549	2.06264	1.32409	5.94005	3.03383	1.52097	12.9017	4.49324	1.29278	14.4424	3.53158	1.38758	8.95777	
4.35392	1.76481	12.5275	4.38517	1.12459	12.969	2.15405	1.47467	9.64486	4.29691	0.955863	19.6098	6.90382	1.51841	33.4285	0.713124	1.66521	2.10018	3.25585	1.87016	7.717	8.36317	1.91733	23.3187	1.76969	0.848499	7.94602	1.62895	1.72471	7.05319	6.79821	1.09748	15.8612	4.0386	1.73806	15.9884	
1.53915	0.645399	5.85429	1.03248	0.769222	2.14932	6.1546	1.43358	15.0856	8.1742	1.09856	24.7896	7.82802	1.43953	16.8273	4.24747	1.34977	8.66975	0.84108	1.50586	1.82461	8.35724	1.35505	18.137	2.26428	1.39605	9.36277	2.97589	1.2165	6.47371	6.03616	0.617564	21.6361	5.44536	1.53019	12.1547	
8.22003	1.08113	34.9654	8.69213	1.48688	41.9676	6.1867	0.523286	19.9657	4.85147	0.949707	16.8697	3.13813	1.23496	11.8492	6.01185	1.06315	19.6427	8.31593	1.83898	18.8865	5.15532	1.79095	11.9951	7.80978	0.799204	29.0929	8.22456	1.72677	40.4463	5.9685	0.701867	28.1918	3.72811	0.505474	9.26138	
6.15197	1.1415	30.7216	6.69934	1.54136	23.9405	6.78587	0.876878	15.2674	6.473	1.63079	15.1251	0.573426	0.887121	2.85198	5.65746	1.91909	17.8874	6.69778	0.584959	28.0483	2.53429	1.90882	11.2224	6.76301	1.85209	29.4959	7.47188	1.30045	36.0529	3.02617	0.570905	8.3913	2.30802	1.3653	11.187	
5.78918	1.79643	19.6318	6.35621	1.24668	20.98	7.34433	1.14717	20.9982	7.25988	0.565415	34.9647	0.923184	0.500165	3.91701	5.99625	0.914356	28.6029	6.52419	1.75285	22.3752	1.80624	1.5963	6.10322	6.81576	1.10886	18.909	7.60621	1.16598	34.1147	2.14673	0.510747	8.49918	2.63618	1.49425	11.8425	


# This instance was randomly generated with the following parameters: 
# SIGMA_MIN=0.5
# SIGMA_MAX=2
# CAPACITY_OVER_DEMAND=5