8	16
26.6106	926.814	80.3153
158.505	468.881	19.0452
93.9905	709.722	47.2896
36.4883	1255.84	131.072
69.8618	1020.27	90.8189
134.068	836.157	64.9798
76.8292	1307.38	146.744
22.6095	681.347	44.509
10.156
0.978577
0.591271
2.77592
8.50361
5.97321
1.03829
0.783364
4.0717
5.5073
2.55781
1.79981
2.63915
6.15034
8.75287
0.198097
6.79203	1.17638	21.1936	9.35252	1.72279	34.3332	0.690638	0.89298	3.22955	7.64113	1.94954	27.3821	3.55096	1.25776	12.7874	9.99529	1.89286	38.2756	9.16293	0.773127	22.1971	6.21058	0.981359	23.8304	8.19803	1.41022	20.2163	10.559	0.504592	36.6159	5.4549	0.68588	24.4233	7.22596	1.34502	31.4668	9.5968	1.9297	26.9774	5.96978	0.586887	11.9722	1.21274	1.09006	5.09032	0.99815	1.08459	4.22854	
2.11739	0.622187	9.34447	2.34698	1.50462	9.83347	6.82494	1.55823	32.2456	5.74238	1.34569	18.1862	4.13091	1.01671	16.441	5.30302	0.847973	20.3049	6.99707	1.71444	19.0586	5.93156	1.49767	17.4346	5.80618	0.596112	20.1669	6.83317	0.542831	28.5833	9.3546	1.95881	24.4605	4.33768	1.55479	20.9793	3.7167	1.96814	14.9281	1.55555	1.04632	5.94995	7.57849	0.942171	16.1818	7.46263	0.593592	28.7968	
7.46682	0.960411	27.9219	8.57978	0.863998	29.3711	6.0596	1.73055	17.9182	1.87838	0.892211	6.25001	3.99665	0.926945	16.3196	4.95566	1.70821	19.9165	3.12244	1.96465	15.2261	0.385642	1.72422	1.20125	2.46426	0.90758	11.6341	4.84451	1.947	18.698	3.79587	0.998565	17.5496	2.52636	0.612719	8.98112	5.61571	1.69104	16.1146	5.06728	1.29943	10.2888	7.16782	1.54571	17.7905	5.32634	1.79588	20.0376	
2.7344	1.92155	11.7394	3.58008	1.60794	12.5909	6.00922	0.713137	28.1001	4.68421	0.515714	10.0853	3.10165	0.980704	15.4983	4.80998	1.78502	21.6284	6.05508	1.60912	15.628	4.73209	0.933261	21.4889	4.82527	1.16213	16.0647	6.17865	1.00021	26.027	8.1296	1.20215	26.1983	3.30314	1.23409	15.6464	3.55109	1.20062	13.0003	0.663524	0.763753	1.50247	6.87212	1.55351	23.5722	6.48047	1.67716	32.3904	
7.07715	1.83273	15.7291	9.50574	1.85034	36.7663	1.40183	0.997855	2.83035	6.95157	1.38352	31.0886	3.36343	0.638409	12.9276	9.48113	1.05016	44.4361	8.4234	1.30693	18.9568	5.45854	1.30415	22.5126	7.52497	1.92315	31.2243	9.91921	1.64632	25.3686	4.4885	1.56637	14.1452	6.67933	0.707877	29.5184	9.24886	0.901651	25.075	5.91861	0.723423	29.2443	2.18341	1.29396	7.72613	0.0326293	1.4407	0.131871	
4.46216	1.77794	17.1247	7.14496	1.28935	15.3082	1.82313	1.89443	7.18371	7.55062	0.536867	19.4227	2.70894	1.25203	7.9956	9.21798	1.66065	21.8642	9.16624	1.38347	21.7045	6.46186	0.532489	14.8138	8.0142	1.50317	16.1933	10.1499	0.513111	39.5394	7.20576	0.806444	30.558	6.70688	1.3434	16.8897	8.38513	1.34925	23.111	4.29183	1.03151	14.503	2.14237	1.12536	10.6784	3.14763	1.54468	11.7479	
5.55403	1.51748	18.8179	6.22795	1.63158	15.1305	6.34486	1.08837	22.6657	1.81924	1.78525	6.33068	3.41718	1.13919	7.34547	3.3325	1.43184	15.0795	3.32033	1.59743	15.2674	2.08306	1.41927	9.80879	2.07454	0.692243	6.45334	4.05223	1.25953	15.927	6.09514	0.616928	19.1082	0.60868	0.657939	1.55977	3.35949	1.42081	15.2493	3.11448	1.67304	13.8726	7.42463	1.22442	24.6273	6.15669	1.84892	22.8316	
8.26148	1.71408	28.4079	10.0554	1.14658	41.7074	4.51467	1.23321	18.1358	4.63813	1.94837	14.0811	4.05934	0.66046	18.5138	7.66691	1.76536	25.1559	5.78341	1.80689	25.5269	3.06182	0.99449	11.6437	5.22582	1.32465	12.1465	7.59628	1.71777	20.5962	1.68459	1.40542	6.45665	5.02056	1.98031	11.0099	8.07978	0.565176	21.2177	6.23358	0.852093	15.2643	5.48972	1.20859	16.6769	3.31649	1.70213	6.72722	


# This instance was randomly generated with the following parameters: 
# SIGMA_MIN=0.5
# SIGMA_MAX=2
# CAPACITY_OVER_DEMAND=10