9	18
164.468	963.305	80.572
140.894	1244.54	136.332
4.20569	954.714	86.1985
18.0197	798.654	61.8374
5.42015	995.812	87.3048
14.2943	1169.52	128.155
14.8579	1323.02	151.122
4.24188	378.813	12.6409
124.416	1043.98	101.201
19.1052
28.7274
27.0625
13.9276
4.68614
5.32976
37.1936
16.0482
27.889
26.4418
22.4206
46.2549
24.1293
5.45923
10.8663
29.7362
46.7005
30.7033
4.14484	1.22485	19.561	8.56244	0.839881	26.0905	4.95033	0.645085	13.9005	3.5721	0.582607	17.1751	3.51229	1.02502	11.3765	5.2423	1.47246	11.3652	4.22936	0.85453	8.92317	5.92152	1.71177	25.2357	7.23129	1.91488	31.5013	0.257998	1.80021	0.716021	4.47896	0.976596	19.0317	8.42574	0.579907	28.5423	4.64626	1.60885	18.6382	3.04479	1.27279	12.9722	7.58885	1.97558	23.9268	8.75227	0.628374	30.2746	6.15084	1.84226	19.9688	0.962037	1.24183	2.23114	
4.17186	1.59375	17.7538	8.41526	1.47213	40.3377	4.93835	0.500983	15.7029	3.89286	0.647063	9.47895	4.19886	1.85996	20.1892	4.77247	1.13481	12.0193	5.1746	0.851968	12.1309	5.3884	1.38687	20.6918	8.12686	1.56802	23.0318	0.893811	0.572344	4.2006	4.8192	1.33761	23.2757	9.39442	1.36934	19.8907	4.17387	1.71967	14.8695	2.36319	0.707551	5.39908	8.54134	1.98915	24.0122	8.87407	1.55477	37.497	7.15536	0.935838	19.8319	0.159874	1.09898	0.37678	
3.20965	1.50149	7.63349	3.5995	0.598477	11.9584	2.73115	1.64085	7.57764	3.31554	0.594866	8.52006	3.89089	0.785182	10.7461	4.8236	0.874333	22.848	5.282	1.16108	13.9726	5.23891	1.57229	24.731	5.40714	1.93824	16.7746	7.11	1.02697	34.0718	2.40385	1.21098	4.85753	7.19023	0.825796	24.4023	4.88854	0.615456	14.8537	6.03383	0.70434	18.6706	6.41184	0.936825	29.9559	2.23128	0.747244	8.71221	6.66647	1.09172	27.6267	7.02143	0.997576	14.4676	
4.52677	1.87538	18.6649	5.84828	1.09077	13.3138	4.40008	1.14375	19.5628	3.98222	1.76214	8.69961	3.61915	1.10597	11.0103	6.65045	1.9212	30.878	4.14175	1.70924	9.62969	7.18915	1.35904	31.6514	3.26941	1.83757	11.7212	7.36734	1.75955	20.444	3.17607	1.616	8.65041	4.99616	1.37393	13.5835	6.56119	1.99706	13.1854	7.22342	1.26442	28.7353	4.2843	0.625361	16.6811	4.10942	1.47606	18.3844	4.89949	1.46291	20.2717	7.54126	0.824508	33.8899	
5.58885	1.16952	15.9047	10.0485	1.47014	42.5875	6.39461	1.02599	25.7585	4.76613	1.90175	13.505	4.14966	1.19738	16.7707	6.94888	1.9335	28.9604	4.02558	1.60061	18.0274	7.64349	0.649523	28.0977	7.02964	1.99371	19.8227	1.75291	1.13259	6.56978	5.58013	1.04692	20.3145	7.89297	1.98328	38.9187	6.35855	1.24438	27.9429	4.79058	1.57081	15.9054	7.1536	0.75754	29.7675	9.97349	1.47701	30.92	5.4952	1.7767	21.5654	2.58922	0.787685	10.8088	
3.79641	1.63438	13.8374	1.35671	1.87227	3.7207	3.06012	0.77792	7.06342	4.90842	0.796974	13.8816	6.32952	1.45061	13.7854	2.85492	1.6694	9.26351	8.22256	1.64562	28.7719	2.61132	1.21275	12.3786	9.23979	0.852191	19.3075	7.84045	1.21876	27.0972	4.56775	1.35042	12.1569	11.0449	1.72266	48.0118	3.38421	1.17351	13.7651	5.28568	0.738417	16.202	10.2054	1.10948	45.2278	3.35388	1.44091	7.96404	10.0764	1.44265	20.4754	7.32147	1.84017	22.6931	
2.34391	0.91433	8.66017	6.7926	1.12305	21.1565	3.13964	0.730089	13.6922	1.53753	1.74167	5.88673	1.73147	1.15596	5.80848	4.13186	1.35875	17.98	3.21179	0.713398	13.3675	4.87688	1.50663	15.2379	5.87277	0.829194	27.2459	2.28822	0.704036	9.07487	2.429	1.26416	11.7371	7.34504	0.637449	14.8023	3.61214	0.680024	8.67479	2.8283	0.860552	7.66677	6.44717	1.53365	29.4821	6.75598	0.624469	30.9295	5.36764	1.59329	17.8134	2.37395	1.89311	10.2235	
1.07018	1.17476	2.2214	3.85635	0.921314	14.9956	0.751244	0.714149	2.36657	1.57792	1.34039	4.5437	2.84266	0.980043	12.5619	3.00311	0.958861	9.49123	4.71613	1.15348	12.5215	3.58755	1.38185	12.7065	6.02458	1.17254	25.7624	5.23038	1.3849	20.0108	1.0617	0.845315	3.98869	7.80716	0.71841	20.4175	2.91265	1.03495	8.75978	3.89241	1.44417	8.54919	6.92469	1.90523	27.2927	3.72882	1.69412	8.87677	6.60738	0.565774	30.9095	5.01751	1.72662	12.047	
4.83164	1.45678	13.5151	7.63456	1.64734	22.8078	5.10311	1.93101	23.7841	3.79478	1.71075	18.2423	2.57662	0.630768	7.39003	7.21649	1.07323	18.6544	1.99394	1.17023	8.68494	7.8905	1.65842	35.9288	1.67657	0.740631	5.21253	6.10268	0.921163	28.7354	3.45214	0.971252	11.5802	3.40992	1.62631	9.23247	6.93266	1.92352	16.6647	6.94775	1.75255	31.9855	2.51864	1.56709	9.48699	6.26147	1.08532	14.8814	2.5729	1.59713	10.3638	6.51887	0.800492	24.9697	


# This instance was randomly generated with the following parameters: 
# SIGMA_MIN=0.5
# SIGMA_MAX=2
# CAPACITY_OVER_DEMAND=2