4	8
63.1021	768.518	52.231
78.2308	499.591	22.0071
94.8397	1011.4	92.5622
57.6205	708.049	44.2558
8.7388
12.5918
12.4296
20.4435
16.4901
10.5321
11.9112
12.3909
7.7165	3.66257	35.376	1.79109	3.95113	6.86674	7.96907	2.91896	29.8714	6.87304	3.60818	15.9144	9.53267	3.14456	37.7595	4.97066	3.9355	20.5582	4.73258	2.10209	9.67798	8.18046	3.22391	32.3402	
2.92034	3.43406	10.9212	4.41079	2.91791	10.6183	4.32745	1.90703	11.4021	2.60935	2.13622	7.65383	4.13141	3.9748	17.9378	5.49452	2.83973	19.8238	2.4822	1.99844	11.8645	2.49428	2.18357	11.6158	
8.77581	1.25167	31.5789	4.88931	3.25353	21.2139	3.43605	3.14384	13.039	4.04424	3.51204	19.6935	9.58504	1.298	23.0211	1.54711	2.11418	4.78584	7.42959	2.10862	35.0545	7.82032	2.90496	23.1332	
3.94996	3.21138	9.18537	4.27617	3.45018	8.55927	3.23975	1.64947	13.5905	1.53566	3.18474	3.75867	4.86998	1.74052	18.5922	4.63089	1.60988	16.8598	3.43983	2.67212	15.9537	3.11709	3.69154	13.6415	


# This instance was randomly generated with the following parameters: 
# SIGMA_MIN=1
# SIGMA_MAX=4
# CAPACITY_OVER_DEMAND=2