9	18
16.0142	900.758	69.3659
154.701	924.038	83.5167
14.6442	1290.65	149.357
34.302	1155.3	110.321
20.9804	1053.71	92.3382
43.4803	1302.88	153.3
68.1014	1011.34	101.68
148.529	837.109	67.2024
154.364	798.493	53.1246
8.74031
9.47072
19.2949
37.9262
36.7834
16.442
17.5552
29.0357
36.2191
24.8108
29.7753
35.899
1.10831
34.2467
22.4814
14.1376
22.9135
43.2621
3.63474	3.42208	17.6127	2.61039	1.2023	12.1181	1.68714	3.81291	3.72034	0.978594	1.55893	3.28419	5.10367	2.50671	16.4249	4.56208	1.31451	17.2828	1.50412	1.78191	4.82606	2.13014	3.16418	5.53448	3.89363	3.02136	15.0972	6.20524	3.62573	19.5064	3.63611	1.05425	14.9923	3.4526	3.72398	10.7461	2.06223	1.10969	5.0933	4.75778	3.57846	16.6225	3.86421	1.04855	16.7854	5.00018	2.09154	21.3104	5.83747	3.98467	13.2997	3.23444	3.17117	15.0649	
3.89855	3.43126	15.2294	5.78435	1.0125	26.1561	4.92873	3.79912	18.4875	7.19778	3.05164	28.7082	6.27906	1.4388	20.3825	7.86597	1.19048	35.0435	6.9065	3.27668	26.5295	7.37637	3.03085	16.1191	8.95095	1.31962	26.7777	2.00614	2.57613	5.96408	4.13449	2.67199	9.03353	9.77073	1.25179	29.5481	7.84858	3.88023	31.4605	2.96202	3.75117	13.2153	4.57297	3.06345	14.2289	2.42273	1.58416	5.30314	7.17505	3.04739	23.9968	9.61528	3.47891	26.0175	
2.39656	2.34204	7.38929	6.94548	2.71039	23.1498	4.36689	3.27345	13.9603	7.00764	2.30387	21.6715	8.5193	1.35153	35.8565	9.40437	1.75971	31.2382	7.22299	3.52873	19.3769	7.85103	3.9515	31.1336	9.6704	3.33344	45.1789	5.42762	3.35779	11.1532	2.40569	1.8357	11.8899	8.70477	1.6121	39.8013	6.52436	2.65442	29.4409	5.52969	2.36866	18.6906	2.34674	2.15134	6.45961	5.14319	1.95657	24.4175	9.48462	3.80144	46.9542	8.98094	1.53299	20.2638	
1.48383	3.09909	4.29922	5.65294	2.45064	17.587	2.53202	2.29033	5.57015	4.78705	1.78794	17.6817	7.82112	1.79037	27.3784	8.05348	2.79077	26.6016	5.29057	1.09579	21.9099	5.93852	3.67942	12.341	7.73911	1.82589	28.4922	6.34857	3.68683	18.4225	1.2267	3.68097	2.48435	5.98182	2.05686	29.1033	3.8014	1.75123	8.00944	5.68105	2.58575	27.8088	0.724237	1.66897	3.52215	5.53378	1.931	16.2346	8.73971	3.30347	24.9386	6.39341	2.55938	14.8028	
1.40693	2.08921	3.64703	5.94575	3.86342	17.9648	3.36468	2.80001	14.4876	6.01445	3.8418	15.7572	7.60383	1.29373	21.2827	8.41038	2.50705	25.6917	6.20836	3.10572	28.76	6.8349	1.8534	21.6171	8.65339	2.76264	39.3716	4.89059	1.72006	17.4399	1.45789	2.52825	6.62561	7.83251	2.5065	38.5053	5.66871	3.52484	25.9804	4.7504	3.6091	21.0784	1.54839	3.52041	3.18637	4.42	2.45327	11.8637	8.56813	3.2814	28.9261	8.04815	1.50854	35.2136	
6.96892	1.36299	28.4278	2.32863	2.86236	6.04615	5.4518	1.28156	15.4479	4.51204	3.70552	14.3255	1.07231	2.59668	5.00429	1.10394	3.10451	2.26667	3.53799	3.32099	8.22657	3.22362	2.4141	8.81303	3.23456	2.65766	14.6114	5.54542	1.81103	18.2608	7.13233	1.32143	32.1829	7.0912	1.93468	29.059	6.72837	3.96107	23.326	4.1328	1.35198	10.8518	7.61188	3.11589	20.7301	4.67383	1.32282	10.2145	1.13778	3.42343	3.86828	6.17711	3.14746	20.9849	
7.7247	1.78192	30.7605	3.67425	3.64	16.7791	6.55165	2.85107	25.5237	6.15599	1.29026	26.4008	1.18125	1.6846	3.47072	2.87119	2.47762	12.3733	5.19197	3.19444	15.8853	4.97689	3.8065	17.326	5.05924	2.51446	12.7015	5.00286	1.9004	14.9715	7.92841	1.49244	36.1571	8.86606	3.77864	17.9903	8.29782	1.16335	37.8425	4.00289	3.0726	14.4773	8.45753	2.15702	34.2576	4.49918	1.41739	18.0971	0.796154	2.04821	2.77093	7.98938	2.24301	23.9485	
3.76056	2.56191	17.4034	2.49331	3.11536	5.13393	3.18692	3.19896	8.76854	4.45882	2.06616	13.2777	3.20544	2.22652	13.4476	4.53154	1.6446	12.6828	3.89337	1.01224	18.9423	4.23976	2.29987	17.4387	5.66335	3.81527	13.6067	2.38124	1.32889	11.1005	3.9902	1.38788	15.5895	7.33758	2.77252	34.2283	5.86036	1.09702	26.4586	0.833235	2.70787	2.56699	4.54358	1.28877	11.5083	1.17058	2.60694	3.20975	4.16625	3.64912	15.2777	6.90485	3.36265	15.6369	
7.99643	1.97597	35.7021	3.83743	3.17568	10.3728	6.7766	3.73003	15.576	6.26605	3.93808	21.3648	1.36987	2.39075	4.67318	2.80521	3.75885	11.0577	5.2957	1.66669	23.145	5.04292	2.0151	24.7148	5.00508	1.02472	17.699	5.33278	1.69273	20.9374	8.19633	1.85117	17.6245	8.9254	3.71485	29.6821	8.43458	3.7693	31.929	4.32426	2.84854	9.88861	8.72111	2.65449	36.0502	4.82383	3.35371	17.1145	0.716875	2.24546	2.20438	8.02264	3.91177	19.7722	


# This instance was randomly generated with the following parameters: 
# SIGMA_MIN=1
# SIGMA_MAX=4
# CAPACITY_OVER_DEMAND=2