12	24
134.783	449.913	19.3794
54.5352	719.465	50.6716
88.8851	949.545	89.1868
14.7735	1220.96	147.655
109.601	460.104	17.6296
42.3093	1104.42	109.136
122.639	1338.2	159.578
40.8748	1266.82	142.402
127.828	735.886	53.0896
28.6142	800.27	61.8123
154.76	788.973	55.9898
76.3318	623.795	33.5526
8.05052
26.9642
10.2517
2.72756
19.0586
4.59316
18.6655
27.1517
17.135
0.860562
22.7125
7.95938
4.12339
4.13305
14.788
2.28746
20.8681
0.51925
23.2841
25.6128
15.0987
0.193811
15.3063
21.0155
2.40604	3.34451	11.971	3.11289	1.72455	10.2736	7.40238	3.9309	25.9523	5.00466	3.77582	20.2919	3.24453	3.72447	7.41087	3.89568	3.88372	18.2334	2.94113	3.53075	8.35624	4.97176	1.69213	19.6368	3.7247	3.53741	16.6401	6.37008	1.92854	28.6082	5.07571	2.31138	14.6964	5.3073	3.06901	12.7465	1.76952	3.6486	6.47383	4.90806	1.88056	21.6228	1.3627	3.91163	3.28483	4.13893	2.30584	18.2068	3.84397	3.04897	11.9096	6.96497	3.67098	16.4953	5.99793	1.52933	29.9561	4.05252	1.66717	10.9373	6.71567	1.33352	13.5237	3.97998	2.31814	16.8934	3.78967	2.39769	9.53582	6.88982	1.71524	33.8077	
2.20077	3.76616	4.82013	3.12961	2.15782	7.51386	6.66702	2.74342	30.8942	4.34726	1.32715	9.61788	2.88306	1.02074	13.92	3.86995	3.37048	15.7754	3.38191	1.88989	16.8361	4.36669	3.03239	18.0934	3.40031	3.44193	13.1558	5.8396	3.16876	11.9627	5.10508	3.99082	22.5907	4.87374	2.90007	10.4412	1.45532	1.19366	6.8433	4.88508	2.22608	21.2201	1.1754	2.12847	4.85229	3.41384	2.73335	15.2979	3.46601	3.60146	13.1731	6.30654	2.9881	30.0194	5.29132	2.19329	17.8407	3.98782	2.56496	13.1395	6.19325	2.56494	23.0994	3.60121	1.8608	15.7842	3.76355	1.70534	8.26637	6.27072	2.24055	26.4639	
5.42353	2.47849	16.1953	5.51731	3.93267	12.6764	1.95994	3.83085	4.00589	1.44851	2.32937	4.74933	5.08264	1.38541	16.2516	6.89834	3.55476	30.7416	7.75709	1.4683	20.2491	2.08022	1.87074	8.18104	5.43462	2.29242	25.5474	5.29046	1.26098	22.5838	8.01399	3.62575	16.0427	5.50908	2.06244	23.9645	4.97412	3.12526	20.8226	7.63835	3.06431	16.9446	5.18636	2.00796	12.5842	1.35364	2.52569	6.52317	5.19892	3.81306	15.3607	2.21434	3.47505	7.39017	0.776462	2.97996	3.31704	6.83711	1.0592	26.7486	5.58502	2.19042	20.4944	5.24682	2.67852	20.2236	6.82481	1.16026	31.6999	4.62676	3.40902	14.9158	
3.05846	1.61263	14.2059	3.76091	2.52624	13.8452	8.80016	3.84952	22.6764	6.37191	3.35384	22.5873	4.02452	1.24915	13.1784	4.05639	2.4836	11.801	2.25856	1.91142	11.0913	6.29585	2.39787	28.178	4.40873	3.34637	9.39596	7.30097	3.41793	34.5267	5.04619	2.16574	17.7774	6.09393	2.52996	25.1562	2.68927	1.11895	5.84414	4.98669	1.03342	14.7595	2.25646	3.20725	10.5682	5.54041	2.64581	19.5689	4.60538	1.90534	17.7247	8.32785	3.70228	20.9742	7.3946	2.47933	34.9106	4.26953	1.36741	10.068	7.62581	2.69645	22.493	4.73432	3.10489	20.3416	3.96135	1.306	11.3862	7.97787	3.96523	36.9186	
4.00298	1.96637	17.1742	2.60197	2.63674	6.91022	5.00432	3.96388	22.7778	2.19472	3.68814	9.12239	4.25629	3.03224	15.619	5.75272	3.38437	14.1457	5.66236	1.51182	26.8302	2.10212	1.24093	8.27061	4.77636	3.00801	16.8727	6.27247	3.24537	27.3178	7.00666	2.88423	27.2586	5.76206	1.3969	13.2686	3.27925	2.18736	9.162	6.71673	2.17545	31.391	3.23286	1.59676	12.5051	1.84663	2.41177	6.47759	4.69769	3.90217	22.0546	4.13437	2.21267	20.2159	3.35387	1.8548	15.3886	5.80451	2.18363	23.7365	6.63233	2.00293	16.9585	4.81035	3.49027	22.9013	5.65268	2.9802	27.1694	6.22783	1.88347	20.1182	
2.50567	2.43795	8.34863	7.61596	3.09224	18.2921	6.98092	3.45396	21.4838	6.64724	3.4135	25.3083	1.6652	3.30859	7.49968	2.03275	2.85105	4.44807	4.35413	3.05464	21.1946	7.07439	3.4324	31.7234	1.15999	2.38253	3.64728	2.23215	1.57021	8.89429	2.50417	2.04445	12.2093	0.841876	1.73793	3.68848	3.12834	1.05727	12.9965	2.10588	3.73981	6.87345	3.52187	3.95253	9.54663	5.19382	1.14601	12.7743	1.09753	3.74082	5.15655	8.14227	3.58201	23.8515	6.71294	1.30513	31.94	1.80134	1.70864	6.50961	2.441	1.96427	10.2525	0.968945	1.66676	2.45988	2.05426	2.93254	9.59403	3.4095	2.34739	13.3723	
0.664944	2.3188	2.10724	5.72842	3.33635	21.8223	7.67006	3.83851	21.3712	6.23338	2.03674	29.3994	1.35424	3.69945	6.54587	1.23671	1.47124	4.97689	2.02547	1.92022	4.83462	6.45699	1.9964	30.3321	1.5252	2.98603	6.25392	4.53297	1.91843	13.7124	2.47077	3.62248	12.3378	3.20595	1.53947	15.6884	1.32156	2.57337	2.82531	2.25413	2.89814	8.80061	1.46279	2.21686	3.59973	4.91423	1.66805	11.288	1.79516	1.03101	5.87166	8.07389	3.17073	23.1446	6.79028	1.58374	33.0109	1.37776	3.79549	4.06378	4.81978	3.94963	15.7048	1.89975	2.82404	4.93774	1.13001	3.82767	2.54943	5.44799	1.17665	24.2734	
5.81907	3.94586	28.9677	0.534767	2.01209	2.48095	7.43081	3.68	37.0794	4.31605	3.9065	11.2143	6.4191	2.20408	21.537	7.47165	2.80209	15.4981	6.44089	1.44322	19.406	3.83808	3.49119	16.3115	6.95141	1.63167	31.9625	8.95229	1.80135	40.5461	8.68652	3.4602	42.6782	8.24803	1.33726	37.4102	5.06486	1.3747	10.3605	8.48916	3.0661	25.0494	4.78869	1.97729	23.409	4.59313	2.65015	21.8773	6.96595	2.24277	31.4644	5.83814	2.76374	24.6198	5.6335	1.47725	23.3981	7.60101	3.86742	15.209	9.31531	3.61742	42.2688	7.09572	2.73576	32.0608	7.36493	1.5027	30.7737	9.01845	3.94135	23.3135	
5.55093	1.42797	17.2174	7.76458	1.58304	16.5317	2.52467	2.9303	8.50418	4.20019	1.09662	19.3989	4.78738	1.85423	23.5072	6.44833	3.66377	13.1081	8.09321	2.85571	18.471	4.83282	2.44632	10.2812	4.87611	1.83729	15.2151	3.23984	3.93841	15.8312	7.26776	3.32979	22.9898	4.08336	1.37668	14.0508	5.46978	3.93021	13.8118	6.86491	3.62816	32.6219	5.84328	2.60534	26.6207	3.37205	1.87118	16.2158	4.5697	2.17305	16.435	4.58623	2.51243	9.85709	3.32287	1.74187	9.54187	6.29438	3.19311	14.9379	3.41954	3.7458	7.51723	4.54254	2.42922	14.0916	6.41235	2.04141	13.0303	2.16134	3.11803	5.56943	
3.0534	3.45642	10.1706	6.72564	2.2924	29.5167	10.076	2.91682	49.3909	8.36121	1.38639	23.2086	3.76003	2.54105	13.3199	2.41978	2.66689	6.69735	0.823296	1.6341	1.65593	8.47734	2.90079	35.1514	3.77433	1.61099	9.81053	6.65726	3.29062	18.2185	2.69629	2.47059	8.9734	5.26022	3.86887	21.0039	3.44035	3.02864	8.18152	2.85709	2.55214	12.6362	3.29252	3.68259	11.7441	7.16049	1.79298	35.0146	4.08081	3.22853	19.6126	10.2777	2.20334	20.6674	9.0763	3.93558	41.6854	2.66083	2.35239	7.14389	6.88767	1.77531	32.4218	4.15157	2.29879	16.6361	2.39452	2.21986	5.85939	7.72038	3.75063	17.5454	
4.13205	1.76176	16.1545	8.99042	2.13779	28.7462	6.90987	2.77171	24.2396	7.31631	3.70296	24.8481	3.20987	1.27516	6.92941	3.62219	3.76878	15.2303	6.00621	3.33208	26.7854	7.83213	3.26362	30.5132	2.77208	1.90983	12.5203	1.22992	1.26198	5.60059	3.72604	2.9654	9.18466	1.16126	2.25916	3.70258	4.68089	3.7348	12.3653	3.38179	2.79101	9.85898	5.09921	2.32208	10.3606	5.91092	2.95123	25.2903	2.6099	3.17372	11.1601	8.5144	3.22234	25.5829	7.07932	3.71026	29.5647	3.3759	1.26749	12.4241	1.17881	1.17564	3.78365	2.47474	2.04953	8.58061	3.66282	1.13215	13.0691	2.50374	2.20043	7.05556	
6.70334	2.38723	20.1413	6.47543	1.23644	20.5898	1.04015	3.57449	3.09405	2.15178	2.12488	4.44639	6.31141	1.19376	14.4112	8.1309	3.25741	32.4308	9.05652	2.86652	41.2443	2.65961	2.62928	9.52263	6.62987	3.91655	29.5144	6.07523	1.6569	29.3174	9.21154	1.70919	44.1559	6.51283	3.71299	13.5979	6.27132	2.89996	16.2134	8.82766	3.99675	26.2926	6.48679	1.28684	31.8874	2.63222	2.23991	12.0579	6.37689	3.26564	15.3259	1.52963	2.67278	7.26977	0.842235	3.04754	3.30741	8.05566	3.68896	17.6307	6.32661	2.7382	22.0065	6.41213	1.87325	20.0448	8.06171	3.32862	18.7824	5.19225	3.57843	13.6925	


# This instance was randomly generated with the following parameters: 
# SIGMA_MIN=1
# SIGMA_MAX=4
# CAPACITY_OVER_DEMAND=3