4	8
15.3567	1336.92	159.222
33.2678	1332.47	152.735
91.7533	1235.21	129.201
88.1019	646.236	39.8448
5.50485
5.15487
9.40842
9.404
3.45814
3.96873
2.55682
8.64442
3.6202	0.975917	7.64642	2.52204	1.18796	6.48581	5.94523	1.4884	16.2101	5.75049	0.645011	12.0877	3.55607	1.51368	12.5721	4.94594	0.703914	18.4913	3.99806	0.900742	11.0987	5.42053	0.855313	26.1461	
4.28722	1.33222	20.6331	8.08776	1.94847	16.3309	0.900783	0.508476	3.67912	0.747008	1.87618	3.47561	9.20663	1.54236	37.4335	8.42476	1.17177	31.361	2.87107	1.58367	9.42821	2.13872	1.83046	5.2291	
7.78294	1.73377	18.264	3.3953	1.36614	10.7844	10.3418	1.31817	32.2114	10.1717	0.894183	21.0124	1.60866	1.82961	4.21465	6.68097	1.00441	17.1699	8.12875	0.791191	18.6276	9.58689	0.873663	29.7731	
5.71939	1.67341	18.1655	9.62656	0.765955	36.4803	1.65756	1.19294	3.82767	1.76916	1.06764	8.51362	10.6402	1.41536	33.935	9.86142	1.99861	25.7555	4.05544	0.723009	19.433	2.87835	0.702599	9.97319	


# This instance was randomly generated with the following parameters: 
# SIGMA_MIN=0.5
# SIGMA_MAX=2
# CAPACITY_OVER_DEMAND=10