11	22
165.733	1271.04	159.625
46.655	785.452	59.5619
131.6	836.375	59.3057
41.0193	1370	159.646
153.117	1291.89	145.415
121.264	1163.56	122.815
21.302	1357.27	154.416
71.4309	769.035	54.1172
146.703	974.009	90.5465
18.0264	1087.25	102.041
38.0958	1228.63	126.458
14.6467
8.26123
11.5454
8.66786
7.85808
18.3415
14.0932
16.5631
1.75616
14.6667
9.62121
15.448
6.72934
14.2854
2.93747
15.0454
11.9687
8.11572
14.8803
8.663
21.0891
1.60587
9.43441	2.61375	32.987	6.25353	2.38322	26.6896	9.75929	2.56543	41.9872	8.69597	1.4365	25.0596	5.2758	3.92567	19.7084	3.98266	2.34878	12.309	4.81157	1.37805	18.2033	1.22211	1.78597	5.3488	8.60326	3.43858	40.6588	9.4811	1.70063	30.0919	5.52506	2.09968	21.534	3.03516	1.45366	9.38625	6.40305	3.36601	14.6747	10.886	3.15188	21.9012	7.61648	2.86613	19.7639	8.18317	1.93271	17.0814	4.51548	2.47382	21.0084	5.87927	3.96441	18.4342	8.03036	3.07474	39.4051	9.33342	3.81884	41.2423	8.48973	2.82743	19.4597	0.799921	2.99974	3.01261	
2.98403	1.31515	14.0221	3.31577	3.86297	14.5555	0.719877	3.98641	2.09653	5.6185	1.822	13.953	4.68858	1.41162	21.8421	5.56906	3.73225	27.231	7.51327	1.14336	26.9546	9.14506	3.84139	41.5197	3.48355	2.74802	8.1187	6.98165	2.09301	25.1997	4.05315	1.69311	17.8917	6.87182	1.27841	31.449	4.44877	2.72976	16.1137	4.47708	3.1345	12.3929	2.10482	2.96756	7.29598	1.64156	1.47034	6.03148	6.79105	3.56816	17.0962	5.19884	3.67847	18.8948	4.30555	2.41493	16.016	8.72122	1.85295	33.6242	2.49842	2.8788	9.17137	9.54569	2.28814	33.3035	
5.29891	3.91129	23.448	4.64231	3.61598	9.44736	1.64631	2.27196	4.7985	4.51673	3.26173	22.1608	6.51654	3.33234	24.2586	6.82585	1.93292	28.0367	7.6736	1.37427	28.4849	10.1133	2.99966	44.2468	5.83608	1.02099	15.5328	5.63906	2.5293	14.1808	5.63138	2.19105	13.5697	8.44621	2.12803	41.6584	4.66399	1.29024	17.5273	2.4007	3.96246	11.7503	3.25516	2.87303	7.6315	3.827	2.5758	14.4991	7.15305	2.08578	29.6223	5.40559	1.74634	18.5929	3.65661	2.04139	7.63719	7.56421	3.12976	33.4084	2.30862	3.23109	10.4025	10.5849	1.87958	23.1808	
4.35734	2.85361	20.2483	3.88322	3.33003	13.28	6.41514	3.07759	20.9326	8.58704	3.29123	29.9968	1.80165	3.99301	4.82622	3.46013	2.30174	16.8835	7.09873	3.8903	19.4896	5.98194	2.14982	23.0425	3.39562	2.32056	11.8639	9.92254	3.54226	39.551	2.89976	2.82701	6.12105	2.68437	2.7753	10.4606	5.84502	1.74075	15.9638	9.30253	2.82087	43.0444	4.92588	3.02616	11.2408	4.21792	1.1933	15.7216	6.23806	2.39048	30.9404	6.00914	1.30758	25.166	7.24352	2.17304	26.5201	10.8492	1.0992	44.218	6.40624	3.18379	14.1224	6.07196	2.9065	29.9488	
7.10511	3.04054	24.0884	6.77807	1.63233	13.6324	3.70092	1.78877	8.87739	5.52705	3.76978	11.0556	8.67907	2.10675	43.2996	8.91399	2.38278	22.1089	9.31519	1.80576	19.1288	12.0679	1.27054	42.3717	7.77109	3.24338	17.5517	6.25249	3.57539	31.0749	7.7836	2.15885	30.0341	10.5819	1.44616	30.6433	6.4991	3.91073	18.782	2.65378	3.42687	8.66648	5.40321	1.92283	24.7689	5.92301	2.01273	23.402	8.91772	3.1634	37.8597	7.18509	1.21327	27.9126	5.16015	1.5755	22.3032	8.20922	1.46825	18.0508	4.28518	3.51927	13.1333	12.5604	2.99613	26.5546	
9.49008	2.26361	44.8729	6.04477	3.77723	15.7908	6.29319	3.48803	19.4304	1.30383	2.18028	3.91304	8.01303	1.63418	19.4224	6.82201	2.37706	27.6491	4.73526	3.32387	11.129	8.34565	1.57661	19.784	9.53749	3.83203	26.7992	0.133396	2.6033	0.334498	6.92465	2.51716	28.7555	8.65791	1.2275	23.4301	3.97385	3.88002	17.4624	3.50627	2.32666	10.3391	5.62181	1.99878	11.4813	7.29654	3.11842	20.6333	4.92219	2.76641	15.7863	3.97892	2.63945	9.75509	2.75811	2.397	10.6804	2.08161	2.30246	9.9655	4.40825	1.07084	8.94421	8.89341	3.02976	33.1738	
7.40883	1.01507	28.6166	4.35132	1.00556	11.5509	4.15482	1.09903	20.6881	1.01022	2.28005	3.52228	6.45421	1.36249	26.561	5.69105	1.54256	24.3827	4.86646	3.95971	12.6789	8.07179	3.26113	33.7512	7.52761	3.79809	25.6666	2.27365	2.12916	9.06628	5.35016	3.96624	23.5911	7.56585	1.10731	31.8129	2.7096	2.97467	5.82807	2.08358	1.43791	5.26564	3.64429	3.31593	10.0722	5.25632	1.24308	25.6533	4.65688	1.28566	20.3103	3.11678	3.99897	12.3396	1.03966	1.64507	4.23121	4.10159	3.39227	17.2072	2.30437	1.33612	9.03786	8.60615	1.81739	36.4353	
1.77497	3.9744	5.91073	3.53037	3.90441	9.60142	4.52125	3.27787	17.8771	8.10022	2.40102	37.9002	2.66519	1.20753	5.56912	4.59191	1.87081	17.4957	7.96956	2.69839	21.8557	7.92309	1.82522	22.2661	0.820006	1.58174	1.96376	9.52657	3.88533	29.6682	3.12681	3.59552	7.39363	4.78192	3.04373	11.7841	5.7323	2.43274	25.9794	7.9909	3.48715	34.594	3.82862	1.4892	15.3084	2.38885	3.31296	8.44274	7.08461	2.42787	28.2045	6.19916	1.38913	30.8007	6.64846	2.78373	17.6686	10.8554	2.9084	46.1186	5.27016	1.09658	23.0856	8.13633	1.58998	24.3531	
7.79618	1.68606	33.4457	3.6697	2.83487	14.2303	5.60848	3.99232	20.6393	2.33449	2.75907	10.9176	5.2671	3.67037	10.9578	3.77626	3.75397	18.8303	2.0638	1.43219	4.50424	5.35377	3.52874	14.2259	7.55346	3.965	18.0663	3.21849	1.12697	13.0167	4.27078	3.12515	11.3781	5.55661	1.54561	14.7576	1.52578	3.41943	4.31402	4.88361	3.54681	17.5486	3.95527	3.48022	17.5585	5.59199	3.41521	13.4634	1.88658	3.59267	7.72248	1.02811	2.25517	2.89106	2.10421	1.90499	5.69138	3.82424	1.20709	12.6098	3.57044	3.70642	14.5414	5.89829	3.1765	22.732	
8.74826	2.66262	40.3601	5.82583	2.80579	26.9447	5.2957	3.50585	13.7216	1.44322	2.25978	3.13397	7.92155	1.08669	34.1028	7.06173	2.79056	18.3684	5.67452	1.67013	22.9682	9.13115	2.58113	30.6151	8.93114	1.969	39.5074	1.54531	1.19583	6.45671	6.81656	2.80828	33.215	8.93806	1.36086	26.4958	4.07196	2.17577	14.6628	2.09556	2.41833	4.65527	5.0882	1.33079	16.3157	6.65086	2.14055	16.9057	5.66225	1.0936	25.8014	4.34121	1.35781	12.5697	2.47257	2.57398	5.67988	3.49675	1.9982	16.5391	3.6755	1.55947	10.8135	9.67594	2.61839	36.1404	
2.59436	3.40033	10.4423	5.77156	3.31181	12.7683	6.23713	2.85131	14.8277	10.2931	2.36847	43.2153	4.63641	3.32631	17.8445	6.62587	3.75745	18.6554	10.1324	2.18768	35.6522	9.66575	1.99563	47.9645	2.106	3.58075	8.27054	11.7235	1.90717	35.5217	5.3017	2.06064	21.8426	6.38257	1.84866	18.6842	7.97357	1.1819	23.5089	9.92258	1.57041	36.9011	5.98383	2.06219	17.5271	4.38433	1.19211	21.607	9.24378	3.24953	28.0102	8.43497	3.49394	32.3112	8.83878	1.4146	25.3063	13.0912	1.28034	34.9261	7.35645	2.256	17.0419	9.79295	1.68084	35.8292	


# This instance was randomly generated with the following parameters: 
# SIGMA_MIN=1
# SIGMA_MAX=4
# CAPACITY_OVER_DEMAND=5