9	18
95.418	1220	141.936
35.0215	976.361	89.0959
112.479	937.088	86.5138
8.39531	625.576	32.6263
172.797	936.457	85.939
124.428	1333.58	152.219
166.115	402.587	14.0046
23.7898	1138.84	123.901
24.6306	516.06	24.9007
6.66666
15.4403
4.1942
19.2221
17.3835
10.1554
16.8436
10.2777
19.048
19.8773
13.7768
15.0653
2.3809
20.4159
15.4123
11.4144
15.8775
16.9268
5.53034	1.91733	11.3496	2.9856	0.627432	7.58723	6.29638	1.08035	30.0234	7.64056	1.64854	24.4418	6.86605	1.84583	29.2144	8.87499	1.32383	26.2334	10.4993	0.938179	51.8794	11.9393	1.49036	32.6837	6.88409	1.98337	15.4796	3.57731	1.24601	8.88797	5.46641	1.51639	23.8613	8.45769	1.54594	22.787	6.18218	0.902931	20.623	5.90048	1.27371	12.3883	2.35765	1.8365	11.1859	10.929	1.12122	28.2478	7.36028	1.8154	26.446	7.5318	1.09305	33.9033	
3.06211	1.93605	6.38129	7.43475	0.806195	37.0286	4.69561	1.74098	13.7495	7.97751	0.540608	30.4126	2.21271	1.34794	5.84977	9.81803	1.98604	27.8475	4.53966	0.985155	12.1771	7.39979	0.929195	23.4793	2.38141	0.768847	6.67568	5.17515	1.74758	23.0326	8.0762	0.985216	18.4551	5.67132	1.30332	20.7121	5.70404	1.92439	19.0639	3.80846	0.633656	14.2483	8.54859	1.414	18.2124	5.12597	0.96499	16.9344	2.91963	1.03028	8.91226	4.62572	1.68267	22.3968	
3.26456	0.633334	10.8983	7.43995	1.15012	22.6511	4.50572	0.790967	9.19979	7.71803	1.55615	32.7419	2.13687	1.69431	6.4509	9.54125	0.589076	30.7783	4.08735	0.756549	15.4455	6.95506	0.507042	19.1979	2.77647	1.88784	8.13029	5.26866	1.78527	22.7181	7.93645	1.66424	29.4297	5.32675	0.835517	23.4117	5.51005	1.17067	11.1592	3.70445	0.855848	10.1289	8.58413	0.89855	41.3318	4.67266	1.91347	22.993	2.66832	0.787587	7.32424	4.3315	1.70035	18.663	
3.22419	1.88972	12.6909	6.06016	1.26197	22.8895	2.59319	1.6864	5.25119	5.63874	1.33349	20.6097	1.32693	1.27023	3.15119	7.44771	1.27909	36.7292	2.89875	0.512048	13.5689	5.42012	1.42233	17.419	3.82773	1.69492	17.2101	4.39021	1.40133	13.0407	6.07484	0.831474	24.4588	3.25618	1.3743	10.8462	3.55628	0.553025	10.2396	2.16843	0.962179	4.86836	7.28623	1.00401	35.9244	3.4617	1.56099	7.22729	0.718387	0.990534	1.90174	2.23499	0.561539	5.62835	
7.71085	1.47196	30.3206	4.9455	1.40934	17.3287	4.3087	1.58071	19.6747	0.958123	0.506563	2.24713	6.86878	0.836011	30.3096	1.07986	1.89398	2.48809	6.80089	0.528599	13.9607	6.12446	1.69833	22.4919	9.31748	1.4363	27.7175	6.33151	1.68681	23.5214	2.42364	1.50523	10.1486	3.79125	1.68389	11.7723	3.34686	1.55024	9.31009	5.43275	1.87008	17.0366	5.6587	0.842727	15.2043	6.79274	1.34891	30.9905	6.00207	1.21298	19.672	4.37532	0.884838	19.8444	
8.3638	1.19565	27.855	5.58955	1.24909	26.2107	4.9187	1.72275	16.7174	1.50643	1.11217	6.13787	7.4635	0.671825	15.5981	0.400048	0.990204	0.959969	7.1008	1.422	25.6799	6.14158	0.643405	18.9637	9.95262	1.2641	43.2483	7.01138	1.35926	17.1438	3.05088	1.12857	9.1466	4.16771	1.08946	13.1287	3.97941	1.52138	18.5299	6.06118	1.62519	18.1247	6.25099	0.513545	14.9129	7.03955	1.8098	32.7072	6.55342	1.45405	23.6803	4.88359	1.8249	14.1537	
4.63711	1.241	22.0994	8.10202	0.84978	35.976	4.59796	1.72724	20.6618	7.3323	1.44374	22.7397	2.98359	0.636808	14.1876	9.03008	1.55645	32.4927	2.56268	0.777567	6.47745	5.47488	1.87297	21.0982	4.47672	0.676266	16.4136	6.27701	1.98687	23.0893	8.05693	0.966947	33.5999	4.60578	0.621476	14.511	5.51139	1.76454	24.3098	4.20396	1.38843	11.8174	9.31991	1.68627	34.3225	3.11358	1.26732	10.5896	2.7682	1.01292	6.57158	3.96167	1.30002	15.35	
3.51548	0.932997	13.1352	7.51561	1.04381	21.141	4.42227	1.14719	20.3713	7.55424	1.17492	23.3211	2.19694	1.51974	9.86221	9.35742	1.25395	39.7421	3.71037	0.817464	10.1867	6.58948	1.52331	30.5715	3.14678	1.07956	13.1157	5.42459	1.06286	17.2226	7.88444	0.78422	29.6102	5.08252	1.84762	20.3444	5.41656	1.01856	18.6296	3.70792	0.689314	18.5217	8.68221	1.82233	20.3061	4.29331	0.999429	10.7909	2.54632	1.29709	7.17307	4.14549	0.79709	9.67719	
6.29429	0.75412	17.4016	7.70059	1.90753	30.0509	3.93777	1.2145	12.4792	5.03252	0.636645	15.8267	4.42701	1.90589	10.4677	6.36885	1.06182	24.8855	0.987365	1.23465	2.83016	2.27371	0.869456	10.9433	6.96755	1.53267	30.5492	6.87169	0.969525	26.6721	6.59855	1.9573	30.915	2.24883	1.66846	11.089	4.33502	1.98849	9.35473	4.46863	0.912893	14.1671	8.92955	1.62181	33.8248	0.904488	0.843421	3.41661	3.31606	1.07147	10.2915	2.7133	1.83428	8.0083	


# This instance was randomly generated with the following parameters: 
# SIGMA_MIN=0.5
# SIGMA_MAX=2
# CAPACITY_OVER_DEMAND=3