6	12
170.064	1245.53	153.128
78.9241	1048.84	94.0157
90.7008	1285.94	141.419
27.2538	966.809	88.5768
148.276	659.851	37.7243
20.4578	1249.14	148.122
18.2297
14.6612
1.14772
0.492582
0.399461
22.6788
18.5511
9.27035
9.56133
10.4423
4.38356
22.7791
6.68876	0.493644	17.5809	5.77435	0.321613	13.9153	4.71663	0.709124	12.4127	3.3138	0.518564	8.37139	5.36549	0.758515	22.8119	3.99116	0.67398	18.0898	3.90087	0.391471	8.7871	4.06054	0.160102	12.0092	3.30576	0.898258	8.84418	3.46426	0.762612	9.57234	1.79558	0.691226	3.70679	0.988119	0.17492	4.59873	
8.1545	0.944355	37.7307	3.40181	0.903784	9.02923	7.86109	0.425499	16.8744	8.19391	0.254702	38.3981	9.65969	0.158028	33.3231	8.73308	0.244765	20.504	3.25925	0.212363	10.6531	8.39605	0.116368	41.7403	7.40845	0.938391	23.4897	6.71418	0.816582	32.3055	4.99718	0.127977	15.5619	5.61764	0.888032	26.444	
8.41036	0.105139	32.9798	8.44126	0.850523	40.6281	5.84508	0.161917	22.445	0.8217	0.554751	3.69195	5.16636	0.354689	17.1783	3.33974	0.581426	13.7195	6.54758	0.852647	25.2603	4.15957	0.834895	14.8035	4.0176	0.35388	17.2296	4.90561	0.823973	13.6485	2.7005	0.780949	10.3814	1.84063	0.913724	8.91492	
4.90584	0.240143	10.6056	7.48573	0.610449	18.9985	2.07376	0.416784	4.18635	3.97084	0.704463	16.0444	1.38427	0.716024	3.72068	1.31207	0.756252	6.09801	5.75677	0.725304	13.5169	0.141377	0.305572	0.639173	0.899754	0.231855	3.21632	2.02852	0.108871	7.78547	5.59345	0.768523	17.5731	4.30649	0.17363	18.4402	
4.59086	0.761209	14.7479	4.13752	0.91362	13.9448	3.24218	0.496347	10.0793	5.01561	0.310291	14.0946	4.9458	0.359126	22.7857	4.30527	0.237551	10.6594	2.25634	0.509456	11.0981	3.72894	0.148976	17.24	2.71708	0.263383	7.23915	2.00415	0.668232	7.45331	3.90188	0.86676	16.2767	3.19823	0.904299	15.6489	
6.86805	0.290653	30.6129	7.36015	0.572936	32.5458	4.30953	0.631883	17.7807	1.73357	0.688272	3.77248	3.9577	0.570809	13.4859	2.27171	0.206876	6.76389	5.44422	0.82752	10.9761	2.79329	0.732807	9.57262	2.49727	0.328218	6.26485	3.36329	0.727093	16.6606	3.00516	0.383814	14.6881	1.71241	0.224963	5.83058	


# This instance was randomly generated with the following parameters: 
# SIGMA_MIN=0.1
# SIGMA_MAX=1
# CAPACITY_OVER_DEMAND=5