6	12
40.5219	1246.9	140.575
139.43	768.092	57.9724
28.2175	530.184	24.2409
92.9759	1116.35	118.81
0.904336	1042.71	106.897
143.056	662.394	39.2191
12.2639
9.82661
8.22022
8.27563
8.25492
0.0755671
1.23387
7.95746
11.1934
11.3774
7.65464
11.2095
4.11127	0.549571	18.2592	2.44116	0.423779	10.4706	2.85795	0.722952	9.9588	6.1637	0.278551	20.2564	5.51484	0.386327	18.4041	2.89192	0.295442	6.10792	3.867	0.243612	16.4845	3.50453	0.928125	7.05998	6.10962	0.353225	13.7997	4.26281	0.773398	11.5362	5.10069	0.356076	22.4825	1.8769	0.769423	3.91473	
5.20699	0.513152	13.3587	5.44526	0.326676	26.752	4.803	0.838854	15.649	1.78378	0.528266	5.53691	1.11965	0.431769	5.39468	3.66686	0.46074	8.51796	5.5003	0.85498	16.8936	1.34755	0.120615	3.59034	8.23273	0.312748	36.7467	1.06746	0.406146	2.5139	0.640926	0.522105	1.74442	6.50193	0.28872	29.2354	
2.30332	0.349604	5.16799	6.60173	0.689484	25.502	2.24046	0.540938	10.9882	7.79512	0.646804	37.8629	7.37003	0.714195	32.1542	3.3855	0.344779	13.0102	1.77259	0.396032	5.85142	5.70792	0.220687	14.2727	1.91421	0.298592	5.52415	6.12011	0.142014	18.6667	7.17472	0.724134	27.4684	4.11554	0.998248	19.4195	
2.77423	0.959837	11.0708	8.89971	0.410696	37.2224	3.74614	0.544778	11.3671	8.08214	0.588003	18.884	7.85506	0.752901	23.3118	4.49853	0.423905	16.0437	2.71627	0.80524	6.82158	6.71847	0.215926	18.2742	1.1473	0.358507	4.19224	6.84821	0.496584	32.8101	7.81794	0.179203	19.1085	6.67827	0.542262	13.8439	
6.46423	0.618512	23.8614	10.9086	0.940507	40.0967	7.26398	0.877204	32.0996	4.41536	0.842519	18.9414	4.92315	0.105573	16.9696	6.47476	0.987579	19.0308	7.02694	0.998918	17.1876	6.13111	0.952914	14.3088	8.5651	0.706102	30.1118	5.43515	0.666445	23.1926	5.35316	0.174174	21.2488	10.7247	0.816844	37.7799	
2.4009	0.206537	8.12209	5.44133	0.506173	11.3649	1.70137	0.269762	6.61541	7.31992	0.253582	28.3232	6.82378	0.812153	22.2453	2.83214	0.202621	13.8563	1.85296	0.102518	3.81085	5.00029	0.703873	13.117	3.06874	0.382689	13.9935	5.51882	0.286669	17.1754	6.56711	0.556729	29.9796	3.0151	0.139152	13.0879	


# This instance was randomly generated with the following parameters: 
# SIGMA_MIN=0.1
# SIGMA_MAX=1
# CAPACITY_OVER_DEMAND=5