9	18
6.78126	1235.61	138.299
59.1947	408.825	16.3831
68.8742	774.182	58.4363
40.0839	387.944	13.3513
61.796	1050.41	108.702
24.7059	792.928	52.0678
77.2509	926.467	79.694
93.6525	921.591	73.369
75.269	1229.54	134.115
5.74568
5.9879
1.48158
6.6126
0.337332
2.78882
4.94898
1.71407
6.53604
0.0238266
5.74468
3.97256
0.468112
6.04524
5.13625
0.407183
3.8526
5.63826
5.93302	0.544002	25.9742	7.9448	0.438548	23.9326	5.12375	0.840216	21.0615	8.15632	0.686746	24.329	8.1135	0.227705	18.2884	6.02237	0.159433	25.4436	6.84455	0.594141	20.5859	3.73612	0.425177	13.6234	5.57602	0.433476	26.8886	8.93674	0.919115	20.6984	7.01804	0.435777	34.704	5.25351	0.19783	11.7711	7.06811	0.149341	21.6608	1.14086	0.217458	4.1084	5.66172	0.753822	17.5811	9.19375	0.57493	37.2045	4.62271	0.779829	16.9715	7.74382	0.318121	18.1899	
4.65301	0.730653	10.4309	6.63043	0.177073	19.9811	6.26976	0.927085	25.6383	5.54899	0.803289	19.6056	6.26163	0.141973	22.6874	8.37437	0.602972	27.9027	3.98711	0.182703	15.2517	1.0523	0.156027	3.83105	0.910241	0.446779	3.54768	8.79829	0.482998	23.4747	5.8905	0.172324	12.6681	1.22669	0.862763	2.65276	7.68021	0.270007	35.9131	3.89079	0.48467	11.8142	5.46056	0.643129	15.0114	8.26052	0.347911	32.2409	4.14652	0.301637	14.3534	3.95958	0.570304	8.7282	
3.92484	0.674399	18.6669	1.94954	0.156418	6.33032	4.48569	0.622407	11.5301	3.9049	0.352459	17.6149	2.62581	0.142353	9.59423	5.7003	0.239182	11.8079	4.96118	0.437263	19.9267	8.86651	0.802317	40.7963	8.40608	0.909943	20.574	1.21125	0.418796	4.49955	2.65366	0.987941	6.677	7.45349	0.701328	21.4114	2.88796	0.934992	11.6386	8.29858	0.787042	19.8741	3.66611	0.2133	13.5763	0.362745	0.447774	0.970633	4.91393	0.801264	10.5064	6.22186	0.119726	14.5651	
4.73342	0.671141	13.1963	5.34718	0.438884	11.1214	1.86934	0.277535	7.54037	6.99802	0.616574	21.0879	6.06956	0.768528	21.5861	0.55147	0.785736	2.3623	6.69285	0.600527	13.5023	7.45609	0.284595	16.4586	8.2914	0.166142	40.13	4.59314	0.260611	14.533	4.75305	0.165685	9.721	7.39913	0.24242	23.538	2.64111	0.586056	5.94109	5.09123	0.998114	24.5509	3.46605	0.673392	12.198	5.62654	0.530415	27.9819	4.076	0.461731	10.7585	8.24617	0.338883	29.9013	
6.41806	0.599573	23.2519	6.23864	0.505946	21.698	3.88356	0.555076	17.0223	8.26392	0.585974	22.2221	7.09476	0.170431	16.0992	1.999	0.328398	6.06529	8.37002	0.523134	23.8247	9.85304	0.492548	25.7827	10.5144	0.974505	35.2883	4.40205	0.321796	11.8068	5.97397	0.322594	25.9724	9.57496	0.997407	25.7833	3.2491	0.229795	14.0916	7.56636	0.622949	35.894	5.14579	0.76075	16.7015	5.82954	0.836074	27.0424	6.13988	0.750004	25.7482	9.94998	0.528491	34.8973	
3.71553	0.177403	17.3632	3.91934	0.597985	9.21621	1.31535	0.849342	5.10482	5.73793	0.857834	22.2129	4.69662	0.787331	12.5026	1.77748	0.277264	8.68937	5.68239	0.644637	17.8351	7.38207	0.638047	36.4728	7.85938	0.833831	19.9693	3.12228	0.10274	13.0794	3.43897	0.587014	13.2376	6.90239	0.328571	17.1325	1.12528	0.463849	5.52066	5.54424	0.837632	26.8633	2.43246	0.593891	7.3295	4.10515	0.981347	16.4199	3.45954	0.626952	16.6125	7.2629	0.315504	34.1782	
5.20463	0.200419	15.3106	5.39495	0.361283	25.6806	2.50255	0.459971	12.044	7.26255	0.978174	27.2613	6.1981	0.440817	21.1425	0.732086	0.228883	2.66625	7.17916	0.839893	19.7211	8.40959	0.799289	32.4942	9.11665	0.485391	32.6532	4.11785	0.268557	10.7566	4.96122	0.625605	10.6305	8.19124	0.48018	23.3328	2.4214	0.511523	6.5902	6.14658	0.458916	24.9048	3.91213	0.822735	12.1881	5.35271	0.872275	13.3319	4.77897	0.379187	21.6685	8.75684	0.2913	31.242	
2.44461	0.477152	10.3089	4.46988	0.140116	12.1732	4.34579	0.294141	15.7123	3.73814	0.256891	10.4137	4.19872	0.858024	13.0167	6.62392	0.61989	13.5737	2.23154	0.315346	10.8226	2.58309	0.268208	11.7949	2.3239	0.984627	9.7448	6.58934	0.746049	16.3991	3.69318	0.798113	13.03	1.35565	0.895652	4.77512	5.54899	0.677012	26.9321	3.63263	0.768141	14.8289	3.30878	0.850063	8.84292	6.08252	0.63427	20.6311	2.08747	0.150055	5.46119	3.02174	0.826158	7.80854	
4.07976	0.315545	11.2992	2.63894	0.766457	8.16149	6.36878	0.315066	25.5095	1.93718	0.678947	6.01854	1.99629	0.460145	5.5812	8.3248	0.962131	30.905	3.49836	0.696579	10.5585	8.16459	0.925251	27.3059	6.98376	0.188142	24.39	4.60301	0.330536	15.2944	3.33531	0.655844	16.1132	6.23814	0.779062	28.8802	5.59607	0.903983	27.7716	8.82774	0.540193	31.3245	4.85776	0.993782	16.8088	3.11275	0.604802	13.4282	5.4091	0.823815	17.8422	3.92898	0.955387	19.3056	


# This instance was randomly generated with the following parameters: 
# SIGMA_MIN=0.1
# SIGMA_MAX=1
# CAPACITY_OVER_DEMAND=10