12	24
152.985	921.318	79.4035
84.6804	1074.48	107.269
3.57282	1180.1	136.424
32.6843	604.781	30.3052
54.6314	951.416	77.7214
2.70555	1067.51	96.3008
77.4938	520.204	24.6544
87.4385	1111.35	109.355
15.7297	1193.4	133.794
54.4416	1110.06	108.209
178.451	1053.78	106.309
177.062	1001.04	99.4919
4.74889
34.8643
17.9409
4.88387
36.9309
31.1074
29.4758
26.4357
24.7738
15.0366
34.7564
4.0249
7.13613
35.6992
17.5909
21.7737
30.9042
22.0933
21.0818
24.2496
14.2421
35.5393
34.2194
25.1092
2.69942	1.15988	9.49711	4.59392	1.04049	20.9466	7.91259	1.53569	31.5743	4.44211	1.55468	15.498	8.74188	1.0988	20.0941	4.11014	0.853498	13.9531	4.62272	1.07346	16.1253	5.66896	1.68489	25.0901	4.09239	1.37506	8.48954	3.38922	1.67471	14.412	4.47593	1.89127	19.888	3.67392	0.908149	15.4943	5.02253	1.76024	15.9908	3.21578	1.621	10.3667	6.85423	1.28684	32.2061	2.42918	1.74147	8.06137	3.44291	0.849015	7.20961	5.97622	1.9208	19.9293	4.34512	0.529137	21.3354	3.4691	1.65972	14.4132	1.60202	1.51088	7.62371	2.25969	0.806801	6.5494	2.23705	1.55703	4.70705	4.58738	0.786385	20.7563	
4.55527	0.723545	13.8979	5.49878	0.718937	25.8458	9.40673	0.565501	37.3419	3.73768	1.93195	11.0603	10.1403	0.927882	40.8923	2.47332	0.629901	7.61833	6.47072	1.11281	23.9309	6.00015	1.2847	15.0297	5.95938	1.63531	27.4931	5.26617	0.76905	17.9448	5.43652	0.994543	21.9017	5.44433	0.643028	13.7041	6.82843	1.65217	26.6736	3.08809	1.24073	13.1664	8.44395	1.70998	27.3373	4.30983	1.85378	17.6219	2.96098	1.1976	8.75871	6.50204	1.31835	28.5836	5.82853	1.99068	18.9075	5.32204	0.901837	20.0121	1.81202	1.11952	4.86467	4.12022	1.38529	13.1661	1.55438	1.72184	7.54061	5.15262	1.59643	25.082	
1.8416	1.24201	5.30064	6.24637	0.850948	23.84	8.4741	1.13599	18.2741	6.77428	1.81087	26.5281	9.44668	1.71818	42.3458	6.20959	0.678008	26.6366	4.29871	1.13573	9.70017	7.67229	1.54661	20.0743	3.67827	0.519059	8.73116	2.97867	1.5329	13.6441	6.08675	1.06832	20.2192	3.9479	1.66827	14.1626	3.40061	1.26138	12.8888	5.50539	0.622661	24.4136	7.27027	1.73784	36.3048	2.25976	1.14932	11.0209	5.77093	1.22636	27.0865	7.83976	1.29777	37.7612	5.26011	0.839946	12.6789	3.33337	0.739972	9.13357	3.92648	1.42677	9.79153	2.50254	1.09176	12.4889	3.00688	1.54414	14.1574	6.50934	1.06193	20.1008	
3.32915	1.85501	12.3084	8.11061	1.68388	35.2287	8.29788	1.47217	40.0034	9.96897	1.16837	29.8897	9.36028	1.28604	46.0153	9.83936	1.33167	34.3303	4.04938	0.613458	13.5228	9.92545	1.78399	33.6061	3.7162	0.581546	9.03821	3.63524	1.87353	12.2923	7.91941	0.996752	26.7167	4.77678	0.924345	9.97363	1.37301	1.54496	5.62908	8.53804	1.42202	26.4722	7.08931	0.831135	17.474	3.97072	1.69668	13.92	8.9506	1.83473	20.6983	9.82712	0.802616	25.425	6.35211	1.31754	27.2418	4.04649	1.4017	9.95231	7.18484	1.83576	28.6566	4.38653	1.93363	19.0094	6.70666	1.86306	32.3285	8.74432	1.13935	24.1981	
5.48955	0.942559	24.9314	5.9599	1.4597	21.4051	10.0777	0.696642	34.5245	3.50331	0.807002	14.3852	10.7577	1.12357	34.2105	1.6869	1.75593	4.88645	7.35053	1.1231	31.8407	6.1796	0.846059	28.9806	6.85557	0.887351	20.1132	6.17415	0.829341	24.8755	5.9241	1.66178	15.745	6.28368	0.700423	25.0012	7.76568	1.45404	31.8429	3.24503	1.30738	15.1932	9.17004	1.60582	38.6026	5.2254	1.38795	14.9105	2.94427	1.01666	11.8518	6.75807	1.96106	23.9447	6.53224	1.15188	18.3568	6.2088	1.09026	29.6454	2.37909	1.40456	10.507	5.01688	1.9326	18.6798	2.09261	1.41625	7.27036	5.47571	1.95758	17.3461	
6.62277	1.01253	18.4233	2.18211	0.896783	8.74973	6.43233	0.519775	18.2256	2.52313	0.880211	7.8055	6.65186	1.8534	20.7561	4.96665	1.22797	21.9614	6.55437	1.19766	13.7159	0.711428	0.972344	1.7964	6.50012	0.608023	24.5025	6.29986	1.99187	22.3044	2.3465	0.632517	8.07205	5.37098	0.760012	26.6818	8.66592	0.927757	28.5356	2.35219	1.07981	9.05343	6.13668	1.38371	22.2704	5.93738	1.11275	25.9261	2.62573	1.08935	9.22871	1.45808	1.51375	4.36851	4.1818	1.91838	12.9288	5.9561	1.72266	28.6157	3.85226	1.13586	17.3127	5.51777	1.83348	21.1031	6.88687	0.843849	31.2354	1.23666	1.09178	3.16495	
3.22007	1.53512	6.94506	2.63258	1.65635	10.9929	3.68326	1.62457	8.83659	5.99231	0.898756	23.55	4.58802	1.81017	18.4644	7.2836	1.27804	26.4941	1.87844	0.510466	8.2865	4.55771	1.48199	11.7265	2.04206	1.44883	6.69931	2.26039	0.568113	9.51818	2.44636	0.629207	5.40942	1.04272	1.49	4.98958	4.39901	0.572307	18.1126	4.58763	1.42667	16.4831	2.59568	1.9372	6.69362	2.6483	0.648766	8.17425	5.18778	1.60137	15.4614	4.2624	1.03188	15.1042	0.625387	1.53908	1.6641	1.80655	1.36586	8.13186	4.31296	1.49536	16.7659	2.41515	0.538878	6.23926	6.48655	1.43484	24.1701	3.51727	1.41488	11.0088	
4.24459	0.81162	12.8195	4.95238	1.08174	17.0942	3.10657	1.85595	9.92752	8.52928	1.06311	23.7547	4.16287	1.72345	15.2506	9.73348	1.7695	21.8085	1.78387	1.06075	5.24732	6.81887	0.765552	29.395	2.40327	0.668611	10.621	3.12965	1.31874	9.1834	4.78791	0.895137	10.2572	2.63568	1.84789	11.2394	3.94181	1.22546	15.6617	7.12106	1.9783	16.3386	1.9738	1.0804	6.07844	4.03472	1.6895	19.0293	7.71836	1.80154	26.5723	6.36576	1.72961	19.8968	2.99679	1.87759	10.1374	2.87699	1.26312	9.37917	6.70012	1.38906	17.8051	4.05888	1.96841	10.8923	8.38153	0.890184	30.4182	5.91342	0.908666	16.7838	
4.43181	1.05088	19.8831	5.40072	1.18954	16.9565	3.34136	1.72318	15.052	8.95703	1.37413	26.3492	4.38001	1.41532	12.9613	10.1171	1.63352	49.2231	2.00476	1.58384	7.91993	7.26695	0.513924	27.069	2.60723	1.81572	10.1103	3.34777	0.683705	12.8821	5.23588	0.885216	15.5404	2.98393	0.987454	10.9748	3.87854	1.3946	18.5239	7.54026	1.77748	21.1885	2.28775	1.56094	9.26451	4.28424	0.785354	17.508	8.13502	1.91859	28.4482	6.81017	0.743847	20.6208	3.43934	0.744222	11.4182	3.14249	1.17739	7.28089	7.07384	1.4945	18.0754	4.34436	1.75552	16.4563	8.65017	1.0028	37.0638	6.36083	0.83201	26.3576	
6.89693	1.12793	24.8098	5.85251	0.654385	13.7998	10.3151	1.81033	50.0234	2.26613	1.24207	9.39358	10.833	1.62955	23.827	0.309204	0.884283	0.802601	8.36334	1.984	35.2075	5.4479	0.937053	24.6001	7.95976	0.882434	29.2455	7.36064	1.24017	16.1849	5.88029	1.11437	21.3924	7.17186	1.05163	20.5143	9.25038	1.65173	26.5811	2.89187	1.91582	8.74727	9.59078	0.735908	35.1569	6.48798	0.842439	23.2091	2.32609	0.842288	5.06714	6.14635	1.10023	29.5937	6.98928	0.946071	18.1974	7.28859	0.959434	18.7247	3.09615	1.3779	8.96191	6.19056	0.977026	19.0117	4.03996	1.22751	17.805	5.10432	1.52129	13.7719	
3.31211	0.805479	12.2807	8.13556	0.66407	40.2138	8.39108	1.60804	29.0844	9.93899	1.13366	41.0145	9.45351	1.40084	44.9448	9.77626	0.554104	27.6784	4.11854	1.6787	19.2196	9.9404	1.83175	34.83	3.7689	0.916572	10.7325	3.66152	0.873852	18.2849	7.94481	1.17442	21.912	4.81626	1.14316	16.5142	1.44292	1.62102	2.90948	8.51416	0.794606	25.5672	7.17873	0.890738	27.8779	3.96376	1.92684	14.1748	8.91973	0.873625	42.2326	9.85251	1.76788	30.0395	6.39629	1.82743	20.5149	4.07926	0.800399	11.2344	7.1453	0.726003	14.597	4.38123	1.38014	10.7816	6.61409	1.37693	30.9234	8.75689	1.98011	22.6054	
1.65522	0.668617	4.48513	3.7328	1.87763	10.9025	5.07006	1.39032	11.2993	6.22478	0.659493	29.6218	6.04381	1.41948	18.4634	6.9683	1.01841	31.0027	1.36604	1.01188	3.44284	5.5783	1.6786	15.1281	0.985905	0.719467	2.55051	0.748681	0.50795	2.07309	3.5411	1.7974	7.83247	0.549189	0.602744	2.54048	3.09133	1.75562	14.9137	4.73912	1.96093	21.2391	3.87604	0.554868	12.5592	1.15658	1.69212	2.45119	5.27893	0.638469	20.1601	5.44835	1.05841	13.6516	2.07495	1.7627	7.74973	0.356288	1.92324	1.08487	3.91389	1.50915	14.8758	1.0778	0.814014	2.2766	5.40195	0.984526	18.9808	4.41686	1.15222	14.3035	


# This instance was randomly generated with the following parameters: 
# SIGMA_MIN=0.5
# SIGMA_MAX=2
# CAPACITY_OVER_DEMAND=2