6	12
133.851	435.768	17.9822
145.715	526.791	24.4104
33.7873	1107.2	122.322
12.4812	846.509	63.3163
63.5133	685.904	45.6719
89.023	756.504	53.2616
7.76918
11.2175
1.52341
5.1094
28.0815
20.4057
19.5496
25.9434
6.77795
15.1891
0.490491
21.4252
4.70128	0.434374	18.1597	2.33699	0.287098	9.43941	1.6274	0.827461	5.79304	3.71829	0.18441	17.3067	3.99036	0.636029	17.8277	5.3193	0.997018	18.1656	1.85467	0.13492	7.43718	3.51839	0.869039	13.5299	3.66946	0.67466	9.28283	2.37358	0.511683	6.26353	4.79818	0.644094	11.1076	5.10437	0.379648	14.7364	
1.34321	0.164809	4.76603	2.46592	0.794899	11.4882	4.56624	0.304393	10.8177	8.44121	0.782509	30.3974	2.75254	0.156461	7.59958	6.04382	0.30972	15.3621	6.27653	0.111296	21.9626	7.78824	0.472876	37.0406	7.2086	0.942797	20.206	2.44154	0.232891	8.5482	0.746034	0.59541	1.58578	0.981598	0.744199	2.32672	
4.14467	0.178087	17.1635	2.50001	0.650115	7.10835	0.190276	0.282353	0.703367	4.79134	0.941968	21.834	2.93962	0.195569	6.42161	6.89088	0.118116	22.87	3.44409	0.346842	13.0822	5.04043	0.573316	10.5068	2.55936	0.241448	9.3327	2.75424	0.827022	12.1418	4.99277	0.861226	13.1713	5.33601	0.444852	20.1511	
1.85378	0.187967	6.53394	2.05105	0.263971	4.81975	2.4126	0.206843	10.5196	7.13667	0.745195	23.0522	0.456952	0.403909	2.14749	7.32741	0.27999	22.2304	5.39333	0.364434	17.9116	7.05884	0.111888	17.3735	4.61286	0.798842	12.3513	2.38398	0.140797	10.8876	3.43344	0.816423	7.90059	3.76383	0.897773	12.0125	
2.503	0.645797	7.96616	0.297946	0.224107	0.674497	2.04549	0.729027	8.2201	5.93485	0.966361	26.1739	2.18425	0.729469	7.66764	5.52157	0.308209	20.8222	3.90903	0.869542	17.6973	5.53803	0.183274	18.032	4.78419	0.997641	17.5317	0.633381	0.716277	2.55868	2.79444	0.488159	8.00282	3.13223	0.398894	6.75127	
3.73755	0.60844	13.8502	1.56141	0.993613	4.37546	3.24504	0.862476	13.8355	5.51887	0.763222	26.0373	3.90386	0.510464	15.8054	3.73861	0.979388	13.1432	3.26687	0.264128	14.3529	4.65001	0.815575	12.1578	5.85142	0.297213	19.7172	1.23979	0.789937	2.50001	2.8947	0.974567	13.8117	3.12711	0.501992	14.3607	


# This instance was randomly generated with the following parameters: 
# SIGMA_MIN=0.1
# SIGMA_MAX=1
# CAPACITY_OVER_DEMAND=2