11	22
36.8659	1349.21	156.587
11.7999	1156.64	132.547
19.3853	1141.05	107.635
169.426	882.55	70.2979
51.8212	543.237	28.6334
119.059	1167.68	127.431
102.336	961.492	86.4422
7.71019	1152.43	125.08
66.6946	854.968	61.6928
84.8911	704.886	43.6446
39.6091	1284.56	146.557
10.5994
3.33203
7.63609
2.0579
15.4638
8.73937
12.8182
5.75432
18.7193
12.0744
3.69205
17.7797
6.5184
6.24797
18.5307
8.77999
8.41408
12.2207
3.12414
15.0969
1.33431
18.3756
6.64529	0.674018	18.6672	7.60241	0.379546	33.9416	3.48621	0.610353	12.132	2.44124	0.504108	11.1051	9.97447	0.925345	36.4947	4.58857	0.167947	22.5809	2.38421	0.724725	6.77732	3.32315	0.933404	14.0478	8.94505	0.465682	32.02	5.82732	0.272626	23.8871	10.6179	0.248565	42.811	5.22294	0.99723	13.2752	6.04396	0.709519	14.2455	3.91963	0.158588	13.0779	3.88073	0.478834	19.187	7.25669	0.842569	33.9898	2.93339	0.213682	10.4458	6.2839	0.771327	14.5241	7.34619	0.565812	15.459	10.326	0.690995	29.2091	3.72266	0.62851	13.2209	8.3483	0.226985	27.4716	
2.07012	0.294001	5.11916	4.99086	0.175423	24.7498	6.4811	0.673875	17.0104	4.9724	0.62673	12.1309	4.80265	0.914723	16.0754	2.99098	0.215583	10.1646	4.91657	0.352389	15.7276	5.94943	0.599348	18.8969	5.90106	0.776201	23.3865	4.38875	0.306862	18.852	7.6834	0.701692	22.7581	3.82693	0.835778	17.1322	8.43544	0.839328	18.3093	5.61012	0.78737	20.0638	3.46691	0.550228	13.8292	4.68593	0.426403	20.9728	6.56546	0.845259	32.0065	3.58062	0.842054	12.1426	1.0437	0.728781	2.59892	3.28197	0.139969	9.20207	7.52628	0.929106	17.1338	1.21852	0.360453	5.65012	
9.67832	0.857938	25.3203	7.43979	0.441192	29.4985	3.08864	0.174097	7.6086	5.93112	0.213819	18.178	10.4081	0.6651	23.4215	7.68982	0.110483	26.5988	5.73207	0.773991	28.163	7.32023	0.946311	17.5917	8.48582	0.663715	33.3106	6.11096	0.44191	23.3351	9.63841	0.916419	36.9642	6.0631	0.537982	28.6253	3.44397	0.752965	16.4289	7.87157	0.248623	20.0213	6.92441	0.608786	16.4826	7.24684	0.932612	15.9771	6.98168	0.818258	33.5837	6.96661	0.928241	29.1695	9.16704	0.810169	22.9361	11.9948	0.757379	58.7669	2.12728	0.614623	4.54702	10.3478	0.882847	48.1542	
3.42742	0.680769	13.6405	5.14437	0.374578	16.3563	7.67881	0.281376	31.1288	6.60523	0.473859	28.5599	3.94602	0.134648	12.3417	4.64307	0.619043	22.0563	6.53518	0.518681	29.0422	7.59139	0.103409	18.9063	5.70414	0.995146	15.8612	5.11335	0.322258	13.7468	7.27451	0.222136	31.8428	4.78878	0.678478	15.9883	9.27654	0.640323	38.4886	7.23015	0.722736	27.5642	5.10881	0.345406	18.3199	4.93857	0.744039	15.4499	8.21472	0.59183	23.1554	4.1944	0.550734	18.8468	1.58138	0.246568	5.64017	1.63332	0.888051	4.0427	8.70628	0.667317	28.9949	0.44644	0.624487	0.955754	
3.23282	0.210893	12.8229	4.03217	0.262084	8.2728	3.92123	0.710771	11.1466	3.01982	0.736759	8.58573	5.44484	0.230445	12.2771	2.08644	0.667859	6.0349	2.85333	0.799849	12.4815	4.63467	0.391458	11.6026	5.32149	0.966652	13.1222	2.61704	0.387071	11.4226	7.21418	0.94796	19.9361	1.77409	0.655883	8.17638	6.14176	0.708475	15.9182	4.57329	0.219495	13.6164	1.88505	0.27859	6.48039	3.64017	0.817207	10.8867	5.06907	0.565249	18.7642	2.28632	0.935289	10.7598	2.48511	0.691997	9.12074	5.46962	0.971067	25.0172	4.96591	0.638169	11.4067	3.57203	0.733936	16.6273	
1.71729	0.659849	6.74026	5.97308	0.67465	19.6195	5.35355	0.669448	18.6884	2.56607	0.653537	9.8012	6.88382	0.477436	34.0576	0.415409	0.444261	1.45667	2.59267	0.798709	9.73369	3.36298	0.77804	13.6147	7.20503	0.540405	17.2123	4.62208	0.842609	22.3258	9.09805	0.611616	38.2326	3.77061	0.168538	14.2173	7.89009	0.617913	17.2041	3.06702	0.873769	14.7708	1.10998	0.96695	4.09261	5.58829	0.723108	14.5146	3.97437	0.162966	17.4953	4.23335	0.563249	12.6896	3.20889	0.273984	12.1534	5.87241	0.339751	19.4444	6.3429	0.791584	23.1308	3.8097	0.919645	17.4334	
5.38123	0.595861	11.1003	2.68776	0.962726	12.1456	6.51498	0.702678	19.2395	7.0096	0.487558	25.3557	1.53143	0.979123	4.65209	5.65117	0.352996	25.3456	6.83765	0.957605	33.9896	8.53325	0.368242	24.9487	2.96752	0.159764	9.79562	3.44335	0.840172	16.5716	4.51946	0.597431	15.4751	3.61246	0.219765	7.94357	7.35828	0.905332	26.2937	8.36416	0.746787	22.0316	5.76321	0.954297	26.9585	2.62257	0.96851	11.5986	9.02371	0.676948	21.4757	2.60131	0.317002	12.0655	2.3161	0.736663	5.25382	2.94398	0.11129	13.1627	7.42369	0.85369	23.1187	2.74686	0.469356	6.338	
3.2679	0.726307	10.7713	5.00068	0.377579	21.8359	3.72575	0.822182	18.0356	1.87581	0.401137	3.86649	6.5898	0.621819	32.4327	1.46991	0.113608	5.82533	1.72244	0.588453	7.98125	3.53356	0.731986	13.2089	6.33368	0.885542	29.1987	3.39607	0.347675	13.7093	8.21206	0.611966	33.2576	2.52191	0.404297	8.48728	6.28861	0.298243	14.2192	3.53784	0.845222	16.789	0.917226	0.237929	3.46492	4.60573	0.736556	14.2602	3.93529	0.915199	11.109	3.28924	0.357205	8.09311	3.48564	0.778104	9.33836	6.44929	0.360574	25.848	4.72194	0.455989	22.8542	4.45909	0.713954	19.9402	
1.70381	0.500253	6.29403	5.91123	0.518656	13.8705	5.33986	0.422407	25.5407	2.60696	0.482222	6.24876	6.81217	0.352173	33.1705	0.471127	0.160627	1.71771	2.62701	0.475566	8.2456	3.43036	0.915439	9.97518	7.14009	0.390782	19.1195	4.56998	0.50288	16.6557	9.03276	0.498678	33.4993	3.7211	0.358103	17.3486	7.86332	0.185821	24.2665	3.13777	0.225488	8.46919	1.13643	0.752124	3.14852	5.52703	0.500901	21.9045	4.03906	0.914118	16.8114	4.17274	0.143719	12.9302	3.13782	0.565796	10.0743	5.80806	0.864877	12.8836	6.33327	0.80779	14.9467	3.74494	0.301056	9.37089	
4.47718	0.541486	16.7306	2.23949	0.597464	7.95637	4.53118	0.681388	9.85024	5.02539	0.143801	15.2618	3.44919	0.760389	11.5981	4.03096	0.999291	15.1157	4.82816	0.919324	19.7748	6.70047	0.342601	23.6294	3.37928	0.486406	8.43118	1.71083	0.361671	6.01215	5.26735	0.317769	22.291	1.55789	0.278317	6.75692	5.87428	0.533689	15.2428	6.62848	0.406842	23.6852	3.9452	0.314632	11.3211	1.89391	0.852285	4.8021	7.1223	0.270506	26.6034	0.795226	0.48483	3.89548	1.96786	0.198857	7.89169	4.41168	0.338095	12.8965	5.50275	0.884443	12.7767	3.10203	0.649428	11.9945	
2.66485	0.190738	8.28652	5.79826	0.780747	26.1075	4.52586	0.925325	16.3786	1.69538	0.835037	6.45354	7.1249	0.508042	29.3359	0.638594	0.89877	1.7049	1.67949	0.325211	5.5526	2.91106	0.692067	9.182	7.10348	0.109156	18.4291	4.26116	0.149656	10.3736	8.99386	0.240479	18.3082	3.38522	0.591993	13.6586	7.15991	0.851574	33.3221	2.79366	0.220875	10.6772	0.181131	0.649863	0.868465	5.40404	0.687895	22.0569	3.42308	0.978852	7.53012	4.05976	0.420998	17.6003	3.6938	0.858672	16.9671	6.54036	0.653247	20.8402	5.48472	0.973341	24.8396	4.48673	0.224584	22.3158	


# This instance was randomly generated with the following parameters: 
# SIGMA_MIN=0.1
# SIGMA_MAX=1
# CAPACITY_OVER_DEMAND=5