11	22
49.3662	1091.74	111.709
115.732	1287.74	143.741
65.7209	1133.5	107.44
14.8177	856.746	67.49
155.998	506.558	22.209
161.446	1255.69	148.926
9.10539	1229.74	147.855
115.249	1135.32	108.617
53.1831	1242.01	150.071
60.1819	737.058	47.665
22.6997	1096.5	105.266
11.9538
51.285
43.5926
61.6414
19.0539
42.7679
44.8631
55.3877
46.3578
39.292
12.822
42.2302
17.9695
58.199
32.8595
29.9132
50.7224
20.7376
41.8638
40.4754
9.45499
0.549966
4.60156	1.4471	14.1718	2.52674	2.59172	10.898	9.37539	1.40578	38.2554	7.76996	1.26999	34.5165	4.2071	3.94521	15.6679	8.69721	2.25305	37.4867	7.72412	3.58738	19.2858	6.10191	2.66906	27.5546	7.54654	1.59592	25.6449	9.4927	1.29883	22.7363	7.02345	1.86088	16.6247	2.78569	2.62141	6.92444	5.16121	3.17795	25.2961	8.27194	1.63608	34.5788	2.36938	3.45271	5.14706	5.79017	3.23066	17.1399	7.46745	2.15035	33.3886	8.28858	2.32604	34.7499	7.55392	3.85746	35.736	6.742	3.18318	29.3506	7.61238	2.47402	21.3405	7.01525	2.96833	25.2754	
4.34781	2.32992	16.7565	6.55195	1.0315	19.2577	1.14244	2.47339	4.74275	6.41725	1.26629	17.935	4.24562	1.52759	10.5629	0.644247	3.4792	1.43739	2.16002	1.44129	7.7185	2.96571	2.97439	9.82914	7.48176	1.45854	21.8121	2.04361	2.47929	6.3149	4.93987	3.35686	14.2476	8.14652	3.8447	25.6406	8.07542	2.34001	35.6106	1.78182	2.62529	8.66488	7.30732	2.8274	17.6819	7.87471	2.1699	31.0345	4.50374	3.33871	10.5715	0.805031	3.95737	2.78669	2.41038	3.68554	11.6216	1.79942	1.26121	4.21385	9.6084	2.15962	27.3954	2.44839	3.60574	7.9106	
5.71564	1.83055	13.8323	5.74616	1.15374	24.3068	7.73886	1.46255	22.3609	2.51843	1.81496	12.32	4.14054	2.4371	13.5198	7.15908	3.31653	17.9875	4.71308	1.20808	21.9429	3.68251	2.36551	12.9015	2.27894	2.75949	5.25803	6.41328	2.5458	12.8385	2.37966	1.07251	10.2021	2.95339	3.64812	5.95385	1.51695	3.54668	6.70535	5.33699	3.6928	11.4347	6.35851	1.43352	13.9908	1.31339	2.35371	2.72102	3.00886	1.89283	12.2852	5.97114	2.84158	25.7548	4.44002	2.11355	19.8508	4.98454	3.23845	16.9022	3.33938	1.10923	15.4312	4.18683	3.92295	16.933	
8.69843	2.25359	18.2613	9.4994	1.88048	29.0023	8.21416	2.32235	29.3828	1.72504	2.74358	4.25479	7.22407	2.87467	29.4985	7.90225	1.73039	35.3245	5.1519	3.41292	14.2789	5.47293	1.00854	14.956	2.28257	3.40448	6.15028	5.87237	3.02833	13.8629	2.96343	2.11876	8.54918	7.11812	3.66296	29.0355	4.99871	3.12718	22.7993	5.48466	3.29205	17.4877	10.2156	2.67389	45.389	4.27878	2.26503	13.8109	3.00595	1.34315	11.1396	6.45521	3.63845	29.4501	4.94859	2.65066	24.2877	6.47599	2.83216	23.5062	4.25523	2.75666	15.3005	5.19357	2.59606	17.4028	
4.82681	2.32817	23.9387	4.60001	1.17169	19.1408	7.59059	2.76538	30.4793	3.62527	2.14925	14.4341	3.30931	1.27412	15.8247	6.96128	1.95478	27.5895	4.84638	1.46571	12.0542	3.50114	2.87527	8.33795	3.47322	1.74746	8.13527	6.65209	1.16598	16.6483	3.09908	1.35302	11.5513	2.05569	3.40679	9.8244	1.8882	1.96362	7.34102	5.47989	2.0048	12.5292	5.18453	2.49022	18.8805	2.13056	1.58456	5.42158	3.66013	2.94025	9.95109	5.94429	1.04187	15.3437	4.59305	2.05921	18.8365	4.71864	1.59934	18.444	4.24448	1.43195	10.9623	4.21298	1.50099	17.5615	
5.48823	3.58161	22.9254	6.67421	3.18539	16.8472	5.25286	1.29407	13.6579	2.24149	1.99823	5.65214	4.14373	1.59286	17.707	4.8144	3.61105	12.5493	2.02321	2.37207	6.15406	2.15509	1.05271	5.13066	3.32946	1.41092	9.9449	3.42416	3.45004	10.1724	0.830551	1.93315	2.87876	5.70381	3.79659	17.0389	4.58631	2.88992	18.5752	2.54113	3.139	10.9858	7.45373	2.42075	32.3751	4.15218	2.28095	19.3147	0.346066	2.58934	1.39685	3.40787	1.8239	15.8354	1.76686	3.38783	5.58911	3.14296	1.06121	14.2474	5.56449	3.92328	16.8037	1.8799	2.72226	4.16881	
6.05971	1.3523	24.6197	5.67936	3.06199	17.8692	8.61927	1.6249	32.4358	3.39368	2.49584	13.4119	4.54502	1.93666	17.6552	8.01442	1.94889	27.2955	5.6864	3.92297	27.8029	4.52161	3.09586	11.2891	2.83342	3.15903	11.7292	7.42286	2.65234	34.5101	3.42892	3.65729	13.0859	2.1575	3.42114	8.63631	0.654747	1.65373	2.67782	6.31683	1.49624	22.8542	6.19161	3.13105	25.6382	1.02257	1.29179	5.09468	4.05891	1.07742	9.71281	6.89589	3.57959	30.6101	5.41745	3.7988	25.1498	5.79472	1.94068	24.251	3.07495	2.92659	14.2844	5.11957	2.13522	24.1771	
5.45801	2.00534	16.4807	7.61584	2.32372	32.3909	1.40667	3.8161	5.73274	6.34685	1.90848	31.5613	5.19459	3.15664	15.5053	1.47544	1.52783	6.03505	2.2513	1.63088	7.1849	3.55533	2.34163	17.7598	7.49842	2.30417	15.1741	1.15429	3.42166	2.49739	5.0015	2.5862	17.082	8.83316	1.91684	18.0277	8.47084	1.66833	34.8888	1.65115	2.52994	5.58681	8.38596	1.22725	29.2117	8.17734	1.49976	25.2468	4.46536	3.70301	14.4998	1.1169	2.06955	4.18784	2.52719	1.15836	9.41122	2.65008	1.55693	10.5764	9.74122	2.30207	38.403	2.80456	1.80655	11.7098	
8.06471	1.89761	27.9229	8.23185	1.23167	35.9981	9.12319	2.68058	23.0787	1.78349	2.84874	7.32955	6.48277	1.88286	19.5077	8.64947	2.32199	37.8789	5.89453	2.96783	14.8396	5.45145	1.6384	13.6125	0.562779	2.50972	2.63496	7.21692	3.23169	25.0464	3.08669	3.8711	13.3626	4.97484	1.1573	19.7592	2.62014	2.56083	7.57542	6.42426	1.48428	14.3076	8.83669	1.16094	39.9573	1.89892	2.96186	3.91821	3.59175	2.76197	13.8092	7.2765	3.71559	27.4118	5.62843	3.90021	20.3703	6.71569	2.05694	33.5492	1.8079	1.39578	8.15696	5.60962	3.75455	17.063	
1.84638	2.5992	7.26327	2.38965	3.14663	7.04932	5.70862	2.20499	22.4165	5.60897	3.87892	26.1195	0.508368	1.40989	1.59227	5.02849	2.24065	25.0689	4.11098	3.74995	16.2689	2.52592	1.67072	6.23007	5.97973	3.6419	13.4457	5.81031	1.70637	24.7409	4.32226	1.46763	13.5236	3.82762	3.83301	12.7355	4.85917	3.60332	19.33	4.60896	1.69235	12.009	3.18234	1.78518	6.80122	5.08286	1.73774	16.9627	4.53173	1.02594	19.8769	4.55908	3.11468	19.0494	3.98289	1.33659	12.1397	3.01058	1.48133	10.4629	7.19484	3.33062	23.4357	3.42216	3.96878	15.0532	
5.29148	1.28777	22.9981	7.55896	3.01619	19.429	0.29589	2.45715	1.15451	7.42528	2.23296	22.6487	5.38838	3.0867	10.8231	0.890433	1.11025	2.26869	3.19818	3.11569	7.10009	4.17685	3.92075	9.39187	8.53883	2.41952	20.4258	2.36613	3.82355	5.96193	6.00706	3.74827	19.3737	9.35973	1.66375	42.3858	9.26904	2.68887	32.7543	2.6843	1.69721	7.57111	8.28437	3.98205	35.1249	9.04483	1.5959	26.8334	5.51788	2.63094	16.4818	1.82994	2.88704	8.75199	3.46835	2.46255	9.96665	3.00973	3.24271	10.7304	10.7226	2.59038	24.228	3.60112	3.03115	10.0418	


# This instance was randomly generated with the following parameters: 
# SIGMA_MIN=1
# SIGMA_MAX=4
# CAPACITY_OVER_DEMAND=1.5