12	24
159.907	974.224	82.9529
131.481	1088.36	104.319
92.164	1006.55	84.2794
152.714	1284.04	138.915
147.309	929.372	76.7078
16.8109	1248.31	130.117
134.905	1188.53	135.811
20.5358	998.01	98.9497
121.299	1026.65	95.4746
166.981	1290.23	142.835
162.437	740.104	46.435
10.1561	1252.69	131.863
9.28767
22.5103
26.8235
5.34142
19.2416
21.5885
13.4865
5.60592
24.7318
7.53821
23.0244
6.34839
13.2016
32.1803
21.803
34.7648
3.372
12.3674
17.1032
9.54403
40.8771
8.67452
12.0231
31.4468
5.53258	0.956098	23.1429	1.80277	0.163062	7.94386	5.86166	0.245322	14.9245	3.36154	0.988533	9.70329	5.54655	0.674715	19.4701	2.88956	0.957188	8.71005	5.76572	0.599501	17.0688	4.37524	0.28348	16.2134	4.9228	0.983338	18.2216	3.06047	0.981365	7.52443	3.1574	0.237867	6.70772	5.28219	0.142379	17.9026	6.06981	0.900055	13.9792	6.17314	0.280086	16.7446	2.06816	0.366759	9.47937	4.73487	0.564689	21.3902	5.96571	0.949033	16.9541	6.47085	0.388184	24.3813	6.29688	0.353396	21.1602	3.64169	0.410274	9.50306	1.78972	0.401189	6.68453	3.70789	0.952372	12.2364	3.59849	0.238698	13.0959	8.36032	0.106114	38.0255	
6.26262	0.112462	14.7959	5.58691	0.1179	11.6716	6.79085	0.866687	19.0022	6.18829	0.310651	17.0439	7.25138	0.133968	25.7388	6.07463	0.927911	24.9962	1.65557	0.620894	7.06237	4.95546	0.265351	21.5775	5.21056	0.640644	17.4124	8.11847	0.590076	26.1883	3.9576	0.182007	14.3423	7.6086	0.580004	30.6105	3.62022	0.86842	15.5663	2.19436	0.306886	8.19639	9.12029	0.190082	39.8125	3.19734	0.63032	14.5304	2.80407	0.708217	13.8531	1.94925	0.458546	7.975	7.84988	0.995039	22.6862	7.77106	0.574767	36.0334	7.56368	0.350621	32.2846	4.52329	0.97816	16.749	8.31049	0.118965	36.8376	1.9977	0.488153	4.98072	
6.94089	0.332395	28.3336	4.28556	0.791547	13.9428	7.09989	0.688978	33.7428	4.87252	0.964867	20.4031	6.57761	0.289437	20.4101	4.95044	0.748672	17.8197	8.3125	0.269799	21.4221	6.25822	0.430665	20.6359	7.09968	0.74307	25.0818	3.35478	0.415862	8.0807	5.66424	0.432972	19.4555	6.12973	0.714627	25.8976	8.1938	0.140686	25.0021	8.53179	0.104059	17.3156	0.51095	0.578037	1.75287	7.05035	0.401061	27.5177	8.46093	0.733077	40.6684	9.00516	0.860195	19.3666	7.17368	0.89905	23.383	4.24355	0.597927	17.3792	3.13044	0.207883	13.6265	6.11151	0.384695	18.544	3.81517	0.963896	10.4343	10.7829	0.536951	47.7988	
4.41708	0.912216	16.7661	4.38427	0.552677	17.2976	4.95968	0.83	14.2781	4.2734	0.312856	10.3086	5.37153	0.801846	19.7413	5.31012	0.852548	25.4896	1.98125	0.87082	7.2513	3.03068	0.198697	6.82101	5.17148	0.412722	25.6293	6.24651	0.218029	18.1269	2.49481	0.905331	7.64807	5.70178	0.872945	11.8497	2.03017	0.336666	5.49347	0.846988	0.269481	2.53015	7.53633	0.643646	32.3631	1.26891	0.780542	6.06301	3.39247	0.337464	7.44455	2.92502	0.230202	10.5884	6.00972	0.408817	24.5077	5.85675	0.487666	18.4139	6.42752	0.682256	25.2072	3.98144	0.506731	8.10888	6.40965	0.103145	18.8851	2.75418	0.56032	11.7801	
1.55796	0.306895	3.85811	6.68314	0.208891	14.4493	1.70055	0.1406	6.07504	3.56887	0.459649	15.3205	2.40946	0.289889	6.85714	8.15078	0.992179	26.3303	6.19495	0.738683	25.791	2.49474	0.665566	5.77789	8.85602	0.816057	21.696	5.30964	0.135097	11.4795	5.08027	0.83338	20.5835	2.98662	0.623891	6.58057	2.22836	0.220921	7.59677	3.65106	0.803906	7.77404	7.96356	0.724903	38.0693	3.44583	0.317863	7.65119	7.56065	0.688118	25.252	7.15565	0.249661	29.4396	2.54726	0.659146	5.32123	4.4672	0.319109	10.0444	8.37517	0.95938	34.3252	7.3717	0.618771	27.2928	5.08459	0.69695	24.8912	5.14937	0.375867	24.954	
4.85689	0.525541	11.8475	3.6218	0.184413	17.8026	5.40965	0.624466	16.1733	4.27474	0.163024	15.6969	5.72569	0.231308	27.2669	4.42124	0.493069	18.5716	1.36355	0.793318	3.7379	3.29167	0.10629	11.0174	4.24486	0.364484	13.9801	6.09383	0.681211	23.1692	1.86108	0.463278	6.65359	5.97804	0.302616	27.7171	2.81401	0.375984	12.5177	1.78127	0.748185	5.24621	7.02183	0.234826	19.2315	1.55989	0.424366	7.26958	2.64389	0.41167	12.3217	2.37615	0.236289	9.58877	6.42738	0.292758	31.5766	5.83386	0.987229	16.1135	5.6543	0.934459	23.0087	3.05216	0.972095	12.1354	6.3323	0.464461	19.1529	3.47021	0.402315	12.6606	
3.69616	0.4002	12.4663	5.37231	0.604528	16.7954	4.19214	0.587323	14.8618	4.23015	0.228023	17.1132	4.73015	0.658557	16.9189	6.48001	0.193477	26.8646	3.28413	0.985319	7.11132	2.74723	0.402612	13.5157	6.50836	0.652581	13.0439	6.31003	0.869378	27.3949	3.43967	0.121058	15.1095	5.16229	0.206405	22.0025	0.937007	0.247778	4.44725	0.561878	0.386324	2.71392	8.08368	0.718293	30.4376	1.58118	0.179887	6.62767	4.71426	0.260608	22.8363	4.16008	0.645757	15.122	5.24841	0.182771	16.8343	5.74981	0.730684	17.8927	7.38651	0.914566	16.0454	5.25452	0.160538	15.5372	6.35845	0.338563	23.5265	2.45905	0.276028	5.97383	
5.38674	0.273239	25.4917	3.12162	0.225925	9.79715	5.93781	0.572167	18.0419	4.50902	0.333737	22.187	6.18542	0.601581	22.8448	3.73048	0.96155	18.5587	1.1328	0.486615	3.15037	3.7493	0.55998	12.2922	3.45991	0.801072	7.27465	6.15701	0.158108	13.2152	1.66237	0.851456	3.9493	6.37949	0.751499	15.1265	3.55726	0.841877	17.266	2.5659	0.840991	12.1008	6.73756	0.884588	27.0222	2.16308	0.953588	4.66442	2.06611	0.364981	5.5347	2.05325	0.227461	6.14534	6.92202	0.409153	19.8346	6.00984	0.267963	23.4936	5.10604	0.299774	24.6325	2.29527	0.513957	5.84347	6.45491	0.581372	13.3582	4.09753	0.343684	17.6186	
2.78347	0.579707	10.3547	3.87928	0.336023	17.5603	2.98024	0.655729	8.58426	0.860392	0.768866	3.73334	2.55675	0.354453	10.0402	5.42474	0.193199	13.0479	6.21677	0.365584	24.7338	2.38289	0.616457	6.84847	7.02139	0.450145	32.3812	1.22607	0.213068	5.86136	3.56224	0.411629	12.694	2.25396	0.627448	10.4462	4.43834	0.678574	9.05165	5.22322	0.334914	17.4291	3.71504	0.948276	13.6335	3.81385	0.446651	12.2831	7.04381	0.852064	18.9812	7.17465	0.185538	31.5312	3.27886	0.816336	12.5209	0.902692	0.889578	2.38107	4.8107	0.621193	21.1671	5.49653	0.676688	16.9483	1.35742	0.112843	3.63665	7.51179	0.290299	16.1838	
6.64897	0.484025	19.877	3.76252	0.676667	14.4379	7.2012	0.149959	16.2631	5.76049	0.433127	26.1873	7.46182	0.937918	29.9918	3.85354	0.79145	15.4842	0.773703	0.903495	1.58348	5.0236	0.585964	11.1406	2.84042	0.48274	10.8381	7.3172	0.777024	25.5698	2.78907	0.328575	8.444	7.65724	0.229398	36.9582	4.6347	0.192711	10.4017	3.42878	0.497287	7.62153	7.56655	0.907517	29.4245	3.38284	0.247172	16.2976	0.800039	0.184787	3.48222	0.972508	0.410659	2.48584	8.1941	0.820241	26.8951	7.23129	0.707007	26.25	5.54314	0.388474	16.4178	2.26949	0.333121	10.2794	7.6476	0.340478	19.0703	4.33192	0.921274	21.1534	
5.78275	0.68255	18.1559	4.96916	0.669136	13.2331	5.82271	0.655638	21.1116	4.00408	0.592852	18.7785	5.21106	0.195983	21.6736	6.05402	0.47999	15.6302	8.58356	0.205011	17.6046	5.51986	0.883999	14.9008	8.12764	0.126091	21.328	2.02281	0.719821	9.32024	5.7934	0.379891	14.8193	4.69366	0.400843	16.288	7.56716	0.782947	26.7077	8.20147	0.248667	17.0067	1.78078	0.127328	8.2584	6.7243	0.861345	28.133	9.02691	0.23071	44.0202	9.41332	0.881493	37.661	5.69253	0.914127	12.959	2.88558	0.42898	11.44	4.49839	0.654897	17.4386	6.88774	0.605261	30.4993	2.31688	0.59966	7.98034	10.5048	0.448873	27.0397	
3.87347	0.749547	12.4877	3.31889	0.430075	11.5993	4.08321	0.302624	14.2322	1.78775	0.751202	8.57674	3.64356	0.481171	14.2588	4.76318	0.985045	18.5596	6.36228	0.376596	13.4307	3.23342	0.359002	7.15223	6.57117	0.199566	17.6188	1.07194	0.844303	3.17094	3.57739	0.791058	7.38292	3.29427	0.228529	11.7567	5.24791	0.892158	20.321	5.82812	0.468214	27.1488	2.62913	0.92373	13.0506	4.35077	0.279095	15.1826	6.98412	0.119637	30.5585	7.25404	0.970301	18.5257	4.33836	0.681565	14.5199	1.55757	0.638084	4.39411	3.86995	0.788531	12.2475	5.12855	0.405923	15.7552	1.56512	0.325251	7.30199	8.13126	0.82694	32.6323	


# This instance was randomly generated with the following parameters: 
# SIGMA_MIN=0.1
# SIGMA_MAX=1
# CAPACITY_OVER_DEMAND=3