10	20
78.9613	813.241	65.4545
179.455	903.861	80.2839
166.678	516.818	23.0102
61.9023	1109.28	109.478
129.37	1223.67	139.241
156.548	799.417	54.8466
141.612	809.154	64.1946
0.984831	1239.64	146.771
151.647	826.831	64.5898
67.3419	962.67	88.4461
3.08296
3.07552
6.05213
5.6373
1.1854
7.13535
7.15618
6.02307
5.54586
0.405864
4.85331
3.55013
7.18122
6.21414
4.43281
0.702255
2.09786
4.16861
4.59432
0.537282
6.64838	0.501266	20.9206	9.75865	1.21886	37.597	4.85116	1.30983	11.9173	9.63234	1.50686	19.8577	7.95248	1.90784	23.3288	4.00275	1.7538	12.3221	5.56198	1.97316	12.714	9.35609	1.2143	21.3566	9.23596	1.95656	29.3038	8.75719	0.960391	33.4577	6.16683	1.39618	29.8429	6.42408	1.76163	21.8395	3.9402	1.84412	18.192	9.5764	0.84014	23.4076	5.80532	1.8761	27.1632	9.67352	1.79806	35.4849	4.56387	0.600154	9.53212	7.72732	0.536421	20.725	3.46631	0.662585	9.30324	2.29417	1.19604	6.65955	
2.72906	1.8151	11.4384	6.95876	1.98042	20.9971	1.83951	1.40726	7.58373	5.40648	1.52906	23.4102	4.26775	1.25394	12.0947	3.50874	0.686593	11.3098	3.20379	0.517514	14.7754	5.55599	1.79113	26.6265	5.10366	1.20209	11.2595	5.15232	0.598056	22.8172	1.9774	0.558578	6.54829	4.41137	1.51698	11.9875	1.55463	1.04525	7.76372	5.33902	0.990555	11.6265	4.66032	1.14116	14.9646	5.48578	1.45949	11.3847	0.532868	1.20595	1.59299	3.49731	1.73468	14.5137	4.87527	1.0209	19.4063	1.97308	0.632028	9.86002	
4.88197	0.75138	14.3629	4.08639	1.98	19.9974	4.85856	0.597708	22.4272	5.14558	1.42454	17.0577	6.38323	1.56045	19.2387	6.53395	0.653558	23.457	6.21606	0.978526	28.6796	7.32523	0.584657	19.9724	4.38244	1.62418	10.1462	3.1278	0.764356	10.6484	2.69315	1.08758	10.5461	7.40892	0.57624	21.5272	2.02041	1.6855	5.38903	5.1938	0.87138	22.6747	2.11604	0.53422	10.1073	4.96559	1.46982	11.7091	2.5957	0.701872	5.29015	4.5253	0.641327	17.4443	4.20263	1.48696	13.5402	4.13375	1.61526	20.1383	
6.58494	0.952399	13.5959	4.40526	1.2583	14.875	6.19935	0.901298	12.974	6.93052	0.90946	19.6079	8.12881	1.7883	20.2249	7.45628	1.94835	36.4675	7.56088	1.88967	17.2298	9.14071	0.590353	32.9793	6.11243	1.16703	27.6267	4.49364	1.14454	16.034	4.49129	1.28089	12.5877	8.76844	0.706735	25.416	2.87148	1.33567	11.2431	6.99446	0.518972	30.038	0.300606	1.69224	0.982601	6.71068	0.893197	15.3634	3.9751	1.58594	11.7157	6.37278	0.824447	15.3887	2.99678	0.61432	12.9496	4.65991	1.21614	21.6416	
7.45426	1.16638	26.0567	4.95148	1.44688	11.0171	6.91722	1.51634	25.0561	7.89013	1.96619	22.4318	9.01206	0.544099	25.9157	7.96689	1.16651	39.0395	8.26181	1.40445	27.5485	10.0604	1.81566	41.686	7.06312	1.43975	17.1218	5.37414	1.82575	11.0049	5.41439	0.595329	19.6942	9.46419	1.15836	25.251	3.55073	1.32022	12.7008	7.95644	1.1377	21.1878	0.766581	1.11653	1.73876	7.66328	0.565952	29.0011	4.76032	0.994597	19.6113	7.31661	0.672534	25.5543	2.56426	1.4457	10.0127	5.07906	1.30701	18.2884	
0.939615	1.76566	3.81133	8.01067	0.967709	23.2578	2.84558	1.97651	9.42147	3.56383	1.27773	12.9527	0.948467	1.94768	2.50904	4.91359	1.46876	14.3201	3.05911	1.83214	13.8744	1.94237	1.56881	4.88749	3.95862	1.85509	10.2102	5.47855	0.957898	11.9635	2.79679	0.904226	8.45751	3.62261	1.72827	9.03435	4.97583	0.937024	14.6234	3.38914	0.788121	16.4587	7.55132	1.65694	19.9115	3.91528	0.623331	8.02191	3.66515	1.76761	15.7551	1.40783	0.530088	6.43154	8.46165	1.40613	28.102	5.3476	1.14249	26.1015	
4.6275	1.18739	18.3965	10.3049	1.30764	51.0513	2.67848	1.51385	6.34637	8.3823	1.89299	40.1604	5.53422	1.20544	18.0872	0.893119	1.81876	4.24473	2.75196	1.50029	13.0087	6.92774	1.91219	14.3319	8.28395	1.93005	30.6134	8.56877	1.82941	19.0912	5.24247	0.646611	14.5418	3.3837	1.42928	12.9213	4.29914	1.48324	19.3977	8.26949	1.68017	22.551	7.26975	1.05633	17.0954	8.56174	1.66993	35.6788	3.94447	0.951286	9.93627	6.11754	1.51995	13.1441	5.97553	0.979555	13.3561	2.34876	1.44329	10.3564	
5.04003	1.42712	20.5041	5.88073	0.787247	14.2996	4.25158	0.827397	17.2199	6.54981	1.44411	27.8794	6.61336	1.15684	24.7365	5.3353	1.76242	25.159	5.5822	0.75761	19.3244	7.80078	1.46105	25.3824	5.9267	0.808866	14.792	4.99639	0.685335	16.7876	3.35836	0.764322	16.1501	6.78076	1.66289	25.187	0.916338	0.61303	1.90746	6.55357	1.76078	17.9906	2.40516	0.567641	10.436	6.46214	1.75425	31.0301	2.2286	1.1978	8.43313	5.30265	1.40737	15.9365	2.70903	1.46464	9.94178	2.55207	1.24064	6.58527	
5.01485	0.58191	17.4079	9.30657	1.93013	21.26	3.14882	0.96466	15.6471	8.297	0.700039	23.5897	6.25033	1.26143	31.1318	2.42417	1.62723	7.77498	3.8297	1.91318	18.7795	7.65955	0.990836	28.679	8.0181	0.848621	31.3365	7.89067	1.16552	29.8382	4.89192	1.21617	10.8422	4.73643	1.38264	12.8395	3.20315	0.982188	14.2455	8.21812	1.21693	27.2446	5.87786	1.60267	15.272	8.39444	1.07167	33.6671	3.34366	0.998595	7.80116	6.23259	0.780489	18.0883	4.35167	1.4456	14.2905	1.09399	1.94877	3.15308	
5.08882	0.645939	10.8637	4.2093	0.913304	13.7928	6.60493	0.62244	18.6932	1.5281	1.10432	6.11938	5.66819	1.24607	23.0121	8.89528	1.21624	41.1776	7.50458	0.752807	23.8603	5.64098	1.81618	17.8254	0.8954	0.89302	3.21357	1.95392	0.953927	9.47584	3.88518	1.5434	8.60901	8.35285	0.55398	21.6885	6.00423	0.97098	28.7129	1.72235	0.799951	4.1855	6.46359	0.831177	15.3056	1.08132	0.648039	3.29678	5.40984	0.983067	26.6758	3.48631	0.823669	17.3654	8.91184	1.42482	42.7715	7.73684	1.1424	25.4162	


# This instance was randomly generated with the following parameters: 
# SIGMA_MIN=0.5
# SIGMA_MAX=2
# CAPACITY_OVER_DEMAND=10