10	20
53.6091	655.827	40.0675
113.485	431.583	17.1181
111.897	867.501	75.1418
119.585	1102.87	107.363
18.6934	937.647	82.483
110.878	1254.04	134.3
138.608	702.67	49.1882
81.6549	710.136	50.3549
150.389	875.058	63.7162
169.221	439.318	17.8465
13.3528
24.4956
29.9669
28.8285
21.3394
16.6699
8.18872
3.53604
5.17884
15.6724
12.6927
31.2071
3.41528
14.3125
0.536517
8.77691
27.2351
19.2931
4.53883
29.5525
4.57564	0.430555	13.1695	5.8917	0.487433	22.0855	1.7574	0.719445	3.9863	1.93885	0.879498	8.73517	1.1176	0.423754	5.46187	4.04087	0.657226	11.7285	7.06033	0.213298	34.1851	5.92906	0.789175	26.9904	7.42108	0.814896	22.0273	5.29864	0.949325	16.9704	8.57056	0.521896	34.631	5.33625	0.326288	20.9042	4.05422	0.91435	17.5417	2.63918	0.468366	10.7939	3.62339	0.637411	10.161	5.11502	0.18017	21.85	2.22696	0.851845	4.57609	3.10604	0.669877	8.51711	2.53995	0.198003	9.32313	4.10684	0.11667	18.8613	
3.32445	0.949402	11.9949	4.12405	0.256137	9.13971	0.676296	0.945521	2.44065	2.61142	0.953701	10.0154	1.40613	0.22646	3.36257	2.74268	0.876539	8.13873	5.40476	0.741928	11.264	5.40659	0.565228	25.8711	6.37156	0.898389	23.9344	3.84775	0.427478	14.9637	7.02646	0.512795	16.1826	3.95408	0.565218	14.2205	3.83299	0.713462	8.07884	1.94536	0.801334	4.74895	4.39497	0.399577	9.35767	3.64866	0.380136	8.58214	0.437032	0.665751	1.667	2.75817	0.462326	13.0228	2.0673	0.640129	7.76018	5.0113	0.686902	15.233	
5.95848	0.786152	22.3641	1.85056	0.64722	4.79094	4.71831	0.908592	14.9016	7.47042	0.352043	33.0956	5.48884	0.751349	26.0343	2.55156	0.640227	10.5564	5.24872	0.735189	16.8099	4.19148	0.79118	17.7397	2.93106	0.754517	7.24747	5.56955	0.398111	14.8899	6.97243	0.245007	17.2057	5.85575	0.764456	29.2653	7.95322	0.712732	31.6037	6.22678	0.44846	29.6699	6.70923	0.435399	22.9939	5.43575	0.829082	14.3345	4.50114	0.658855	15.3835	4.38067	0.89509	19.9464	4.40266	0.564424	14.1933	7.32062	0.868003	17.5104	
3.07476	0.63688	7.04479	4.18662	0.921104	8.94733	6.34651	0.578401	14.4225	6.75802	0.714471	20.548	7.23326	0.793914	19.9224	6.38422	0.287714	28.0783	0.757516	0.603324	3.65915	9.48227	0.33325	19.7042	8.90386	0.1467	18.8284	2.16996	0.313947	9.97491	1.20647	0.796637	3.08327	2.24063	0.428308	7.98172	5.34761	0.955407	15.6995	5.06118	0.263055	25.1862	10.0675	0.985206	36.9329	2.32689	0.880883	10.8361	5.53941	0.410467	23.8224	7.88987	0.886184	18.63	7.3589	0.955346	23.2254	10.7181	0.435641	49.8525	
3.37335	0.875662	15.546	2.9899	0.517285	7.78894	1.23408	0.865308	4.57391	3.72864	0.765083	12.8741	2.18902	0.270937	5.77825	1.81648	0.655094	5.30691	4.78139	0.307396	10.7997	4.8495	0.968719	18.8403	5.44533	0.977809	16.8738	3.60937	0.127121	15.6612	6.52728	0.38432	16.1074	3.79256	0.446948	10.8067	4.56959	0.453027	21.6672	2.68464	0.378358	8.81785	4.75397	0.229586	21.6438	3.40734	0.979491	11.0607	0.755979	0.512044	3.2326	2.62168	0.504636	10.6781	2.04247	0.916103	7.21074	5.40959	0.364252	25.551	
6.89116	0.386257	16.1064	4.58106	0.921968	18.3265	3.46356	0.394176	15.5113	6.42315	0.297801	15.6118	3.60072	0.231117	11.6529	1.97452	0.292694	5.88056	7.68066	0.55374	17.4322	1.33726	0.333506	3.50394	2.91257	0.561919	6.00371	7.00897	0.114443	31.18	9.5117	0.908447	29.8868	7.22823	0.697749	18.3617	7.90334	0.589765	16.5156	6.00325	0.684118	28.5209	3.30137	0.773344	14.8448	6.81497	0.533237	28.3002	3.92653	0.890997	10.0715	1.61394	0.422702	5.10732	2.18763	0.62244	8.01652	3.84021	0.400944	12.0794	
4.52506	0.343584	12.373	0.282951	0.645482	0.611311	4.45451	0.385258	18.963	6.7226	0.813324	28.6993	5.37276	0.824394	13.4552	2.9756	0.51873	14.8181	3.52135	0.154941	9.84753	5.55499	0.401361	22.0689	4.63876	0.804317	20.9951	3.99535	0.226299	18.9288	5.26237	0.789533	20.6634	4.28649	0.347916	10.5532	6.75535	0.913746	20.2836	5.23185	0.12009	25.7458	7.31611	0.219184	28.3499	3.8875	0.248338	17.1943	3.95987	0.588203	18.2709	4.89729	0.284467	17.4179	4.66778	0.443025	21.3051	7.96874	0.783136	34.707	
3.9996	0.792695	13.459	6.19586	0.68977	18.0007	2.45025	0.295198	7.40537	0.782448	0.803815	1.74996	2.15378	0.491105	5.40754	4.79915	0.922036	16.6428	6.76869	0.72265	15.209	6.99932	0.736425	19.8012	8.33371	0.713767	36.8123	4.84015	0.908656	15.1264	8.11393	0.729568	24.4568	4.81738	0.154898	13.7453	2.99942	0.205343	9.80953	1.96481	0.42693	8.73202	4.75631	0.117506	22.6217	4.67944	0.324962	13.7611	2.57123	0.376409	6.12419	4.16942	0.697575	14.673	3.5477	0.695906	13.9753	5.2072	0.709562	21.8445	
7.59054	0.959847	30.3506	3.57258	0.582856	7.35337	5.71591	0.590293	25.1188	8.67196	0.215992	34.6028	6.31012	0.988562	25.9562	3.36376	0.294309	8.08266	6.954	0.741965	31.485	3.42913	0.41687	14.0598	1.41819	0.543819	2.98512	7.26042	0.381664	25.4589	8.64677	0.564007	26.9327	7.54342	0.362816	16.9896	9.43662	0.184244	42.771	7.62439	0.937621	34.2202	6.75353	0.564064	18.143	7.11839	0.30658	26.0441	5.70576	0.580449	21.4788	4.73618	0.408045	9.69031	5.00056	0.516674	24.8079	7.28402	0.580677	35.8465	
2.70417	0.993352	11.2731	4.62086	0.637587	9.69791	6.29308	0.185573	31.219	6.38322	0.349106	20.6877	7.13628	0.590244	24.2043	6.59256	0.120361	15.9822	1.34264	0.474363	6.19234	9.74535	0.352202	40.1306	9.3241	0.840784	36.6499	1.90551	0.340982	4.88046	1.43268	0.832357	5.99146	1.88418	0.59671	4.63746	4.80649	0.543017	23.3648	4.73632	0.548493	11.2542	10.0574	0.579006	27.9461	2.09513	0.360731	6.12935	5.48106	0.112592	16.8522	7.97128	0.879763	17.8117	7.40101	0.921124	22.4489	10.6975	0.865276	25.4741	


# This instance was randomly generated with the following parameters: 
# SIGMA_MIN=0.1
# SIGMA_MAX=1
# CAPACITY_OVER_DEMAND=2