10	20
27.8541	1255.79	139.778
175.161	1053.15	103.199
153.094	1242.42	151.475
115.888	1193.92	124.565
165.573	1220.18	148.322
46.6315	961.075	77.9708
175.539	1226.26	124.98
143.801	1156.75	124.512
141.304	515.541	26.1203
157.902	985.301	94.5776
24.4785
22.6032
2.63201
4.7733
17.4627
2.51855
2.81485
0.518354
4.62028
5.64073
21.7551
6.27157
22.0755
1.5428
4.44676
17.5786
7.96411
18.7143
22.8034
11.885
6.18288	0.748123	16.7423	2.99595	0.810241	9.1625	3.86223	0.791433	12.3378	5.17505	0.350916	12.6336	4.89838	0.84385	10.4085	1.9303	0.925062	5.31311	5.00702	0.184358	14.5565	7.54051	0.459807	19.5942	4.71431	0.87111	19.2985	3.92964	0.324913	14.4388	7.15974	0.474064	30.6038	3.50327	0.462538	10.1022	8.67993	0.518931	24.3148	1.14834	0.97731	4.12228	5.83641	0.225436	16.999	1.99592	0.438782	5.38179	1.75799	0.248102	4.91023	6.76379	0.994839	27.8039	3.08921	0.660006	11.1077	5.51926	0.548395	12.7712	
6.91864	0.955326	27.482	2.45322	0.172965	10.5148	5.00594	0.118059	18.3584	8.03433	0.94409	19.8209	2.28305	0.710967	10.789	7.25233	0.90711	30.5933	1.06783	0.681701	3.59316	4.67741	0.259621	20.4045	2.02554	0.240691	8.71262	8.29938	0.977227	21.6714	4.04655	0.709223	19.5504	5.40613	0.266382	26.1604	7.79151	0.961406	33.5299	6.18347	0.144902	16.3991	1.60557	0.621694	6.15205	6.16453	0.206813	24.5051	6.86603	0.909173	28.4063	1.57375	0.577849	7.29905	2.3455	0.473905	4.81621	2.33236	0.533147	7.63558	
2.79059	0.435956	10.6519	3.06642	0.913392	14.0419	6.55172	0.907638	31.9251	3.23828	0.345426	7.36628	5.83263	0.233014	16.8137	4.32499	0.729916	17.5085	3.82564	0.78758	16.9238	4.43912	0.320943	11.661	2.95227	0.487118	6.14245	3.9981	0.446032	17.0987	4.25402	0.418617	21.1549	6.46189	0.435919	26.6042	5.09597	0.348963	20.2029	4.72637	0.558574	9.93176	6.08211	0.141329	23.9687	5.52604	0.804151	16.5966	3.71706	0.833716	13.0322	6.36621	0.958501	29.8802	3.17486	0.49157	10.8863	6.31686	0.663319	14.2431	
10.0497	0.450175	23.3865	5.12706	0.226484	15.4223	1.66681	0.897427	4.7475	9.17947	0.192491	36.0377	4.65947	0.360289	19.0858	5.10819	0.661784	21.5064	6.83581	0.724279	25.0352	10.3826	0.332679	47.2851	7.10617	0.73444	16.5688	7.6461	0.178791	29.4445	9.85478	0.422112	41.8981	1.16667	0.262708	3.16127	12.3011	0.888468	34.5758	3.23113	0.689952	7.15347	5.92273	0.262548	14.727	2.15928	0.871573	5.13262	5.35881	0.922731	13.8157	7.19963	0.603462	25.8666	5.12021	0.533221	11.3763	5.10582	0.979566	18.5597	
2.95603	0.527636	14.2369	3.03732	0.973257	8.78801	6.40509	0.237324	21.9536	3.15056	0.126874	14.4971	5.81724	0.126997	18.1278	4.0376	0.850714	8.87303	3.94966	0.942833	17.9916	4.72128	0.954892	22.1608	3.10791	0.274517	14.0887	3.76138	0.422234	10.9474	4.52605	0.426275	12.4585	6.29165	0.690786	27.3415	5.3432	0.793959	25.0954	4.47132	0.740977	14.4079	6.12614	0.936811	24.5668	5.29224	0.343091	22.7896	3.42941	0.147161	16.3621	6.46584	0.63378	25.7953	3.15097	0.750606	15.2709	6.31939	0.140443	30.1789	
3.10551	0.962886	14.3511	7.68741	0.84786	31.533	11.5826	0.342449	53.2288	5.70857	0.657388	19.6151	9.95874	0.333958	23.2981	9.38574	0.562041	35.0047	6.98234	0.593185	20.7187	3.67465	0.253238	15.5984	6.15176	0.561449	20.8553	7.94128	0.872904	16.2634	4.24141	0.767809	19.6228	11.6149	0.166745	52.7261	0.265056	0.267511	1.09554	10.0775	0.828581	49.2119	9.58763	0.64496	28.6159	10.8794	0.436542	46.1471	8.7713	0.199757	32.1183	9.14217	0.959682	32.9458	7.74557	0.259144	20.655	10.2212	0.469924	40.7736	
4.747	0.609011	21.0602	3.85179	0.78689	14.3197	5.73463	0.299336	21.7908	3.31831	0.503115	15.6453	6.32875	0.583034	25.2884	1.66973	0.706122	6.4892	5.55023	0.871315	25.4	7.09808	0.861374	25.0701	4.94732	0.58817	22.8076	2.19358	0.188463	10.3007	6.86039	0.704091	31.91	5.39403	0.120925	22.4558	7.47144	0.611059	19.2547	2.71743	0.312298	8.88834	7.05316	0.990238	28.1712	3.7552	0.227245	15.4124	1.05197	0.519858	2.7986	7.75752	0.832802	35.3453	3.97308	0.10682	15.7278	6.92929	0.286473	17.4653	
9.34604	0.963231	41.2667	5.46941	0.479851	12.2715	7.08441	0.510022	21.2265	10.8623	0.844296	42.8076	4.10509	0.975746	11.9857	10.2517	0.625677	37.628	3.83523	0.799702	18.8628	5.93907	0.823481	15.7159	4.69655	0.427746	9.54041	11.3069	0.522763	23.0826	5.36905	0.51736	22.6575	7.63049	0.230877	26.5427	9.47794	0.457408	45.7878	9.04331	0.985643	29.4005	2.84452	0.211362	9.21485	8.85183	0.861352	37.524	9.88493	0.739678	47.3889	1.64288	0.234407	6.5898	5.3568	0.801146	21.4449	3.65269	0.698205	8.23922	
7.23244	0.24195	33.0985	1.51224	0.488376	5.77384	2.83785	0.91217	11.2569	7.54532	0.630934	31.0517	1.36382	0.978831	4.54658	5.55391	0.510536	22.4764	2.55239	0.962682	11.6512	6.30161	0.797779	25.6886	3.02892	0.806709	9.69875	7.16074	0.321858	23.5547	5.7209	0.454541	25.0071	3.16415	0.262594	15.6939	8.83218	0.945587	34.719	4.14883	0.210716	12.4351	2.2204	0.943507	10.9564	3.95867	0.91657	10.7127	5.30334	0.874441	10.7012	3.26988	0.215986	9.32102	1.41282	0.603068	4.13058	1.9574	0.625523	8.58139	
2.99744	0.677874	12.4977	5.64033	0.264991	15.3348	9.56551	0.469039	29.2038	5.60714	0.173398	24.3388	7.71373	0.316647	17.1783	8.25923	0.789857	35.6265	4.69698	0.501286	9.70641	1.50715	0.523563	7.04398	3.92138	0.283969	12.8768	7.42838	0.68983	23.8048	1.97808	0.988318	6.72045	9.67148	0.172411	38.9662	2.16432	0.226823	8.42706	8.55515	0.997584	38.3778	7.27868	0.229484	35.4033	9.21967	0.800693	39.7005	7.64609	0.728461	27.0485	6.81492	0.74314	14.1126	5.67956	0.768853	25.5528	7.94134	0.701367	26.055	


# This instance was randomly generated with the following parameters: 
# SIGMA_MIN=0.1
# SIGMA_MAX=1
# CAPACITY_OVER_DEMAND=5