10	20
16.7895	1188.78	120.877
150.631	648.715	38.0716
160.603	1079.37	108.259
165.541	1051.11	100.381
144.233	680.813	43.4644
58.5093	624.573	36.5433
149.356	1157.37	116.575
103.544	1322.55	145.738
50.8478	801.602	58.9542
1.04708	1324.93	145.102
21.9384
4.24409
27.1705
28.7868
11.5244
1.84352
25.7699
36.5385
27.0114
18.9214
38.9122
32.245
8.14054
37.0374
9.34679
31.1981
30.6564
18.9328
23.6487
23.1157
5.5444	1.84276	25.4812	1.60561	1.15574	4.43747	6.38006	1.03357	18.7417	4.22249	0.54028	8.65373	8.77103	0.712821	30.9676	6.69076	1.87679	19.0369	3.05886	1.41963	11.6492	6.81149	1.09837	16.4129	4.95597	0.599679	12.552	4.48504	1.67767	19.2552	8.39567	1.31637	39.2793	6.27118	1.30278	29.4441	5.88747	1.4827	16.9554	4.47686	0.765649	12.763	9.52322	0.59778	35.5335	4.1664	1.26129	13.7041	5.24638	1.42827	18.8436	1.55901	1.05453	3.87387	2.39045	1.79547	8.59211	4.09031	1.171	8.42489	
6.57193	1.64596	23.5431	4.14064	1.87478	9.00709	2.62184	1.02201	6.8366	1.40259	1.55306	4.52535	5.00693	1.43422	10.7166	2.55978	0.759846	10.4326	1.8629	1.14996	9.22216	3.39215	0.829825	12.7334	0.876188	1.16928	3.6892	1.3928	1.8541	3.1	4.3032	1.20104	15.0194	3.36635	0.90246	10.1796	3.16774	1.70461	13.8338	1.04875	1.41423	3.46243	6.02985	1.99442	17.342	0.819069	0.867752	2.84787	2.33137	0.76985	8.29594	2.57624	1.4742	12.6777	4.93213	1.1754	16.5985	2.44437	0.700826	6.15013	
5.89113	1.94061	13.8485	9.42003	1.6493	46.3482	3.90582	1.44512	15.4241	4.84295	0.663161	9.92037	8.49369	1.75734	22.7398	5.74647	1.26271	13.2366	5.6436	1.11532	12.0253	2.94404	1.71631	7.60481	6.08636	0.627406	23.4117	4.7136	0.656509	21.8946	5.07301	1.16732	15.898	2.65945	1.84392	7.12423	2.89325	1.4554	7.77856	4.99744	1.11662	12.0578	2.67924	1.62525	8.47164	6.80461	1.38172	14.5817	3.72765	0.860603	9.69859	7.42835	0.553578	16.6583	10.3521	0.904662	35.8032	4.47437	0.807163	13.078	
4.76291	1.52735	20.8311	4.74798	1.00255	18.5349	2.56703	0.963783	7.7488	0.59492	1.20246	2.54234	6.58191	1.72723	27.8866	3.69529	0.677223	13.6773	0.996102	1.97293	3.47651	2.79881	1.53234	9.15437	2.56285	1.73684	7.63631	0.810233	1.73866	2.09903	4.85576	1.27609	20.1513	2.23813	1.15439	7.07126	1.87318	1.2684	3.82897	1.11898	1.44589	3.57915	5.48528	1.57713	14.7147	2.70751	1.59226	5.44463	1.21112	1.23093	3.3488	2.7678	0.574377	9.32963	5.67261	1.95826	18.9663	0.527853	1.6464	2.1912	
3.24326	0.628798	10.7455	8.86039	1.71235	35.9065	5.5997	1.3265	27.2083	5.26821	0.707728	21.5986	10.4984	0.654789	21.5121	7.49406	1.2071	20.7704	5.43354	0.652733	18.6035	4.83963	1.37985	21.1635	7.1115	1.05783	26.0214	5.30385	1.59943	20.5643	7.49049	1.18076	30.2369	4.0049	1.5337	15.631	3.89268	1.91293	15.435	5.67475	1.42179	23.1721	5.68559	0.928422	27.329	7.48204	0.986731	29.9139	4.54167	0.66817	19.2265	6.98045	1.79917	18.1668	9.79283	1.43987	45.1264	4.33405	1.95423	9.27749	
8.70337	1.73312	39.855	4.64295	1.00796	16.3811	3.88031	1.86721	16.7895	3.53564	1.18134	17.3448	3.48282	0.865788	11.8961	2.54134	1.67135	6.02021	3.93034	1.70456	13.9316	4.83039	1.13835	10.0307	1.67845	1.38152	4.20638	3.46375	0.720346	8.55165	4.4677	0.863423	14.4932	5.13752	1.43582	25.3954	5.0484	1.67374	22.8967	3.09083	1.72244	11.8803	7.07411	0.973598	25.1116	1.46274	1.75176	5.52283	4.2691	0.909052	18.9583	3.91164	0.845702	12.0218	5.12486	0.512864	23.1002	4.60629	1.3451	15.9248	
1.76361	1.2617	7.96802	7.74561	0.981623	36.4891	5.7509	1.3409	27.5381	4.83008	0.723533	17.5015	10.5471	1.11925	45.3594	7.52074	1.99988	35.8033	4.66269	0.638212	12.4139	5.18469	0.920735	13.6319	6.79266	0.913915	20.7731	4.94306	1.99744	17.5844	7.90109	1.9506	30.121	4.24201	1.63067	14.8907	3.99238	0.696926	9.37855	5.31211	1.78756	19.7582	6.636	0.548138	29.5872	6.96906	0.503323	34.2019	4.41044	1.47639	10.3205	5.98355	1.14283	24.4783	8.65498	0.840148	40.5533	3.75375	1.48882	8.19028	
5.39456	0.677265	19.0469	5.18289	0.915712	12.1548	1.81266	0.561425	8.53235	0.453887	0.800653	1.76296	5.93474	1.00535	19.307	2.98537	1.57112	13.8071	1.61507	0.531952	3.48222	2.16148	1.54551	4.54625	2.09295	1.13507	6.65982	0.295268	1.21147	0.709145	4.08772	1.35307	10.6895	1.80595	1.31307	7.07809	1.53236	0.648966	5.1644	0.646156	0.576818	1.681	4.88819	1.5676	11.0484	2.50194	0.811276	6.34259	0.701387	1.09692	3.36363	3.26299	1.12948	11.9011	6.07841	1.24792	17.8352	1.17414	1.39665	5.43579	
6.53704	0.841177	32.0291	2.61982	1.20502	9.44033	4.11419	1.2983	14.509	2.38074	0.659139	11.1069	5.95854	0.71771	27.346	3.96163	1.52632	11.2451	1.92065	0.586922	7.38656	4.8105	1.17862	14.3173	2.21235	1.71673	8.07374	2.53043	0.523267	9.4083	5.79547	1.55548	15.4536	4.61246	1.93869	10.7166	4.33248	1.56764	12.4632	2.31383	0.693052	10.6401	7.50145	1.81114	18.1934	1.34294	0.90565	3.84229	3.50967	0.542053	17.0817	1.34472	1.1821	4.07871	3.41406	1.39478	9.78471	3.02671	0.636464	13.0967	
5.37284	1.51513	12.9526	9.95499	1.01048	25.3937	5.07367	0.646459	15.1477	5.63232	1.43091	17.3791	9.78384	1.73445	37.9484	6.96504	0.716866	21.2671	6.22957	1.26669	14.3299	4.13451	1.12684	15.1313	7.11372	1.82565	21.6704	5.55633	0.752244	11.6482	6.40238	1.64303	20.6596	3.64645	0.75306	8.69724	3.76941	0.959216	10.2844	5.88175	1.16723	19.9419	3.93133	1.4766	17.6268	7.73703	1.78629	25.2132	4.59934	0.556407	20.5135	7.97345	1.76286	37.5343	10.8982	0.760166	51.7341	5.03166	1.87096	22.7004	


# This instance was randomly generated with the following parameters: 
# SIGMA_MIN=0.5
# SIGMA_MAX=2
# CAPACITY_OVER_DEMAND=2