4	8
40.6921	457.13	20.8252
174.161	972.974	86.277
5.78227	485.579	23.3987
51.9884	1146.11	114.237
2.07126
2.40012
2.23079
3.33705
2.56145
1.10991
5.24591
5.51733
3.91032	2.5762	18.4682	4.60689	1.37462	12.8957	2.80204	2.8151	8.99836	4.03083	2.2504	11.3861	3.24756	2.86133	6.55552	6.99936	3.93044	34.3865	6.26145	3.46545	15.4123	5.23847	1.15235	13.321	
2.09612	3.57918	10.1931	7.53962	1.99821	15.4089	7.1173	3.05177	18.0276	5.57111	1.8433	16.5671	1.19099	3.4662	5.82478	4.89871	3.69794	11.9053	8.1827	2.65991	30.5152	8.96629	1.66579	29.0325	
2.82243	3.31739	8.6626	6.71922	3.12335	29.5177	5.32541	3.89645	17.6471	5.24853	2.09862	24.9444	0.773159	3.13187	2.82752	6.17393	1.21956	24.283	7.85424	2.23368	20.8525	7.77705	3.08933	21.3913	
6.11682	3.32927	12.7264	2.30082	3.92166	8.42225	2.57678	3.98269	8.07302	3.7334	1.84276	15.9471	6.38374	2.87408	21.7179	8.23728	2.11017	24.4753	4.48362	3.6233	9.06667	1.90925	3.81054	5.97812	


# This instance was randomly generated with the following parameters: 
# SIGMA_MIN=1
# SIGMA_MAX=4
# CAPACITY_OVER_DEMAND=10