6	12
63.9168	933.473	81.0251
6.51138	759.772	53.6903
61.5944	727.885	47.0427
72.8596	947.939	84.7368
126.518	448.917	17.798
88.0077	1281.84	150.908
6.65811
3.4579
1.50296
7.74848
61.6948
29.5459
8.32418
41.504
49.8646
18.584
49.877
11.3719
3.12853	0.909685	14.667	4.87961	0.767133	10.9339	6.23785	0.161728	25.1093	7.2618	0.892575	32.7845	3.87424	0.401021	13.3912	8.68884	0.814526	41.6862	8.96534	0.153588	30.2357	6.02023	0.32254	27.5565	8.2997	0.732426	18.0669	10.8001	0.516879	26.2443	6.86392	0.133446	26.8344	7.87408	0.12671	27.6894	
3.89419	0.88164	9.63724	8.16552	0.88751	27.5699	5.282	0.713611	10.7298	4.60965	0.106002	9.25914	2.40719	0.647154	10.0094	3.93252	0.465478	9.06625	6.44056	0.845024	15.4899	1.23172	0.577484	3.79228	3.4848	0.924007	10.713	8.99993	0.553898	36.6883	5.31169	0.98874	14.9404	7.04042	0.935615	21.3638	
7.64746	0.387788	25.8276	1.44726	0.241242	5.57673	4.10913	0.836814	15.3224	6.19286	0.251037	29.4239	4.85795	0.349142	12.2031	9.73362	0.193726	28.4787	7.10522	0.204691	33.5911	7.77239	0.367291	25.3249	9.57986	0.703796	31.3519	7.81081	0.274013	37.5684	4.92899	0.373362	19.6077	4.76623	0.424471	10.8644	
0.744548	0.349563	2.46069	7.21286	0.971699	15.5485	7.30282	0.699435	15.5238	7.67147	0.582304	19.6029	4.22157	0.64209	8.95004	7.80893	0.892487	29.2953	9.52349	0.974331	35.5007	5.13061	0.147312	23.4179	7.33365	0.285051	25.7543	11.7453	0.884422	35.4067	7.73361	0.455072	34.8363	9.10271	0.653727	35.8076	
7.36229	0.189461	35.4492	0.722998	0.921772	2.94365	4.96718	0.280217	24.7224	6.97731	0.167571	25.0206	5.20382	0.99459	17.059	10.2773	0.172582	21.2354	8.00766	0.328177	22.8014	8.14058	0.657295	28.8389	10.0801	0.897937	48.2687	8.80029	0.468782	26.5192	5.79231	0.462872	19.4889	5.74492	0.353255	15.8799	
8.21718	0.827055	31.8951	4.84768	0.421139	22.3518	0.993917	0.506205	2.7718	3.12609	0.943707	7.69111	3.85157	0.770974	16.6881	7.27333	0.986247	14.8534	3.71447	0.184039	14.1888	6.08335	0.835132	24.4978	7.27368	0.771502	35.8087	4.64959	0.401822	21.138	1.67113	0.505231	4.6311	1.58621	0.193682	4.37281	


# This instance was randomly generated with the following parameters: 
# SIGMA_MIN=0.1
# SIGMA_MAX=1
# CAPACITY_OVER_DEMAND=1.5