10	20
3.83927	367.556	13.2898
34.0569	1110.38	110.471
49.7373	634.693	35.0923
88.3142	953.419	85.5801
23.1227	894.387	79.4786
126.828	1213.88	140.7
149.675	493.7	21.7697
147.248	1051.12	99.4001
95.8332	1325.49	159.771
151.232	1111.15	109.848
12.6331
12.8115
1.82813
5.18647
11.9635
12.7393
4.92369
7.61417
5.2578
6.82436
6.1658
0.206703
4.50683
12.7023
9.23911
14.5659
13.8867
14.0312
1.91708
12.0762
6.22996	0.899261	14.516	3.97054	1.8539	19.8009	10.3789	0.90849	47.7207	6.80964	1.06682	29.7949	4.42783	1.57828	18.3121	7.31271	1.89241	29.6592	6.5635	0.955098	25.522	6.31327	0.946356	24.8363	5.44569	1.02447	26.6879	5.84901	1.33617	22.9695	7.66966	1.19704	20.1318	3.84015	1.79697	11.2442	5.28799	0.752778	15.4535	4.13037	1.07056	13.942	7.15731	0.702274	30.3425	8.04657	1.73315	39.5965	3.92307	1.52695	18.7129	3.38567	1.40629	15.0559	6.71706	0.675121	21.9236	3.62384	0.868902	16.0573	
4.52903	0.5531	11.2916	2.05072	1.74625	4.38505	5.07802	1.6335	18.6222	3.17716	0.656335	14.2245	4.21801	1.69438	11.8277	1.48599	1.28464	6.2214	1.93094	1.67446	6.67436	7.03345	1.57932	21.4002	6.0868	1.52529	26.7696	7.39689	1.99837	15.0424	5.64698	1.87568	13.5614	3.00477	1.65817	14.2678	3.87354	1.57304	17.1863	4.97093	0.694477	11.2379	7.40779	1.1737	23.2946	3.89824	1.28785	15.6096	2.90357	0.733517	7.13816	4.41868	0.554466	15.746	6.48677	1.26015	29.8689	5.52953	0.951132	22.014	
3.33068	1.31736	11.1542	4.28124	1.23193	11.3516	6.50358	1.18747	19.6004	1.51957	1.10473	7.14315	7.41766	1.63381	14.8825	2.22754	1.34918	8.58267	4.8987	1.07344	20.6464	10.276	1.18084	41.7472	9.31663	0.623663	19.9789	10.6058	1.84006	28.7794	8.74609	1.52566	41.3667	6.07907	0.569938	19.9896	3.48878	1.55838	17.3504	5.21254	1.27158	14.588	10.6524	0.573771	24.0956	6.56151	1.10614	23.4474	4.12491	1.64981	8.44133	5.22763	1.87505	20.9059	9.72805	1.14031	30.1068	6.02304	0.794695	13.5748	
7.66309	1.40582	35.4466	3.79619	1.30095	8.30951	6.65027	1.883	18.1264	7.01686	1.09829	25.1638	0.150182	0.691681	0.484229	5.62311	0.602969	26.866	3.35096	0.842975	8.75142	2.87831	1.10372	12.3153	1.87352	1.08384	4.91097	3.15465	0.651154	10.8632	3.09667	0.90944	7.98902	1.58751	0.58209	4.97742	6.69643	1.38457	30.7822	6.72874	0.983719	23.6648	3.43365	1.83743	14.8573	3.94941	1.46885	14.0036	4.92564	1.82622	10.2297	5.82314	0.646431	25.2376	2.63663	1.82521	9.72557	6.77531	1.96511	14.1906	
6.56697	1.44833	14.6975	3.88097	1.61619	15.002	3.10573	1.50544	9.54967	5.01933	0.547012	14.2247	4.27151	1.00206	20.6239	2.34623	0.883193	5.28177	0.885943	1.58772	4.02473	6.53238	1.41127	31.1779	5.77001	0.802247	21.2104	7.13308	1.22983	14.4535	4.33241	1.27805	17.5817	3.69844	1.98148	8.01398	5.96519	0.802383	16.195	7.04128	0.813811	19.6333	6.6649	1.02726	18.0048	1.99252	1.79167	9.79895	4.9295	1.96346	19.3714	6.42807	1.80479	21.9847	5.73057	0.866473	12.6039	7.5529	1.88977	34.8063	
1.03735	1.21715	3.69125	3.83459	0.600851	11.1161	8.41716	1.52268	18.6453	0.958573	1.00626	1.9755	7.50214	1.09377	21.3755	3.79783	0.724673	14.6222	5.92895	1.56905	12.6591	10.4555	1.3915	38.4871	9.43212	1.19938	39.3587	10.5843	0.600025	52.5773	9.58334	1.1813	24.9899	6.01994	1.56148	19.0228	1.55211	1.88747	3.2782	3.22084	1.82788	8.23052	10.9921	1.20994	50.3579	7.85867	0.537353	15.7781	3.02342	1.20572	7.23191	3.53244	1.62635	15.9914	10.1266	0.81918	29.0302	4.05297	1.6615	8.58414	
8.12634	1.08136	33.9233	4.91039	1.63975	17.3453	9.88786	1.98005	39.7068	8.24823	1.53243	27.7032	3.18515	1.61061	9.87082	7.90786	1.83362	26.5252	6.29956	1.06311	19.4163	4.07818	1.20435	18.1817	3.38404	0.718127	12.0121	3.47435	1.10387	14.9365	6.09666	0.963262	14.6472	3.52998	1.25693	10.768	7.12064	0.592454	27.5517	6.32129	0.883977	30.9276	4.94782	0.805911	20.4293	7.23976	1.09723	35.0259	5.44111	0.948029	22.8615	5.46071	1.20469	15.2956	4.69822	1.03802	11.8076	5.95621	0.724315	18.4728	
2.33668	0.898941	9.72843	3.6135	0.933708	8.54491	7.11664	0.840971	17.4573	0.476376	1.43468	2.04103	7.0361	1.95184	28.6222	2.54646	1.60187	8.9195	4.94666	0.846348	13.6921	9.96096	0.734541	24.3551	8.96672	1.5401	23.194	10.2049	1.76784	37.6884	8.73491	1.47559	30.0477	5.61554	1.20446	21.0153	2.44513	1.5952	6.40126	4.17239	1.7019	11.6923	10.4121	1.45628	40.2376	6.78288	1.45742	15.4169	3.23658	0.887709	10.8845	4.22637	0.811826	20.81	9.50941	0.702117	19.6131	4.987	0.934777	22.7691	
9.93424	0.658523	48.8077	6.20153	0.983911	18.6935	9.00183	0.689782	34.4485	9.58273	1.78988	33.1036	2.79528	0.617632	10.4935	8.41	1.53692	26.1883	6.09087	1.21796	12.9838	1.44297	1.66633	2.90716	1.30309	1.51765	4.1978	0.728786	1.96204	3.09715	4.23103	1.79105	17.4514	4.10522	1.07633	17.4895	8.92503	0.948756	19.7303	8.52345	1.1201	33.8297	2.29469	1.0383	10.5404	6.23211	0.740434	22.1765	7.12771	0.672673	28.959	7.60891	0.586858	24.5499	2.34844	1.35037	7.28044	8.32427	1.28503	29.5568	
9.20671	0.772422	32.3627	5.42712	1.17122	17.7523	5.46792	1.56014	22.8312	8.19633	1.85435	16.899	2.34844	0.86534	7.75001	6.122	0.804638	17.1695	3.41327	1.11484	9.89305	2.70959	1.66951	10.2544	2.32153	1.36356	10.2336	3.5193	1.56153	16.3399	0.898756	1.85087	3.74201	3.44469	0.804891	10.4156	8.31746	1.23449	30.346	8.64484	1.34523	24.4984	2.65324	1.1164	11.5824	2.74858	1.14398	8.52397	6.65973	0.809052	21.6693	7.7734	1.69549	37.6806	1.7469	1.86172	6.0993	8.79621	1.47745	27.26	


# This instance was randomly generated with the following parameters: 
# SIGMA_MIN=0.5
# SIGMA_MAX=2
# CAPACITY_OVER_DEMAND=5