4	8
162.076	1269.74	146.659
55.0248	653.051	42.5583
115.598	1191.46	131.704
64.3872	909.362	77.7574
23.2557
30.0549
27.4018
33.6009
16.2913
36.3554
14.8922
17.4873
4.93294	0.687078	13.5695	10.1896	1.32321	22.5965	8.809	0.785718	24.5773	9.66868	1.77355	30.0107	5.48432	0.932504	25.3071	5.05433	0.802361	16.2203	4.88356	0.88808	20.7974	9.85996	1.76354	46.5404	
4.32751	1.37065	16.4786	7.86489	0.820118	18.5975	7.14241	1.43276	18.167	7.50101	1.66273	16.3604	3.68209	1.73252	7.80924	3.64675	0.599939	15.9734	3.45781	1.32606	7.59797	7.68339	0.806708	31.1487	
9.28979	0.73407	31.7136	6.71929	1.07226	21.3298	10.1277	0.962332	50.1671	8.51558	1.68253	41.4647	1.7855	1.80802	5.08467	1.87598	1.10518	5.9293	2.0448	1.0336	8.18449	8.59582	1.61669	24.8706	
3.56166	0.917437	9.06697	7.97149	0.511341	16.0236	1.81153	1.77944	7.43155	5.08769	1.56194	12.8113	9.18475	1.50385	41.93	9.817	1.33267	32.0249	9.65829	1.05618	19.4609	5.25986	1.21779	12.0617	


# This instance was randomly generated with the following parameters: 
# SIGMA_MIN=0.5
# SIGMA_MAX=2
# CAPACITY_OVER_DEMAND=2