6	12
118.228	997.96	87.2953
79.565	895.721	69.1343
88.7738	475.353	20.2154
161.147	1212.13	142.675
46.0301	984.795	94.214
113.566	878.531	76.627
8.75576
2.94505
7.39977
1.32682
4.12146
2.62404
6.34654
3.41869
0.935993
1.23336
4.41679
5.49185
4.5852	0.739444	12.7989	6.63435	0.841387	28.2542	2.61223	1.52501	7.49609	4.26835	0.623531	12.5933	7.1691	1.06272	28.9206	8.28772	1.60157	35.7104	1.47876	1.50118	4.23182	9.47407	1.52334	43.1422	2.94695	1.07854	9.28176	8.37734	1.73178	22.1303	8.72608	0.868394	30.0444	4.72539	1.60886	22.4274	
6.88264	1.26308	14.6263	3.15286	1.69426	12.2374	5.75369	1.09844	28.4107	4.29599	1.47439	14.3209	3.94892	0.950422	17.4274	0.965171	1.80133	4.74952	9.63115	0.872788	37.8057	3.57287	1.03106	12.518	5.27834	1.6258	14.2502	10.6413	1.72699	52.6552	3.53179	1.83589	8.67107	3.90885	0.866969	11.0636	
4.87611	1.87681	10.4023	4.84257	0.715832	18.3268	0.979824	0.697475	4.86774	2.5448	1.57603	11.9275	5.34186	1.01584	20.19	6.93482	1.04956	18.5862	2.99266	1.58001	7.20337	8.50051	1.51756	21.7564	1.67009	1.21908	4.77557	9.19013	1.18207	21.3001	7.8213	1.25463	28.703	2.99747	1.23908	8.47197	
3.30474	0.890255	9.4024	3.95158	1.4544	15.3345	2.61722	0.750153	6.34868	2.33026	0.863456	6.20365	4.93946	1.18404	12.9719	3.84308	1.87782	14.3287	6.00558	0.616241	13.0457	5.01754	1.92255	15.7714	1.83235	0.5539	8.3994	7.69021	0.781883	21.3323	4.32242	1.85684	14.4982	2.42984	1.90168	5.26988	
5.89192	1.01576	17.8188	1.36641	1.16054	4.82942	2.88088	1.63734	13.9277	1.23581	0.521146	3.30665	2.31213	1.46799	11.5352	3.70921	0.678816	12.8741	6.7712	0.583789	20.5192	5.97625	0.727766	18.1865	2.72554	1.67992	8.27216	10.3198	0.722736	27.7965	5.54221	1.31583	24.1957	0.784809	0.553131	3.77207	
4.62409	0.874794	21.3007	6.1033	1.21492	15.6715	6.33028	1.21413	30.7832	5.6941	1.08474	25.6649	7.11818	1.7869	17.1889	2.88021	1.18552	6.7544	9.46815	1.66237	27.8209	1.66545	0.830906	7.48436	5.54232	0.917011	23.8488	7.2845	0.53919	19.6336	0.85891	0.800936	1.87181	5.57129	1.67235	26.6785	


# This instance was randomly generated with the following parameters: 
# SIGMA_MIN=0.5
# SIGMA_MAX=2
# CAPACITY_OVER_DEMAND=10