11	22
32.1332	790.493	55.1549
106.636	823.385	56.7988
7.06538	1191.37	132.96
45.1587	1029.54	105.492
73.4765	847	61.0167
105.546	1127.15	118.326
29.041	1221.9	146.075
46.8085	799.56	59.9226
53.5866	505.12	22.6471
13.4532	775.062	56.8305
27.4695	478.717	22.3671
1.03118
7.94721
9.6269
8.30136
13.5616
5.58479
21.0996
13.7405
6.0948
18.7307
12.9903
8.90828
19.7217
11.0023
25.1729
4.88701
0.310276
4.34314
22.2432
22.6215
16.387
24.8905
4.58184	0.837927	17.2062	1.37691	0.790596	5.6471	4.13873	0.735105	9.89054	1.16897	0.48126	4.62059	7.26511	0.282283	16.7273	7.83479	0.76816	33.0486	4.0668	0.237915	10.6751	5.33403	0.491041	24.5938	5.26944	0.249011	10.6643	6.67568	0.901609	25.5893	5.26984	0.317678	11.5739	2.32378	0.696109	10.5632	6.00602	0.740528	29.7058	4.23407	0.861264	13.9034	4.21174	0.949506	10.0978	4.22793	0.238319	16.4702	1.30941	0.220716	5.29131	2.76926	0.69086	8.89839	3.5996	0.766394	14.3993	2.80363	0.786706	11.589	7.36606	0.229789	16.5333	7.92833	0.960251	34.513	
5.22354	0.347652	17.7315	2.50532	0.310283	5.36259	5.50518	0.654368	18.2439	0.88921	0.716599	2.51915	8.54669	0.806575	30.7707	9.16747	0.685855	38.5042	4.91218	0.61909	17.7087	5.97981	0.692411	19.2761	6.65232	0.935661	29.1607	8.06007	0.850817	24.5129	6.34154	0.32828	17.4798	1.30291	0.432445	6.43959	7.09402	0.921824	21.6881	4.91954	0.910874	16.4349	4.38556	0.33086	19.6325	4.89823	0.268297	24.3428	1.07622	0.69245	4.57739	2.37339	0.670379	11.6558	4.6314	0.542801	17.1839	4.18864	0.871106	16.5921	8.521	0.405105	36.7658	9.30144	0.982085	40.9099	
2.93395	0.607091	6.13128	2.51637	0.564543	7.44434	3.27469	0.943465	8.52616	2.81261	0.130458	11.2048	7.29999	0.834737	30.167	6.68887	0.23032	27.8132	5.12053	0.97495	12.0664	6.52298	0.943501	16.1829	4.51409	0.97576	13.2307	6.12896	0.761943	20.9239	5.90927	0.586291	14.0637	3.8711	0.732767	17.9708	4.42846	0.312278	15.8367	2.57561	0.235837	7.10964	2.9234	0.167393	9.13094	2.57527	0.204283	8.66927	2.97771	0.262736	8.71515	2.44724	0.694584	7.09731	1.9709	0.640097	5.95851	2.32656	0.469238	11.1763	7.74154	0.831449	38.4628	7.48793	0.719961	34.2472	
5.87286	0.934632	13.0744	0.75208	0.922051	2.65129	4.43712	0.648715	21.7131	1.3083	0.492348	4.78083	6.58409	0.432875	16.5061	8.16922	0.498816	19.7639	2.78115	0.779035	7.80121	3.94863	0.120548	16.2041	5.36649	0.138199	11.9133	6.50297	0.742312	22.897	4.21656	0.561936	14.4721	2.26888	0.381108	10.4521	6.89532	0.326685	15.5125	5.51204	0.923065	12.5177	5.63417	0.808516	15.0925	5.51361	0.117918	24.6922	1.20731	0.173459	2.6197	4.13	0.774143	19.8303	4.648	0.848623	14.7282	3.0349	0.238248	6.30683	6.42417	0.820657	21.092	7.61165	0.225501	17.5219	
9.88741	0.40375	36.4465	4.54037	0.584939	13.8533	6.98718	0.908086	19.0204	5.29622	0.236702	20.862	5.93178	0.482019	21.7313	10.0764	0.975373	48.3491	2.20558	0.895616	10.5679	0.913107	0.122622	4.12337	7.2477	0.226309	27.8215	7.4294	0.158375	21.3135	3.17603	0.923129	9.76057	5.52933	0.827598	16.7716	10.1332	0.764929	46.387	9.51756	0.811114	33.4719	9.89021	0.474643	37.0786	9.53144	0.397067	43.5797	5.10043	0.334302	16.5107	8.39454	0.212923	32.8437	8.36469	0.68471	19.2624	5.97719	0.190826	28.9981	4.80961	0.899671	18.6933	7.88395	0.261139	19.63	
7.25889	0.59431	25.057	2.15661	0.283857	4.66543	5.78868	0.800065	14.4488	1.90537	0.973826	5.37729	7.21341	0.606428	17.0821	9.47886	0.615654	44.6696	2.78207	0.299062	11.5693	3.45095	0.214503	13.2145	6.61178	0.691686	15.0642	7.56385	0.90976	36.8172	4.50496	0.23792	14.1572	2.06887	0.735297	6.1239	8.35456	0.114592	25.098	6.90482	0.211322	28.3625	6.84776	0.750016	24.0261	6.90209	0.119326	30.7362	1.69522	0.255921	8.28881	5.06706	0.156219	15.9202	6.10266	0.927546	13.5233	4.41061	0.607413	20.7804	6.74588	0.498703	17.1899	8.54165	0.470701	35.0411	
8.68453	0.86364	30.6994	3.79365	0.394718	11.8133	7.43093	0.832722	17.6771	3.08226	0.745481	12.3261	8.49401	0.687035	25.4244	11.1094	0.400853	38.5989	3.90394	0.643323	14.7508	4.01286	0.878076	19.8623	8.22836	0.763565	40.6109	9.09854	0.901028	35.0858	5.64997	0.357011	12.8085	2.54547	0.573215	6.17162	9.96198	0.738063	22.7601	8.34349	0.940629	24.9864	8.06519	0.97962	32.6856	8.33459	0.54988	21.2715	2.88382	0.81257	13.9889	6.06273	0.450909	23.5277	7.65766	0.620245	25.0504	6.05472	0.756843	18.7432	7.81038	0.576433	36.644	9.99646	0.657157	49.0733	
0.54821	0.479125	1.58139	4.85386	0.148031	20.7727	3.87553	0.367279	17.5789	5.11273	0.792845	13.3385	8.47052	0.804097	38.0882	6.11338	0.553349	25.6536	7.29267	0.678484	15.5077	8.73604	0.877218	21.0429	4.96676	0.18173	10.6078	6.65521	0.173243	32.1144	7.75668	0.620806	29.7516	6.0444	0.627082	26.3343	2.93451	0.353699	9.45953	0.181666	0.199208	0.528821	1.7373	0.133769	6.91086	0.191823	0.420427	0.909639	5.29716	0.744041	13.4656	3.25847	0.541441	10.5485	1.34412	0.429143	6.34707	3.78136	0.757289	18.0531	9.25269	0.526222	33.1592	8.04036	0.680906	21.6666	
9.54754	0.91891	38.1185	6.6605	0.846288	29.5625	5.2744	0.952259	19.3804	8.4442	0.634374	24.0142	0.673535	0.329047	3.1817	5.86259	0.372972	28.1164	5.0404	0.197645	17.5415	5.34976	0.299156	19.957	4.37147	0.90178	20.8259	3.05	0.718181	10.7409	3.2953	0.453705	10.5264	9.41137	0.929013	20.2832	7.9851	0.175221	36.0673	9.2517	0.427382	24.899	10.5705	0.945273	47.7605	9.29802	0.722389	38.5117	8.37084	0.432861	19.0047	10.3371	0.699266	25.2016	7.79488	0.419796	35.3286	5.65691	0.945881	19.5331	1.46374	0.343438	4.85048	2.39107	0.527009	10.0934	
2.92404	0.253921	9.11006	3.45398	0.416872	13.6088	1.42791	0.383699	5.69817	4.56615	0.231197	12.6322	5.98847	0.635279	18.0226	4.5738	0.413794	21.9085	5.31319	0.17534	24.1187	6.76303	0.708565	17.9906	2.62048	0.788991	11.4678	4.31506	0.878626	20.2539	5.44598	0.296514	24.5901	5.73212	0.32077	18.1316	2.76416	0.550206	10.623	2.60636	0.270838	9.66702	3.97459	0.100872	13.5381	2.64976	0.190382	11.3624	4.6782	0.835851	22.7551	4.41922	0.408809	14.8709	1.14745	0.690091	4.1022	1.52933	0.72492	6.79478	6.7903	0.966726	14.8766	5.70795	0.98907	17.8436	
11.3887	0.698479	49.5633	7.78035	0.216731	17.2573	7.15161	0.918294	33.4268	9.44474	0.980089	44.1721	2.64996	0.641617	9.02713	7.95766	0.333001	31.4409	5.56284	0.901086	23.1034	5.29863	0.925161	12.8273	6.37769	0.451582	27.2036	5.15244	0.328011	13.1669	3.92197	0.935164	9.79202	10.2518	0.180038	27.0771	10.0264	0.721283	37.8724	11.0719	0.362134	42.5701	12.2596	0.794762	28.7595	11.1142	0.928783	35.6766	9.33145	0.792327	30.3963	11.747	0.127012	42.481	9.61384	0.160601	27.824	7.27912	0.143711	32.98	1.76558	0.925731	4.19817	4.4191	0.311104	17.1139	


# This instance was randomly generated with the following parameters: 
# SIGMA_MIN=0.1
# SIGMA_MAX=1
# CAPACITY_OVER_DEMAND=3