8	16
127.774	1159.4	130.618
128.899	1070.1	108.31
18.8202	781.497	52.9515
19.1654	1085.93	99.0281
37.1411	365.401	13.0793
51.3249	1244.58	140.66
110.308	1217.78	127.204
100.452	937.8	87.8609
2.89094
8.83692
0.181227
9.21131
3.02321
10.419
0.705727
10.0122
5.3462
0.113587
3.27665
5.27902
7.98015
0.103317
3.73532
4.85634
4.52387	0.714129	10.8037	4.3397	0.924916	12.3003	2.97706	0.657535	13.7457	6.60713	0.192907	28.414	1.96592	0.262403	4.18482	7.61639	0.371268	33.0798	5.0447	0.919375	13.7639	5.10252	0.902255	25.2975	8.45961	0.428223	20.5563	1.7662	0.17972	6.26844	5.45172	0.6659	11.6318	8.26697	0.333387	21.0571	3.23411	0.484822	8.82357	5.81437	0.741247	22.5535	3.88282	0.861425	11.0234	5.86795	0.453928	22.5033	
0.873722	0.473545	2.51979	4.95022	0.975019	12.5688	5.45106	0.896306	24.779	1.46178	0.265174	3.03578	5.35824	0.592474	18.2718	3.54954	0.883913	15.8292	3.79184	0.845709	11.3211	5.23727	0.18983	17.2791	4.34891	0.477011	10.0213	6.72449	0.548798	26.1041	2.06037	0.937111	6.69197	4.21095	0.108847	16.6301	5.06411	0.912234	12.4512	8.09821	0.39528	39.6048	2.59324	0.223314	5.77548	4.28381	0.42619	19.0745	
5.18461	0.574591	17.8156	4.27863	0.563385	20.9984	2.69628	0.912574	9.03565	7.30532	0.574902	21.9127	1.66473	0.393244	7.84246	8.07574	0.975878	22.5808	5.25	0.488325	18.6986	5.91803	0.538548	17.8836	8.90039	0.719439	25.7406	0.896274	0.831002	4.12752	5.94184	0.102592	12.3773	8.70364	0.967773	32.5917	3.08341	0.687602	12.1513	5.25907	0.587572	16.4157	4.75396	0.230881	20.7822	6.74046	0.730059	30.1961	
3.11791	0.413907	6.61992	3.46029	0.898713	17.2684	2.616	0.891711	7.43194	5.23394	0.192474	25.9849	1.93784	0.548628	7.2233	6.18404	0.434878	22.0712	3.80058	0.949404	16.4922	5.03231	0.230181	14.8859	7.03106	0.736015	29.3323	2.91594	0.45729	12.0672	4.01599	0.682749	11.6118	6.83992	0.536186	33.892	2.61373	0.189098	7.46095	5.67284	0.998423	22.9341	3.08319	0.128929	11.6378	5.36563	0.150903	19.9988	
6.83818	0.431393	30.9948	3.4294	0.911871	9.47716	2.2523	0.640536	6.78663	8.86193	0.809786	44.055	2.61064	0.982988	10.999	8.43299	0.69038	21.7147	5.07733	0.994697	13.5291	9.35077	0.56783	18.8024	9.08922	0.481236	27.4147	3.11824	0.619444	9.63234	6.74208	0.296751	31.0828	8.89356	0.114666	35.9754	2.69697	0.636408	8.27157	1.95991	0.173699	6.06457	7.62813	0.499716	37.0537	9.89814	0.511353	39.0896	
3.1999	0.701641	11.3651	6.92256	0.998392	32.2445	6.80564	0.744175	28.1536	3.56847	0.568919	9.65113	6.29988	0.504778	24.9749	6.21218	0.383846	13.9205	6.17452	0.962674	30.1032	2.74235	0.857064	13.0761	6.96248	0.86863	29.4054	6.96431	0.961595	27	4.73125	0.943154	22.3283	6.84542	0.948892	23.4205	6.60293	0.146762	22.3035	9.79214	0.351982	20.835	1.31959	0.336382	6.10725	1.55858	0.266985	5.1808	
5.09335	0.836138	10.9262	7.12823	0.701479	18.0123	6.17664	0.675236	17.4197	6.51041	0.948404	19.5448	5.26838	0.128959	14.0033	8.60995	0.701073	39.4682	7.18339	0.141843	27.3393	1.84482	0.471392	9.20215	9.45316	0.774283	42.1486	4.9004	0.309789	20.3534	6.60693	0.22402	23.8154	9.29338	0.856357	38.6516	6.26835	0.841332	13.7549	9.16118	0.938748	30.619	2.66121	0.593552	11.7795	3.19006	0.474417	15.1554	
5.8264	0.378319	20.8672	7.24079	0.436561	22.1251	6.05636	0.407115	21.8425	7.43292	0.671249	25.5811	5.06526	0.696239	21.8844	9.33416	0.212468	44.2766	7.54802	0.201075	26.8477	2.84219	0.749112	9.71958	10.189	0.66484	28.3011	4.28973	0.421353	21.0593	7.24829	0.716248	27.1685	10.0191	0.541423	33.9325	6.24751	0.417045	27.698	8.90697	0.386663	41.0238	3.63726	0.171059	9.89769	4.31201	0.82413	18.4059	


# This instance was randomly generated with the following parameters: 
# SIGMA_MIN=0.1
# SIGMA_MAX=1
# CAPACITY_OVER_DEMAND=10