12	24
24.9404	1076.92	110.107
65.2807	968.56	80.3634
121.293	720.029	45.4384
130.822	1221.47	144.241
117.921	485.543	22.4915
151.803	913.572	71.1572
156.896	748.494	54.1514
155.502	624.055	32.2848
38.017	890.188	72.2116
154.288	1092.95	116.755
49.8948	970.14	90.7144
46.9883	394.066	14.8381
19.1086
16.6095
20.0923
14.3012
25.7549
9.41144
23.3192
9.26737
9.94645
28.1374
15.4377
16.1075
25.4783
10.5113
18.1773
21.683
3.10655
30.4936
0.597586
32.4903
17.733
16.6732
28.8608
14.0778
4.60177	1.86571	13.005	2.37544	3.65597	8.00639	2.81401	1.06935	10.4955	2.57443	3.55947	9.70959	4.02234	1.24794	15.4423	3.53859	2.34608	15.6388	8.40994	3.84994	36.7881	4.45492	3.00045	17.3451	4.06811	1.46622	19.7434	6.33765	1.26596	26.6505	3.24636	3.24735	9.80557	8.65978	3.14331	20.312	3.66744	1.59624	16.8835	3.8097	2.83669	14.1411	4.62467	2.11072	12.311	3.10948	3.48319	13.3418	4.37519	2.05033	18.4553	6.69814	2.40851	25.7242	2.84178	1.79408	8.28594	3.85972	3.02514	12.1718	4.16267	1.17439	13.7549	7.84127	1.59247	33.5627	1.54456	2.84611	3.31266	1.29388	1.25903	4.70396	
1.87627	3.71322	7.24323	6.33437	3.79497	15.5567	5.28114	3.30705	11.4373	5.61157	1.66851	11.5735	4.75414	3.51003	10.3393	6.94844	1.58231	26.3697	6.35667	1.76758	13.6655	2.26987	1.93453	9.12085	1.66092	3.29373	3.56521	6.05829	1.80848	18.8804	7.58732	3.53576	22.1775	6.94322	3.14877	18.9579	1.04751	2.99679	2.46156	0.908754	1.41224	3.77345	7.96937	1.17224	16.058	6.32636	1.12142	14.1503	4.56432	3.10771	21.4167	6.39833	2.6749	15.8738	4.92231	1.47433	18.0452	3.28775	3.31658	16.4152	5.856	2.19937	27.235	6.37772	1.50844	24.9796	4.69523	3.58857	15.3339	5.95319	2.3763	12.4963	
5.41418	2.28825	12.8389	6.21208	1.62147	19.7716	4.50466	1.08275	14.611	5.06721	1.12508	16.1351	2.98786	1.25614	9.98427	6.14245	2.74829	12.3985	2.87736	2.26247	7.60137	1.60654	1.74357	3.50268	2.30093	2.01551	5.99247	2.89233	3.98019	14.1075	7.55376	3.97196	32.7198	3.39614	3.84082	15.1438	3.98154	1.65502	15.7438	3.3982	2.4302	14.1312	6.83197	1.57329	15.1265	5.5847	2.58665	11.4223	2.49016	3.46765	7.26839	3.15126	2.95264	7.51376	4.10758	2.44984	14.1126	6.53268	2.63508	17.1923	4.15385	1.70018	10.3169	2.80284	1.89181	7.40938	4.85758	1.64692	20.3199	6.84975	1.17368	26.4262	
6.73304	3.38842	25.7678	5.59568	3.02711	11.9158	3.81903	3.16449	14.0785	4.39855	1.29377	12.32	2.13055	1.07002	8.29016	5.18465	1.19123	24.1303	2.59948	1.99607	10.3946	2.76442	2.25744	9.28963	3.45793	1.20094	14.106	1.124	3.23943	2.55451	6.84882	2.03268	30.1327	2.73197	2.05033	10.6735	5.15126	1.8352	25.2674	4.59632	3.41771	15.7291	5.65006	1.19662	15.5439	4.72802	1.6072	11.8733	1.64071	3.68188	7.70262	1.41001	2.99179	3.6263	3.49846	2.80109	13.2626	7.57443	1.82991	33.9994	2.98869	3.90794	14.2443	1.90451	2.57731	3.90984	4.61065	1.27477	22.9443	6.67101	2.68691	32.4043	
7.30098	3.45623	31.5342	5.62728	1.32129	24.0411	3.87821	1.00012	16.1436	4.44192	2.37006	19.6632	2.24231	2.02293	9.01058	5.08094	2.6797	10.5674	2.65405	1.22781	10.0607	3.34969	3.72061	9.43232	4.02838	1.92696	8.90496	0.515384	2.89468	2.07692	6.82282	1.05216	17.8233	2.61459	2.31111	10.2365	5.70191	2.80272	24.4198	5.15738	3.25464	13.3117	5.4308	3.37856	25.5547	4.68127	3.41808	12.8885	1.83416	3.52438	5.5719	0.792308	1.65908	2.36667	3.60453	3.58328	13.1611	8.08132	2.08844	35.7797	2.86361	3.82274	11.2708	1.77729	1.40052	8.1111	4.80481	2.07595	18.4086	6.84309	2.49525	18.726	
7.32959	1.37769	36.6461	2.63299	3.86876	11.6936	1.38452	1.79247	6.75053	1.66771	3.69514	7.53878	1.69856	1.14766	4.80124	1.81142	3.62861	4.96189	5.9452	3.97029	13.1983	4.38781	2.76677	18.9129	4.68428	1.41501	17.4852	3.0959	1.79906	11.4003	3.63322	2.82786	7.9313	5.86001	2.5538	14.316	5.75823	1.59547	28.0004	5.42996	3.57303	12.2775	2.20974	2.75522	8.56905	1.53737	1.41449	3.07632	2.15952	1.3174	5.542	3.33961	2.55064	9.47312	1.51809	2.42829	4.72308	7.39824	3.91285	18.5297	0.492477	3.47727	1.13016	5.04229	2.59063	18.4601	2.66132	1.47251	6.38213	4.26343	3.385	14.8438	
9.47454	3.48602	24.8577	5.21986	3.57852	25.4328	4.04994	2.10436	18.1243	4.36327	3.80279	20.1144	3.40858	3.5738	15.1403	4.12037	2.95225	15.3084	5.19664	3.30833	22.6594	5.86372	1.30211	18.9869	6.40056	2.08017	25.3843	2.54617	3.11582	10.8553	5.95029	1.68867	16.8818	4.78764	2.74981	11.6141	7.83806	1.36251	31.2727	7.39127	1.31673	35.2162	3.80232	3.44942	14.1935	4.10575	1.79784	14.7261	3.50107	2.21939	14.8126	2.45264	3.33678	10.2971	4.07772	2.77893	16.2993	9.82496	3.12303	36.0463	2.72204	1.53975	13.2847	4.17381	2.08733	20.3499	5.32649	1.17646	25.0436	6.93856	1.38915	23.0607	
7.6897	3.73952	23.6394	0.973039	3.64214	4.29601	2.52398	2.36472	8.10458	1.96312	1.29774	8.34806	4.16013	2.16726	16.5985	1.20605	2.77702	2.54827	8.82323	1.5415	23.2391	6.18634	3.58437	22.9018	6.14783	2.6909	13.8259	6.05957	1.14395	21.2829	0.655557	3.90097	2.7427	8.80356	2.46045	23.3136	6.46513	1.32748	28.9597	6.39795	1.02907	16.2419	1.79806	1.63422	8.52363	1.52036	2.54814	5.43107	4.68479	2.71368	13.4235	6.3196	1.11152	15.4174	2.92033	2.756	9.62097	7.08284	1.51751	14.905	3.34823	2.09958	11.4427	7.97293	1.0492	16.367	2.61275	3.62121	9.86765	2.37219	3.36556	6.56339	
4.98363	1.08784	16.6529	1.75817	1.23251	7.05115	1.88533	2.18229	5.88809	1.67556	1.58894	3.6334	3.16469	1.41963	12.6912	2.76683	2.73763	8.80219	7.69225	3.3062	17.1033	4.02584	1.37294	9.6044	3.77475	3.56155	10.9992	5.48075	3.70519	15.8948	2.90896	1.45166	13.0366	7.89406	3.35531	19.6984	3.7867	1.19849	9.11771	3.78624	1.18574	17.4917	3.87288	1.93255	10.6807	2.271	1.06629	5.94692	3.5569	3.04059	17.5116	5.83422	1.67176	19.1675	1.92628	1.79522	9.43403	4.51189	2.60672	10.0822	3.23542	3.49878	16.1129	7.06458	3.55314	29.4042	0.621805	1.40338	2.10261	1.57544	2.03623	6.81707	
8.75477	3.91169	38.7964	6.3751	2.24177	16.0761	4.75256	1.98641	10.8115	5.2589	3.49284	25.865	3.32799	2.01845	15.4202	5.57901	3.01362	20.2521	2.87099	3.31238	12.071	4.8063	2.05011	15.6612	5.48404	1.01058	26.077	1.07616	2.62305	2.39607	7.42212	3.68412	18.673	2.44765	1.93551	6.33219	7.14937	2.96084	34.6804	6.60975	1.64168	30.0863	5.64613	1.65873	17.994	5.31695	3.98678	26.3068	3.05788	1.03483	13.7765	0.700724	2.24818	2.3168	4.57082	2.37381	17.1482	9.49452	1.37676	44.3272	3.49305	3.59929	10.5006	1.85512	1.66977	8.82307	5.85545	2.27941	26.6808	7.81143	1.4465	27.2932	
9.66433	3.80945	43.084	7.17848	2.06472	24.8604	5.61463	3.71795	17.9633	6.09781	1.83848	14.2404	4.25231	1.69655	14.1864	6.29938	1.48781	24.8874	3.08147	3.48282	7.84702	5.70014	3.36631	18.6495	6.38961	2.37526	30.7855	2.01849	2.99231	6.58826	8.15833	3.4942	21.2599	2.47792	1.25386	11.6176	8.06878	2.1233	17.2507	7.52263	3.90418	31.7893	6.24073	1.10582	16.5081	6.09444	3.33049	13.5728	3.99853	2.34402	16.061	1.64177	1.53116	7.40735	5.45874	3.50018	18.6613	10.4321	1.06666	34.7236	4.31149	3.90714	20.8562	2.17948	3.4367	7.13594	6.75384	2.33426	13.6675	8.6776	3.59087	36.5974	
6.91184	2.58333	31.0187	6.97646	1.83056	25.7159	5.19991	1.13899	14.5321	5.78276	2.1986	11.7559	3.51992	1.81693	15.7421	6.64422	2.52275	21.4743	1.41966	2.3498	6.11256	3.07438	1.41625	9.29032	3.78589	1.10541	8.68665	2.2785	1.18863	9.45882	8.26288	3.24321	26.8804	1.89352	1.86084	9.27041	5.48066	1.06447	25.618	4.89749	1.22747	12.2293	7.1307	1.64961	34.5957	6.1653	1.44807	30.626	2.99983	3.06988	11.3048	2.37132	3.04344	8.25771	4.84805	3.68573	22.7028	8.02626	2.79329	19.4453	4.46305	1.07896	19.0872	1.35764	2.79707	5.66996	5.84105	2.6532	28.2795	7.89643	3.34475	37.9506	


# This instance was randomly generated with the following parameters: 
# SIGMA_MIN=1
# SIGMA_MAX=4
# CAPACITY_OVER_DEMAND=2