8	16
109.334	1166.47	114.649
125.686	951.223	81.0585
37.0468	838.206	67.0531
66.9278	1008.64	87.983
126.329	772.011	50.4957
132.102	1228.75	131.82
89.5603	868.048	65.1652
163.8	1164.67	117.992
5.52106
5.6333
4.63621
3.60576
3.3358
0.256087
1.98454
4.46637
6.99364
3.46829
6.07393
6.4647
2.36367
4.11862
6.57946
6.12028
6.44426	0.394203	30.8142	8.08919	0.461679	38.769	7.7433	0.899611	20.8226	5.65491	0.668253	22.5526	6.50851	0.216481	19.7116	2.16852	0.914004	5.71446	8.19403	0.573937	37.4309	6.86033	0.701101	22.5438	1.62122	0.226234	4.72604	2.36767	0.535803	9.42397	7.56932	0.519356	34.6451	6.27877	0.229657	15.7511	3.06188	0.279171	9.6703	5.54552	0.588137	19.7301	4.65412	0.358634	17.3892	6.494	0.584281	21.0336	
4.77521	0.739159	22.98	7.65111	0.965504	31.2101	7.80001	0.830275	32.2235	6.83056	0.734427	16.6561	7.68535	0.232148	21.044	1.46223	0.162843	5.01339	7.73764	0.984695	28.416	5.85417	0.156411	19.0376	3.27532	0.467795	13.6376	3.82714	0.404667	8.38184	7.55213	0.160674	19.0674	5.98639	0.490847	28.6431	4.09296	0.409636	10.9168	6.91425	0.476956	13.8728	6.06743	0.7314	23.5444	7.73832	0.466188	30.5613	
9.16706	0.179381	27.3381	1.08626	0.376429	2.84162	1.35712	0.983649	6.75193	6.53889	0.931397	31.4985	6.76557	0.725036	13.9309	9.44678	0.169412	20.9823	1.16736	0.831991	3.01448	4.04483	0.699257	10.4498	8.99528	0.50497	30.4307	7.54704	0.442096	28.7414	1.09492	0.879615	4.19332	1.99972	0.769229	9.84811	6.18579	0.485741	23.3626	7.61198	0.323988	28.8978	7.62327	0.217334	23.5837	7.16385	0.254125	35.7862	
6.93243	0.313869	24.1036	1.43408	0.776318	5.13193	3.07442	0.32799	6.82911	7.00133	0.848005	17.571	7.47282	0.769299	30.526	7.78129	0.919784	32.4859	1.48178	0.172761	5.55814	1.83694	0.418071	9.12793	8.05091	0.9124	33.7499	6.92959	0.869416	14.7211	2.67417	0.724167	7.77795	1.31594	0.469897	4.59691	5.7212	0.611012	27.4725	7.93279	0.936697	32.2044	7.68035	0.353251	18.1527	7.81849	0.938078	19.295	
7.14636	0.811169	26.7014	8.2505	0.474533	28.8952	7.69954	0.916797	16.6585	5.13429	0.372108	17.1934	5.97804	0.48217	27.9102	2.79894	0.364814	12.5071	8.3617	0.886549	27.6663	7.26815	0.162871	25.5042	0.9915	0.837083	2.58485	1.76465	0.714569	7.96291	7.55988	0.534022	29.2999	6.4087	0.749609	30.5198	2.69283	0.823399	6.96092	4.9354	0.584379	18.0341	4.03101	0.68323	14.488	5.93293	0.413613	22.4578	
8.0243	0.73675	31.4921	2.48977	0.753601	11.668	1.85004	0.714568	8.25573	4.82724	0.383479	11.8288	5.26604	0.433173	20.0863	7.41032	0.18787	33.4015	2.61991	0.220749	8.93888	3.76152	0.171071	15.4984	6.75641	0.239195	26.3869	5.32938	0.304142	25.9913	1.5912	0.402706	3.26869	0.896443	0.330498	3.79689	3.98622	0.489233	11.6327	5.8047	0.249277	23.6144	5.65112	0.755676	22.8984	5.61799	0.554259	18.5193	
6.98768	0.925437	18.826	1.64393	0.199141	8.16918	2.79167	0.407281	8.36129	6.44837	0.168267	19.8419	6.93303	0.222054	18.7373	7.46161	0.817472	18.8272	1.72877	0.756079	3.81775	2.15748	0.897332	8.12807	7.56384	0.781979	22.5747	6.39851	0.778675	28.1607	2.39701	0.160375	5.65009	0.79564	0.460792	2.84333	5.17331	0.837529	14.8711	7.37324	0.216177	29.0941	7.1185	0.224303	22.7553	7.27397	0.813568	30.0039	
2.63346	0.391584	7.55068	7.97978	0.992212	34.641	8.73043	0.332247	22.6867	8.80334	0.56625	21.4973	9.6433	0.493207	27.941	2.48772	0.778935	6.18617	8.03563	0.302006	33.8025	5.46415	0.932016	20.9512	5.43217	0.126756	23.4798	5.99677	0.300962	24.2072	8.4128	0.861523	23.5117	6.64141	0.146636	18.6213	6.07149	0.538628	21.2602	9.00549	0.193821	36.3697	8.19138	0.124184	25.5434	9.74186	0.118717	31.8779	


# This instance was randomly generated with the following parameters: 
# SIGMA_MIN=0.1
# SIGMA_MAX=1
# CAPACITY_OVER_DEMAND=10