4	8
158.241	1008.46	92.1262
164.825	917.912	75.6286
173.721	802.783	56.3169
95.8376	834.635	59.6522
6.13342
4.90754
7.91421
8.59802
9.65063
5.76799
10.3841
3.38885
9.05834	1.66411	24.5305	7.41392	1.10038	20.1298	2.42708	1.04325	7.15078	6.24509	1.31203	30.3742	6.63199	1.87124	17.3776	7.45363	1.75263	16.8789	5.25229	1.67525	24.0105	3.20421	1.14658	13.844	
0.815054	1.83663	2.84274	3.0324	0.562198	13.6013	8.63836	0.542021	17.7964	3.50875	0.85331	11.4526	6.2514	1.90639	21.4914	7.26358	1.00977	35.6237	7.8126	0.833782	16.7887	6.51968	1.69452	28.3145	
1.71664	0.9227	6.08565	2.84134	1.88611	11.5002	7.02533	1.87196	20.1397	1.92529	1.02484	4.92204	5.97863	1.06029	13.7083	7.15693	1.14598	29.2592	6.1308	1.69664	20.9838	5.25887	1.21437	18.0176	
6.0954	1.24682	23.2155	4.00427	1.17337	10.2223	8.41785	1.65196	34.5113	6.29174	1.10797	30.4887	1.01627	1.89106	4.95603	0.353449	1.6328	1.24977	9.83035	1.28761	44.2599	4.96573	1.60544	14.5324	


# This instance was randomly generated with the following parameters: 
# SIGMA_MIN=0.5
# SIGMA_MAX=2
# CAPACITY_OVER_DEMAND=5