10	20
103.626	1091.03	102.316
47.3449	971.893	80.6751
36.1504	773.24	52.0573
115.944	721.477	51.4249
117.198	748.5	55.1804
33.5929	1188.6	138.908
83.2179	871.541	72.4726
63.4274	539.995	28.302
111.103	1029.31	102.031
29.2324	1313.37	156.51
21.5555
5.42007
13.7253
13.6963
23.2557
22.3548
6.78901
11.7581
21.6647
11.2071
16.6629
21.4332
3.04867
0.163847
3.65341
14.6789
15.8356
16.6331
18.7924
17.6304
4.22711	2.45767	15.5564	4.40462	1.53784	9.83585	6.06231	3.53063	23.2441	2.68935	2.67433	7.11444	2.10132	2.54729	10.2273	5.04281	1.86785	24.7211	8.37082	3.36318	38.1725	5.22593	1.2826	24.9421	3.91346	1.71366	17.9221	5.97057	2.78757	20.976	6.14124	3.45933	19.2703	6.52411	2.786	15.4591	1.90174	2.62879	9.25718	1.80996	2.02757	8.08338	5.83646	2.6192	23.1169	6.84098	3.53983	34.0256	6.88555	3.59693	23.5911	8.45894	1.18743	20.3678	4.39396	1.06689	15.9305	5.78348	1.77192	18.8067	
1.7499	1.77716	3.68885	6.42971	3.05821	17.1941	2.50724	3.09348	12.4337	7.26601	1.4484	34.6279	3.1379	1.38896	11.3664	9.10706	2.17588	18.8047	9.93892	2.6024	47.4464	1.23058	1.59732	4.43019	8.27301	3.74159	16.951	8.74903	1.84657	43.4582	9.02395	2.18992	38.6137	3.30899	1.40709	13.2259	6.57796	2.34233	26.4928	6.48296	3.12383	29.4982	1.24176	1.62591	3.23727	6.21582	3.01041	26.1335	9.33626	2.7093	34.7186	5.88	2.82865	23.3252	8.91104	1.23804	37.6666	5.99037	3.26148	19.3645	
7.34047	2.56659	33.3839	3.58024	3.42857	15.4332	8.88514	1.52175	23.5005	2.12641	1.82713	6.23618	6.52045	3.66938	18.3003	0.602974	3.72721	1.37623	5.92589	1.75954	18.2069	8.56416	2.75843	22.603	0.88273	2.49314	3.4807	2.92067	1.93653	12.0702	2.86731	1.47163	13.5382	8.98399	3.60723	21.2545	3.69813	3.02823	7.95449	3.74147	3.27612	10.1192	9.3983	3.80312	30.1191	7.16447	3.06559	21.7664	3.88449	2.42855	12.512	9.91598	3.24129	39.6145	1.46117	2.32553	3.98331	5.87291	2.21811	27.1677	
8.31357	1.24855	39.4582	3.6986	3.3534	16.4522	9.04134	1.3945	28.1204	6.67765	1.99168	13.3789	9.45687	2.18357	20.1533	4.75116	2.40374	18.5263	1.23172	1.26971	2.74719	9.41604	3.28727	41.1309	5.75791	3.03383	26.009	2.05195	1.76245	4.35145	2.04482	2.03426	5.55588	8.69625	2.15942	33.577	8.07674	3.15769	22.7435	8.082	3.02925	18.1466	10.3414	1.42044	31.0835	5.20578	1.86416	18.7325	1.04678	2.56839	3.03824	8.25019	2.3617	19.6009	6.3423	1.90862	19.2917	4.44449	1.73202	11.3226	
4.70073	3.208	18.5845	5.79583	1.20362	25.3592	6.50046	3.38076	13.4199	3.66242	3.99579	11.062	1.53256	1.67716	4.49132	6.22681	2.03124	17.6786	9.77562	2.89281	48.5732	5.46014	2.86751	12.6474	4.99562	3.17756	16.4391	7.3698	1.05864	15.5932	7.53221	2.71381	24.0397	7.08783	2.92416	14.6694	2.33767	2.14694	5.57217	2.24843	3.74957	7.74817	5.87742	3.28587	21.688	7.9873	1.971	30.2216	8.29328	2.54476	27.6721	9.26751	3.63326	28.8638	5.32225	3.97264	13.2289	7.01873	3.2593	26.3918	
1.55596	1.96553	6.40289	5.81617	2.43312	26.855	2.91979	3.34553	7.35524	6.40237	2.0348	15.2663	2.35031	3.01949	10.6764	8.29852	2.46522	41.2073	9.48259	2.13333	24.7265	1.70805	1.2436	4.98223	7.43041	1.67371	25.5462	8.09276	3.63007	22.7359	8.35794	2.20208	30.5635	3.65808	3.89818	15.3905	5.70912	1.84107	25.71	5.61428	3.17607	23.1846	2.05055	1.68632	9.76538	6.05447	2.41409	14.4779	8.735	1.22812	29.0566	6.15943	3.84798	12.3469	8.05562	1.97358	38.6682	5.65316	2.60677	25.3829	
8.05288	1.75966	35.6975	3.75565	2.16379	12.2827	8.59651	2.01495	29.0195	7.22199	3.95439	22.1513	9.54575	2.49161	27.6654	5.52649	1.13115	15.8599	0.313422	1.40686	1.54097	9.09029	2.98329	32.3982	6.42513	3.7982	30.9597	2.6919	1.36262	11.8055	2.77393	1.46061	7.61159	8.18061	1.65054	31.3207	8.53387	3.76301	22.1589	8.52916	1.48679	42.4202	10.0058	3.18398	34.7694	4.53245	3.73574	18.8485	1.76745	3.99505	5.02185	7.50708	3.02309	18.1388	7.06842	3.26634	16.5563	3.96368	2.61585	16.6907	
6.02614	1.03891	15.1738	5.16639	1.27133	24.4309	5.45166	3.24229	26.0977	9.28839	3.08308	29.7523	9.0125	1.14215	23.9502	8.90854	2.74866	35.4939	4.84581	1.954	18.0759	6.49826	2.87873	15.3528	9.18392	2.86555	43.5675	6.38913	1.05575	22.1852	6.65462	3.59397	33.0565	4.72237	2.69427	10.0316	9.97006	2.63758	33.5584	9.91838	2.38113	33.2798	7.21904	1.43811	20.3021	1.78167	3.32537	6.17251	6.03688	1.15562	20.7526	2.91406	1.93483	10.5924	9.99862	1.12194	47.8231	2.97017	3.27704	7.73746	
7.36829	3.7013	18.4377	2.60677	2.45468	5.97358	8.54001	1.96801	27.7548	4.27652	3.17633	14.4561	7.67712	2.82069	26.875	2.35098	3.00793	5.48395	3.49256	2.80878	8.70366	8.57885	2.85747	35.9476	3.29894	3.8091	12.8306	0.540233	2.842	1.54582	0.414885	2.96735	1.66096	8.41322	1.84556	28.9747	5.74539	1.36161	12.3135	5.7618	2.80026	18.0645	9.49147	2.06774	39.6581	5.68957	2.09816	22.3176	1.43278	3.55038	5.56307	8.71023	3.50515	36.0139	3.89711	3.52844	17.5857	4.51795	3.19893	22.1715	
2.84991	1.80388	11.386	3.81032	1.32645	9.05536	2.71116	3.55901	9.01501	7.16783	1.0507	22.1633	5.90466	3.38415	28.7192	7.65912	2.13622	16.8863	5.99534	1.22364	23.0168	3.48088	1.59995	7.30755	7.48159	2.80555	35.1618	5.94899	2.9907	17.4865	6.25621	3.95477	26.2109	2.26097	2.79809	5.06519	7.46153	3.0573	28.1714	7.39297	2.92316	24.6182	4.31449	2.33908	15.1094	1.7335	2.96958	7.11627	6.11665	1.02976	27.6619	2.74824	1.13435	12.8747	8.29985	3.82579	41.4006	1.99447	3.28358	8.41072	


# This instance was randomly generated with the following parameters: 
# SIGMA_MIN=1
# SIGMA_MAX=4
# CAPACITY_OVER_DEMAND=3