11	22
145.512	936.816	80.024
96.9848	457.241	19.8515
15.0907	1214.36	122.992
170.675	871.511	70.9443
172.783	863.333	65.3972
139.389	803.574	60.5734
79.9389	921.971	76.0578
93.2637	866.987	74.3134
173.731	996.156	88.5124
14.3569	689.325	45.1891
73.7825	1269.78	159.379
10.7618
23.0698
28.3858
13.8031
18.1153
25.3477
29.8477
31.865
26.6016
18.8494
28.59
1.04275
10.2316
14.7908
10.8327
12.6228
27.9265
33.2742
17.9869
16.6786
19.7811
11.2118
6.99456	0.675994	14.7342	8.39163	0.15623	22.4883	5.98304	0.233969	19.239	5.45665	0.12135	10.9565	3.60493	0.290029	8.52125	3.60983	0.601956	12.257	5.3312	0.610801	13.8299	9.3795	0.276809	44.0209	5.65801	0.131894	13.4644	2.52233	0.726136	11.8336	9.54679	0.422782	28.5402	3.88148	0.577256	8.71417	2.749	0.935395	7.172	6.20991	0.864341	17.0711	9.84233	0.555517	24.1501	4.92029	0.988442	22.4673	6.40331	0.2205	15.9506	2.82025	0.480308	8.71971	3.22984	0.72551	6.71893	6.98925	0.560484	28.4876	7.72836	0.489204	37.368	4.81055	0.696205	10.2608	
7.54608	0.396964	24.1158	1.24815	0.388376	4.18103	8.14455	0.142171	18.715	2.98259	0.869124	11.6312	3.95996	0.32006	11.9284	5.08067	0.704304	13.1266	4.96233	0.461817	13.6556	3.17462	0.3334	6.96371	3.94115	0.279737	12.8888	6.48783	0.70211	17.4642	5.26082	0.745428	18.7206	7.83465	0.45454	19.6766	8.11232	0.688047	19.5297	10.0144	0.785879	35.429	5.06153	0.964011	24.6082	4.69373	0.297929	15.2631	6.5893	0.970654	20.0108	4.91015	0.723665	14.7816	7.18211	0.26336	18.8565	1.44495	0.762392	4.22507	3.24576	0.91276	13.3124	3.02249	0.447308	12.3076	
6.74002	0.484454	33.2487	2.16043	0.223753	9.31025	7.24339	0.442003	32.0988	2.61333	0.323736	12.3971	3.09113	0.253806	10.1369	4.09793	0.380764	17.1711	4.06926	0.712628	19.452	3.37548	0.532224	16.1278	3.71057	0.628388	8.90468	5.78386	0.130377	18.5118	5.04683	0.782088	23.2496	6.85889	0.70071	15.8769	7.41336	0.264589	35.694	9.07229	0.804832	22.5726	4.95498	0.477132	23.2907	4.31422	0.245647	20.5153	5.76726	0.640153	19.6407	4.10389	0.184968	11.7223	6.1999	0.225491	13.0645	0.923276	0.170879	3.48016	2.85366	0.106765	10.2253	2.04121	0.302665	5.16567	
7.69138	0.639595	19.3977	2.86437	0.991863	13.7638	8.70517	0.669445	39.966	5.49769	0.316101	15.8743	6.12525	0.357063	25.3705	6.53996	0.274966	29.4948	5.72941	0.378336	15.1191	1.31745	0.879063	5.65474	6.45259	0.69569	25.7419	8.87045	0.1545	32.1682	3.88263	0.359048	9.58779	9.00526	0.171102	33.5697	10.5	0.253223	26.5681	10.7687	0.530385	39.2869	3.45731	0.40729	8.42208	7.21242	0.832675	32.2969	6.87352	0.163934	33.5719	7.17248	0.618302	18.5696	8.51615	0.326536	41.6447	2.61491	0.973995	7.14072	2.87722	0.888539	11.8212	4.79844	0.750634	14.8316	
3.58714	0.737622	16.3305	7.60825	0.724048	23.5154	2.80463	0.856443	8.03002	5.76821	0.459447	18.7215	3.54538	0.471455	12.1221	1.39712	0.4375	6.78058	2.30656	0.888162	8.74713	7.13479	0.792823	33.033	6.55857	0.358464	23.9167	5.01513	0.222463	13.364	6.60487	0.54265	19.4384	1.40693	0.15052	3.93329	5.96276	0.739436	20.0141	3.90186	0.303545	18.6886	7.0052	0.894067	21.2587	6.25491	0.748515	13.7393	2.98824	0.967733	11.3147	3.80133	0.349463	14.5476	0.751774	0.341817	2.30532	5.33461	0.336466	14.6711	5.24412	0.707316	18.8358	3.48415	0.160033	10.2148	
9.22949	0.510386	28.3479	6.70985	0.604387	16.7137	8.65858	0.326196	35.4414	3.44712	0.439535	16.1873	3.26903	0.898067	11.4764	5.14279	0.68357	20.918	6.76646	0.886282	23.1074	9.10311	0.525216	41.3091	2.95332	0.796245	6.80088	0.988152	0.233826	2.64005	10.1828	0.383617	35.924	6.85953	0.849465	29.0962	1.99916	0.84915	7.66128	9.40707	0.606474	45.2468	10.2889	0.109102	24.8939	2.00702	0.297994	8.43812	8.39522	0.811741	30.2984	2.30418	0.150772	7.70045	6.05173	0.860146	27.4415	6.5024	0.175284	21.7666	7.99356	0.693969	25.628	4.8233	0.373121	15.7557	
4.30726	0.793225	10.2318	6.62305	0.300719	14.8973	3.80275	0.186024	13.0607	4.64825	0.861975	11.3986	2.42476	0.843623	5.55626	0.546495	0.186308	2.36482	2.22543	0.273963	6.87638	6.58848	0.662107	30.0401	5.44157	0.912558	23.9715	4.17564	0.178389	17.2852	6.46368	0.896403	25.1691	2.49986	0.733824	12.1365	5.3291	0.476407	16.3951	5.02362	0.966482	19.4918	6.78927	0.387929	25.165	5.16739	0.180258	13.2907	3.52756	0.495783	9.92569	2.76347	0.654518	11.7362	1.72636	0.337391	5.22902	4.52291	0.296683	9.49013	4.79053	0.433093	10.0463	2.49974	0.449263	6.42661	
4.82279	0.763226	13.6525	4.13901	0.617603	14.6451	5.25515	0.772423	13.8155	3.59743	0.397712	16.4297	2.58558	0.681744	9.42417	2.3698	0.606566	6.2368	2.08676	0.844828	6.29291	3.78956	0.114689	16.2773	4.72198	0.953112	16.0539	5.50195	0.470156	21.001	4.35187	0.156969	8.85068	4.98624	0.61123	20.3825	7.04493	0.832516	32.6339	7.10151	0.347459	31.8867	4.49489	0.251526	11.7416	4.98175	0.860752	22.9752	3.83984	0.824489	16.1087	3.65956	0.612611	16.9047	4.40436	0.107009	21.7144	1.67822	0.24637	5.43774	2.22511	0.573608	7.90384	1.01083	0.119272	3.15763	
8.49895	0.577616	38.5783	0.748999	0.884615	2.98322	9.20396	0.129997	28.057	3.82461	0.482436	10.1864	5.10266	0.274903	11.6911	6.25731	0.784072	12.7773	6.0304	0.440677	29.0093	3.19706	0.548354	15.1389	4.60503	0.9544	22.051	7.49448	0.298172	31.8228	5.61703	0.512695	26.0235	8.9946	0.809925	38.4518	9.10249	0.752748	37.7561	11.1217	0.865477	25.4639	5.30493	0.639792	24.222	5.4596	0.869152	15.6339	7.5675	0.404197	32.6956	6.00696	0.396542	12.8637	8.35621	0.217486	36.6968	2.42797	0.814302	11.2549	3.90311	0.295622	18.2209	4.20831	0.586812	17.2496	
6.93412	0.70175	19.7444	2.16658	0.230069	8.30351	7.74365	0.574539	22.4395	4.10221	0.32406	18.9493	4.60987	0.959591	16.5373	5.17511	0.6207	23.5439	4.61984	0.859528	22.2784	1.92485	0.32547	5.48748	5.13015	0.168659	22.1273	7.36439	0.855889	18.6736	4.07902	0.899424	19.4306	7.7729	0.441855	18.3906	8.99314	0.656809	29.4001	9.73161	0.364627	30.6972	3.83808	0.408496	9.09161	5.8224	0.412717	24.9259	6.02824	0.741728	21.9944	5.65634	0.76345	25.9104	7.2167	0.934093	23.3023	1.15628	0.625088	4.14133	2.26542	0.881489	7.967	3.32219	0.329014	13.2557	
3.07848	0.78342	7.39676	5.74255	0.23165	12.4601	3.71557	0.957694	15.7229	5.29022	0.995593	17.1015	3.81342	0.549566	8.61974	2.28582	0.644194	10.2974	0.711128	0.991383	2.88863	4.23825	0.951077	17.3998	6.38316	0.514672	28.5845	6.50278	0.1692	16.1866	3.67489	0.662226	8.03359	4.0376	0.615619	15.5261	7.88919	0.829538	27.0714	5.72217	0.317327	21.5343	4.02945	0.554465	16.0316	6.52138	0.638609	28.4793	2.10439	0.678217	6.28371	4.73493	0.419305	14.919	3.71118	0.290621	17.0965	3.08447	0.702337	10.2098	2.31078	0.420047	8.27256	2.50548	0.206864	8.12835	


# This instance was randomly generated with the following parameters: 
# SIGMA_MIN=0.1
# SIGMA_MAX=1
# CAPACITY_OVER_DEMAND=2