9	18
96.9997	836.482	62.7632
42.9227	1066.76	107.496
114.821	789.86	60.9799
64.7385	542.21	24.3132
24.3384	1243.33	147.56
136.722	739.944	49.4791
126.854	1219.56	137.671
63.8394	1377.11	157.088
16.672	499.995	21.5563
38.4943
22.364
19.8773
2.20249
36.4939
22.1631
36.9395
13.1158
23.4012
41.1324
8.79352
29.0468
36.7587
23.3126
3.85179
6.81307
2.30709
17.3861
1.73848	1.98863	7.44706	5.51565	1.69358	18.7671	4.72549	1.08477	18.4699	3.17878	1.08835	11.9864	9.24044	1.12407	26.2133	6.77054	1.81074	27.3565	6.92649	0.867443	16.2019	7.48828	1.90878	30.0473	6.23921	1.53952	13.9371	8.96076	1.98182	25.7196	5.26419	1.45812	19.0171	10.6245	1.32025	36.4207	4.11169	0.618695	12.0236	4.65219	1.9747	18.7982	4.87324	1.57873	16.1379	7.69082	1.15637	24.9343	9.15913	1.00614	22.9181	10.9978	1.34046	23.9572	
5.41982	1.74946	14.864	7.67788	1.56161	37.055	3.31894	1.73863	8.31779	5.72168	1.65397	11.4527	9.05591	0.536119	27.2543	2.4603	1.06579	8.20323	6.43963	1.57914	16.4391	0.741781	0.80013	3.63951	2.51145	1.45494	8.67645	6.84202	0.561721	14.7825	2.84911	1.77064	8.2586	5.74849	1.66275	24.6607	8.00576	1.63357	31.2679	2.68583	1.83388	12.9038	5.86081	1.32708	22.4465	7.26087	1.79382	19.8545	10.3705	1.67012	26.3428	5.58663	1.20692	18.5444	
3.34619	1.41419	15.0131	3.98272	0.963099	9.58708	0.636561	0.548107	2.83883	2.50343	0.808941	5.21895	5.86328	0.983278	18.1874	2.01516	0.536407	9.56451	3.09265	1.46484	7.47905	4.43871	1.67507	11.2046	1.53138	1.5801	4.36988	4.40699	1.65325	20.6888	0.852455	0.988786	3.79561	5.555	1.28617	24.107	4.52265	1.38394	18.9876	1.48764	0.708825	4.03007	2.16745	0.672662	7.22382	3.99839	0.617006	17.9306	6.85758	1.54932	31.1072	5.97511	1.82689	25.7614	
6.29565	0.664677	14.5758	8.68098	1.40738	25.1756	4.32325	1.77698	20.7993	6.70517	1.53783	19.1753	9.94556	1.957	40.9738	3.32616	0.838731	12.5743	7.37952	0.65665	26.0911	0.268127	1.49702	0.64876	3.45536	1.5131	17.2035	7.62707	1.55242	16.5138	3.85263	1.88694	12.2308	6.10953	1.96202	17.7317	8.99992	0.935349	31.7154	3.66787	1.86919	16.6096	6.86418	1.77974	34.2802	8.17887	1.68585	19.5393	11.3197	0.652093	27.3323	5.80192	0.993163	27.2285	
7.07103	0.955328	29.3925	2.76744	1.08166	7.75676	5.9063	1.5061	13.5236	5.21412	1.94355	25.1339	1.16772	1.66792	4.81969	6.39278	1.18608	21.3411	2.31161	1.44279	6.35049	9.45649	0.626939	44.5992	6.24105	1.65294	30.5018	3.21782	1.35894	8.4108	6.10411	1.53148	29.4566	6.86712	1.2648	31.1267	4.53527	1.17208	13.0125	6.77924	1.01775	19.6626	3.66435	1.38304	10.0898	1.57541	0.871953	3.5361	1.64765	1.60739	6.39661	7.74061	1.64771	34.6646	
7.47539	1.73321	31.6132	8.29113	1.19994	27.7307	4.67204	1.46644	14.1642	7.15445	0.770179	32.6468	8.40377	0.548396	25.7114	2.66249	1.58885	10.8337	6.2967	0.886981	16.4023	2.82422	1.37148	12.4686	3.15396	1.84769	11.6095	5.75333	1.64349	12.4404	4.0744	1.31008	12.7501	3.38555	0.543786	11.8082	9.1631	0.750649	27.5157	4.50744	1.7587	11.1894	6.61466	0.871998	16.9109	6.88966	1.44556	28.4443	10.1022	0.729322	47.5416	2.97911	1.03461	7.05822	
6.75587	0.818031	23.1023	4.65305	1.02751	17.6117	4.2072	1.28566	12.6857	5.29788	0.870154	22.7054	3.51752	0.610206	11.1771	3.45014	1.58959	8.43148	2.10319	1.43882	9.90782	6.49335	1.49474	24.3562	3.57888	1.05231	8.66489	0.949251	1.50878	4.48941	4.01715	0.620206	12.6423	3.23814	1.77068	13.8872	6.21393	1.7984	26.0148	4.91201	1.65647	22.2289	3.77342	1.36786	17.881	2.24758	1.99804	10.6802	5.31933	1.25387	19.2294	4.06183	1.44771	20.1516	
2.73429	1.01931	11.9272	6.86269	1.24678	24.6959	3.3214	1.30248	12.6256	4.14503	1.02908	11.5257	9.68399	0.614105	39.1517	4.61467	0.658374	12.4266	6.93419	1.1042	27.5234	4.07889	0.634796	16.5299	4.1982	1.32278	17.343	8.33906	1.35081	39.6868	3.49736	0.78956	7.20133	8.683	1.12953	36.2565	6.31705	0.580777	28.4802	2.59588	0.76551	7.60807	5.32731	0.654457	21.7237	7.84301	1.03906	39.1212	10.3458	1.28121	39.7809	8.78389	1.28889	43.319	
5.15168	0.515276	18.1674	3.25663	0.908518	10.9655	2.91747	0.719971	5.86171	3.6238	0.768343	17.9596	3.68595	1.79079	12.6677	3.03084	1.33851	10.1569	1.06633	0.677083	3.79823	6.10303	0.652365	28.9154	2.89685	1.6146	12.8455	2.24355	1.85566	9.89735	2.92897	1.21765	8.43655	4.60577	0.555088	10.1685	4.63998	1.73672	17.3503	3.74182	0.626228	13.6017	2.10798	1.02115	9.17195	1.85515	1.94862	7.91103	5.00236	1.99214	15.0774	5.3085	1.84113	23.6872	


# This instance was randomly generated with the following parameters: 
# SIGMA_MIN=0.5
# SIGMA_MAX=2
# CAPACITY_OVER_DEMAND=2