6	12
129.725	387.31	12.99
62.6963	1109.78	116.47
55.9391	1037.86	105.376
13.5121	1330.57	146.954
103.349	870.234	72.6557
92.165	517.901	26.5151
26.8297
4.49617
12.96
14.1701
19.1515
19.5173
29.5677
17.4198
34.0742
7.66003
21.8053
32.8286
6.38891	1.2275	24.468	5.45808	3.95728	21.9619	3.0722	3.00258	8.03984	6.86759	1.49614	32.3841	7.8461	2.37712	24.6678	7.17956	1.74351	35.4035	1.41332	2.58268	5.02008	9.43427	2.05197	29.2773	6.67674	1.63067	13.8182	6.8042	2.85723	32.1008	8.65212	2.67146	23.4526	3.39051	1.09265	16.2938	
8.60458	3.73937	30.1151	5.03058	2.33358	15.7543	8.833	1.43034	20.0166	6.21942	2.98398	12.5544	8.29789	2.95653	25.0972	5.48223	2.31657	12.9377	9.68194	1.24595	48.307	0.945641	1.48475	4.17689	5.24257	3.50637	13.8584	3.52527	2.31957	14.4813	6.22753	3.89759	14.2842	8.78468	3.45284	34.1905	
10.0987	3.72871	25.0823	5.48283	1.67066	23.9315	4.91575	2.01384	15.9401	0.860277	1.33099	3.05649	10.7005	1.67604	49.0986	8.01332	2.17424	27.2821	6.47357	3.08124	21.0421	5.03145	1.00712	11.4107	7.36151	2.67597	19.5695	4.83382	2.1244	21.3769	9.61087	3.80728	25.3457	8.38854	1.87083	27.842	
8.99491	3.68514	24.2718	4.45258	1.60074	17.1942	3.92188	2.71898	12.2733	0.616648	2.79375	2.44665	9.67373	1.94613	33.2541	7.08667	2.12993	32.7317	5.39592	3.02315	21.0466	4.86835	1.94508	20.8893	6.41389	1.05135	25.2514	4.03942	1.15374	15.9799	8.74131	3.22057	31.0784	7.1991	1.39901	35.5462	
8.53226	2.11607	29.4756	5.44059	3.06546	15.9694	0.537389	2.2834	2.09627	3.98185	1.50139	18.1078	9.72566	1.95256	39.1575	8.01832	3.90158	30.4265	2.048	3.71432	4.36006	8.14976	2.82033	20.327	7.35425	3.6035	27.9732	6.14297	1.61259	26.403	9.73224	2.77136	26.6765	5.78764	1.73614	18.7357	
6.50131	2.38236	17.6681	1.90153	2.05777	8.85737	5.27519	2.33396	11.794	3.81771	1.9348	16.9413	6.85047	1.04344	25.5278	4.04516	3.20307	9.64422	6.02458	2.11455	22.9553	2.77845	1.41294	12.6153	3.42607	1.65289	10.916	0.833088	2.55303	2.14265	5.60801	2.60013	24.864	5.65542	3.89067	25.3442	


# This instance was randomly generated with the following parameters: 
# SIGMA_MIN=1
# SIGMA_MAX=4
# CAPACITY_OVER_DEMAND=2