12	24
160.248	630.052	35.0305
99.8483	1169.86	130.035
134.86	690.176	43.6343
12.3795	1120.17	108.663
84.7453	1285.42	158.421
167.05	958.331	81.8735
34.5376	724.983	45.511
55.9238	1049.48	100.113
90.4474	1140.2	108.328
155.012	1151.28	116.605
62.6522	834.182	69.4417
52.3938	876.106	75.3711
2.77918
1.78928
2.23944
7.35874
4.8163
6.6919
2.86729
8.14768
1.35774
8.56065
1.6221
1.1464
5.83546
3.69117
8.49595
4.1748
7.16262
7.34167
1.97017
1.15836
4.55764
4.27049
5.352
3.91571
2.39214	1.68834	5.31949	7.92684	0.656975	24.8079	2.74877	1.10419	13.1729	7.58517	0.622195	17.9685	5.64726	1.56619	11.8644	4.41281	0.986285	20.8151	2.55452	1.1916	10.6953	4.80857	1.12658	20.3859	0.879249	0.642821	4.2993	2.5031	0.982285	11.5017	5.22006	1.71738	23.9814	2.99154	1.76344	9.91979	6.07132	1.30102	27.8891	4.5497	0.602526	20.9142	7.17951	0.520785	17.5956	5.78209	1.9942	17.0475	3.05404	1.7479	12.3371	5.35917	1.37038	22.489	3.99987	1.41848	11.3327	2.34734	0.595868	6.39409	7.33823	1.14139	15.9925	8.26247	1.25514	27.0267	7.92386	1.80101	33.8492	4.76474	1.67384	14.3561	
5.63939	0.960381	15.168	4.77003	0.507687	10.4193	3.36999	1.01288	8.68727	7.35606	1.41715	23.1561	4.36757	1.53279	9.8223	3.55988	1.34164	13.2701	0.791298	1.71465	2.52568	6.36608	0.685423	27.0048	3.51043	0.754324	14.6078	1.29938	0.566145	3.01578	1.9151	1.63342	5.15264	6.13998	1.8562	20.255	2.82905	1.10357	9.98069	5.04698	1.69466	20.2746	5.20916	1.48208	25.7259	3.15645	0.885839	7.84994	6.13425	1.08219	19.3546	2.28228	1.8865	4.99962	2.10947	1.52984	8.73925	5.58807	1.27629	19.1331	5.42395	0.976267	21.8961	7.56006	0.664403	18.1406	4.95311	0.542338	18.4875	4.18328	1.91465	14.1818	
2.09782	1.1991	5.28842	7.9771	1.41869	34.0045	3.83771	1.48268	16.6682	6.63677	1.58473	19.9697	5.03356	0.610838	21.3742	5.4301	0.895467	18.8883	2.90544	0.740155	7.40684	3.70471	0.69895	17.9284	1.95899	1.08072	4.33753	3.23166	0.746023	14.8028	5.57517	1.73253	20.0193	2.47516	0.528273	10.4742	6.25082	1.7557	25.2694	3.56723	1.90329	10.9481	6.697	0.627468	22.0506	6.51762	1.54936	28.0256	2.44495	1.0586	7.27028	5.91982	0.637091	11.9282	3.77073	0.951786	9.06547	2.03901	1.59928	7.49345	6.83051	0.739905	18.8825	7.39462	0.6494	25.5296	7.84217	1.80486	30.3119	5.82026	1.01947	20.7214	
5.48853	0.649492	22.8299	4.7615	1.68726	21.8082	5.14297	0.772649	15.2443	5.07769	1.79534	24.5086	2.19394	1.31326	8.06908	5.76552	1.01827	18.8686	2.08236	1.84174	5.73938	4.65025	1.29221	18.0221	4.37904	1.97286	21.5738	3.1899	0.647627	15.9282	3.25934	1.51164	7.77833	5.74472	1.43863	11.9756	3.3689	1.4764	11.215	2.9998	1.11033	8.60936	3.47616	1.90416	16.7725	5.27281	0.676811	20.4334	5.64036	0.529926	23.3085	4.16695	0.86247	15.9491	0.452331	0.722873	1.96707	5.42842	1.46212	16.8605	3.65063	1.21555	17.7735	5.31869	1.41328	26.0622	4.49158	1.81408	20.1099	6.36839	1.66395	20.9267	
3.90854	1.46129	13.2416	9.368	1.84481	46.0344	7.37944	1.97476	25.7318	4.44081	1.448	21.587	4.86672	1.73742	16.8398	8.89823	1.56135	34.7698	5.71471	1.44537	18.8871	0.382475	0.930721	1.04488	5.4694	1.15703	26.5415	6.45137	0.890367	16.3215	7.94196	1.4167	37.7218	3.46825	1.47907	17.086	8.15517	1.80372	24.4806	2.20621	1.66914	7.38059	6.62671	1.7465	15.8595	9.52918	1.87534	44.5202	3.20535	1.72082	12.3093	8.65079	1.09292	20.7269	5.23534	0.971305	23.8885	3.86946	0.587138	15.4217	6.64525	1.02118	22.5377	5.55054	1.27648	14.602	8.88247	1.03352	20.7334	9.32976	1.99089	35.0795	
7.23232	1.23007	33.4396	3.07334	1.30718	9.00735	6.20013	1.13539	25.0527	5.40881	0.851647	25.4669	2.1762	1.13496	5.3822	6.33372	1.44265	20.5102	3.14583	1.70186	11.1345	6.10767	1.17418	28.6768	5.86984	0.585938	22.7526	4.11781	0.505836	10.624	2.64973	1.88988	10.2799	7.50317	0.954662	33.8163	2.12715	1.41403	4.63551	4.25953	1.62242	17.7699	2.38476	0.621881	8.03279	5.04204	1.55565	16.1809	7.39927	0.934701	27.2406	3.7886	1.09654	16.412	1.3702	1.4731	3.0334	7.17258	1.24996	26.0995	2.60931	0.538774	9.96052	5.25049	1.13707	17.4343	2.73386	0.811277	7.75243	6.9682	1.62182	26.874	
4.81304	0.521149	15.6345	7.53181	0.74191	21.4661	0.407079	1.82056	1.23701	9.64189	1.28555	21.0722	7.04058	1.72845	26.0095	1.69568	1.50701	7.48351	2.78906	0.970031	8.96803	7.45845	0.592405	29.0436	2.12753	1.32115	10.5409	1.72697	1.15537	4.26544	4.39018	1.37336	9.28229	5.51532	1.84557	25.9537	5.55867	1.77077	25.6655	6.81895	1.78243	21.1191	8.13696	0.933023	22.4358	3.76327	1.31105	13.4709	5.64023	0.706519	13.5556	3.91857	1.75612	13.7592	4.86481	1.86381	17.0843	4.78707	1.69554	18.5619	8.34213	1.27751	29.9381	10.0854	1.88502	47.5236	7.85744	0.838992	38.4446	2.01067	1.37539	9.06707	
5.94026	0.716073	15.0183	4.21386	0.852571	15.015	4.13506	0.663834	10.4093	6.72272	1.90195	20.75	3.64889	1.98656	10.7641	4.32432	0.847301	14.3264	1.21046	0.569814	3.49295	6.11619	0.711883	15.2107	4.06466	1.90411	11.6076	2.05224	1.57748	7.48323	1.76864	1.65781	6.51338	6.37142	1.11061	19.8978	2.36866	0.575277	5.55514	4.62629	1.25184	22.6833	4.42167	0.528327	9.52444	3.58708	0.697698	10.8136	6.33338	0.592559	25.7597	2.51323	1.23105	5.78471	1.41983	0.82066	4.47508	5.88523	1.97446	23.1419	4.6373	1.83754	21.8201	6.85743	0.865912	33.6992	4.29387	1.29982	19.8592	4.95252	1.77401	21.519	
6.95838	1.60095	19.734	8.95143	1.8355	34.8002	2.50422	0.67358	8.62131	12.1908	0.775512	36.3106	9.44265	1.34019	28.6719	1.65179	1.90576	3.79982	5.18349	1.90454	14.154	10.0265	0.945034	32.7607	4.47641	1.42426	20.1287	4.07701	1.37806	11.3818	5.88657	0.668652	28.9014	7.68885	1.33174	30.7632	7.09881	1.65041	31.9683	9.41398	1.20274	19.3792	10.3295	1.79228	22.1052	4.1378	0.55316	9.35589	7.86047	1.2082	19.0056	4.98005	1.42254	10.9757	7.19937	0.695347	30.3079	6.94701	0.834594	30.1474	10.5483	1.63436	40.4652	12.5687	1.78883	47.7946	9.48794	1.05139	33.2903	1.02833	1.04782	3.76426	
7.79887	1.1059	30.1695	3.61879	1.78456	8.38043	4.56148	0.848278	16.5192	8.77018	1.40457	27.2197	5.55061	1.43011	26.9403	3.71772	0.958234	13.2593	3.01489	0.964896	12.9529	8.45598	0.582347	35.9057	5.43601	0.614435	24.1488	2.99765	0.806827	12.1018	0.81117	1.90295	2.82864	8.33492	1.572	21.6062	1.84832	1.30137	6.07351	6.94317	1.40252	26.9744	5.70284	1.26216	13.8857	1.62168	1.54307	3.76038	8.34228	1.15647	39.0822	0.378111	1.66475	1.01093	3.5879	1.99548	11.34	7.75044	1.75938	31.313	5.93415	0.970878	25.7802	8.70371	0.695208	28.9719	4.20128	1.276	8.99232	4.30853	0.59126	9.55997	
5.47634	0.720159	13.8194	4.98412	1.29011	20.7268	5.50268	0.566063	20.9672	4.61563	1.79379	9.25468	1.83814	1.30366	3.98102	6.20195	1.94445	18.6054	2.49444	0.794782	6.25543	4.28607	1.52847	9.9251	4.59938	1.46846	22.2362	3.59994	1.38083	14.6085	3.69842	1.9941	13.6188	5.67407	0.562582	27.5646	3.72216	1.33922	8.68079	2.56927	1.71162	12.4091	3.29283	1.17955	15.5246	5.74379	0.772848	17.0149	5.54986	1.30898	25.5702	4.63003	1.47486	18.1516	0.835825	1.5568	3.46804	5.41565	1.01025	15.118	3.44709	1.57109	13.4079	4.89238	1.20122	13.3833	4.63131	0.735162	20.1189	6.79852	0.931951	19.8303	
9.0842	1.29922	34.5573	0.983612	1.38632	2.99605	7.0745	1.4873	32.3532	7.18478	0.655536	30.8772	4.10509	1.96583	16.7695	6.6128	1.79717	19.4744	4.45228	0.592691	14.5453	8.27271	0.945599	39.2275	7.30491	0.573723	30.5523	5.09935	1.79519	23.1662	2.37437	1.44521	11.722	9.43879	1.5615	45.6035	1.15762	0.646307	3.75668	6.41558	1.00289	17.3487	3.37487	1.49217	15.7344	4.5125	1.28324	9.16864	9.36313	1.95793	22.4022	3.35011	1.17015	10.9021	3.35871	1.5836	14.0856	9.02663	0.832426	27.9434	3.58567	0.59949	12.3066	6.759	0.847501	16.1408	1.23279	1.83034	2.5887	7.22734	1.35525	27.9394	


# This instance was randomly generated with the following parameters: 
# SIGMA_MIN=0.5
# SIGMA_MAX=2
# CAPACITY_OVER_DEMAND=10