9	18
68.0423	681.854	41.9461
26.4287	999.301	96.8526
86.19	1238.91	152.298
80.7838	1146	115.323
22.8702	738.525	52.9752
66.5157	1313.47	145.107
89.3062	877.482	69.6759
0.378146	881.096	67.4638
52.4454	1086.06	107.573
5.76028
6.32451
1.15734
20.3644
16.3404
17.3239
1.02717
18.0977
11.8825
1.09937
4.87782
20.6437
2.37064
4.34206
16.5676
8.90204
11.6787
1.08266
5.49419	1.59563	15.3444	2.58694	1.04208	11.2202	2.78742	1.09488	9.2186	5.69202	1.3921	23.7064	5.3716	0.679479	22.3908	2.0455	1.18203	5.93744	7.90157	1.38533	38.9522	5.70095	0.586488	22.9476	7.68608	1.04934	35.8643	9.34739	1.65307	21.7539	9.3798	1.59744	20.8436	3.35266	0.9764	14.5748	1.09435	1.82639	2.41352	6.53113	0.603205	26.7945	4.77507	1.04097	16.7149	2.33765	0.560142	8.72477	6.39607	0.83759	20.1439	5.29867	1.17368	22.7714	
3.57111	1.11202	16.6911	3.60799	1.99108	8.7432	1.09193	1.30259	3.92154	5.01464	0.992262	16.9463	3.25938	0.542214	12.5748	1.61042	0.839543	7.4431	5.36522	1.83739	17.0672	2.51951	0.596349	11.8945	6.11333	1.96699	19.9805	5.98799	1.50576	24.5203	7.13057	1.76545	17.5143	3.75379	1.79192	15.768	3.26833	1.07077	14.9477	3.0979	1.32229	9.64368	1.34116	1.57221	3.09715	1.63926	1.40073	6.49243	4.82372	0.664732	22.0709	1.90183	0.677749	7.91546	
4.84667	0.555895	19.1707	2.10061	1.59979	7.08927	2.44112	1.97597	5.6864	5.8007	1.17357	26.2008	5.19813	0.742056	23.7687	1.44206	0.547568	5.98605	7.6902	1.0088	22.8213	5.30629	1.42536	25.1353	7.67062	1.96518	37.9145	8.76835	1.16581	23.6598	9.24638	1.22261	24.2113	2.82	1.42433	8.01922	1.43135	1.52756	6.68243	6.00445	1.86704	26.1082	4.27166	0.744699	13.8816	1.70446	1.30289	6.88132	6.35571	1.30002	31.2483	4.82554	0.748617	23.2711	
9.77344	1.9781	38.1174	10.2894	0.895825	31.592	6.56022	1.92835	30.6998	4.01562	1.1514	12.5731	3.67268	1.43836	18.0426	8.12038	1.97329	39.8614	1.67662	0.803972	4.95636	4.7256	1.8929	12.0007	1.77992	1.35204	4.52611	7.98699	1.70564	32.5679	0.478607	0.697857	1.08034	10.5463	0.574825	48.4843	8.03031	1.4275	33.7229	6.1744	0.858638	17.3681	6.2053	0.730553	12.7507	8.32172	1.05385	40.6112	2.67943	1.32184	9.99231	5.69214	0.508109	23.2187	
2.70036	0.713766	7.49423	6.10793	1.19996	12.5107	5.58979	1.6415	26.8522	8.87161	1.54986	32.5563	6.51685	1.59276	20.4969	5.43675	1.96806	14.8653	7.21507	0.941978	33.2648	4.50982	1.55668	17.7363	9.05579	1.84946	36.6182	2.67334	1.12147	9.90537	8.99456	1.83449	22.7251	5.59097	1.04385	16.2104	7.64021	0.757058	35.279	2.73682	0.951695	11.0524	3.64885	0.57172	13.2964	5.13562	1.02148	14.9483	8.06829	1.70356	27.8379	3.72996	1.59098	16.1347	
4.54734	1.8605	20.8526	7.55462	1.2463	29.6071	5.9815	1.83444	13.7493	8.36563	0.511872	32.1221	5.92259	0.820433	27.7022	6.35927	1.60583	29.6932	5.89601	0.63119	22.9729	3.88318	1.7737	13.3892	8.03009	1.05761	26.9	0.974549	1.09699	3.05152	7.52896	1.87164	23.8585	7.18183	0.680674	34.7872	8.27928	0.94407	21.9736	2.09197	1.95917	5.30052	3.77211	1.75059	8.02571	6.15628	1.75066	18.9583	7.27321	0.802604	26.3707	3.49722	0.957024	13.1928	
3.34414	1.00525	16.7157	1.75887	1.92099	7.40301	2.03012	1.3526	6.24028	6.12787	1.60591	24.1194	4.88527	1.85231	16.9561	0.477852	1.04111	2.31086	7.17784	1.75886	24.4174	4.40066	0.865033	16.3602	7.63789	1.43971	22.6815	7.32417	1.28949	18.2188	8.89028	0.502462	33.2213	2.08276	1.74757	9.83872	2.65032	0.530277	5.69572	4.71348	1.92596	21.2333	3.1016	1.2191	11.1628	0.244749	0.656506	0.645145	6.30959	0.50604	28.0249	3.71924	1.65133	15.6694	
7.35137	1.54112	17.1915	8.24304	1.8462	29.0862	4.67299	1.98306	17.8374	3.94288	1.35777	11.7746	2.1186	1.44983	8.26054	6.12736	0.556345	13.115	0.798908	1.28643	1.63696	2.32246	1.2879	11.4105	2.8691	0.678318	7.54132	5.80966	0.932231	22.1227	2.65026	0.766917	10.4766	8.39183	0.772128	31.7827	6.6017	1.56373	32.9257	3.71658	1.12565	9.73556	3.83982	1.83218	16.2749	6.25725	1.73325	27.8815	2.47691	0.639429	10.1965	3.2813	1.49795	13.7337	
7.70899	1.85704	28.2982	8.05253	1.01985	24.9647	4.32841	1.83263	18.7797	2.7508	1.25835	12.7025	1.45149	1.35673	4.61088	5.88411	1.66596	25.2857	1.22897	1.40904	5.15621	2.74068	1.33401	9.70204	1.86778	1.77281	3.96322	6.87266	1.33483	15.0997	2.60725	1.75735	9.38051	8.31519	1.0986	26.2238	5.93811	1.79053	23.315	4.46816	1.11163	19.9419	4.11063	1.67862	18.5323	6.0854	1.46745	15.0258	1.26466	0.990479	5.67821	3.67447	1.11367	8.52646	


# This instance was randomly generated with the following parameters: 
# SIGMA_MIN=0.5
# SIGMA_MAX=2
# CAPACITY_OVER_DEMAND=5