12	24
158.797	909.244	76.6743
24.9576	1307.07	151.207
179.794	1043.96	93.5745
53.6861	392.913	14.285
88.8076	858.294	69.9152
19.93	673.87	45.3094
6.34281	1223.6	128.916
81.3697	905.481	79.4066
136.009	1020.32	103.887
51.4885	1139.93	110.552
69.6175	584.446	32.1815
142.793	695.845	43.6748
13.4162
27.1601
7.85783
35.4645
23.752
2.51218
46.1914
37.6701
53.3942
22.0042
25.5649
23.4459
6.13664
27.0863
33.681
35.391
7.92714
21.9886
40.6998
45.4245
28.4276
6.42522
50.9104
10.5242
4.13598	1.22993	16.7887	1.39484	3.60082	6.95317	0.991172	1.98325	3.13312	2.12527	1.1988	8.6798	3.3688	1.6351	12.4297	3.11557	2.67349	15.0781	6.16611	1.85143	15.2251	2.57607	3.18162	10.2154	1.91965	1.07199	5.72593	0.774733	2.96274	2.2065	5.92704	1.16301	22.294	1.75563	3.10954	4.07512	5.68115	3.27203	14.8014	1.10188	3.04749	5.40547	3.66882	3.9159	14.1614	3.65185	2.93435	15.9462	6.06326	3.47433	19.1719	4.46728	3.76895	21.0612	3.90645	1.59739	12.302	6.94287	2.41189	25.5006	3.65843	3.1171	15.3985	7.96715	3.76437	19.75	6.09237	1.08457	17.8132	6.48823	2.44396	15.4462	
5.10528	2.26243	19.7075	3.9916	1.45154	13.7348	4.29858	3.46404	9.28798	6.10162	3.76597	18.5337	6.64737	1.70234	23.498	7.45116	1.85377	27.0103	8.04351	2.42624	22.7331	3.61376	2.67995	9.92484	6.89813	3.92724	19.3634	4.948	3.45761	15.4813	1.73172	3.85242	7.1645	4.49557	3.129	18.1712	3.78108	3.7797	14.724	6.12112	1.36172	17.3688	3.30949	2.37166	16.5379	3.37503	2.26481	16.6966	3.44024	2.70774	7.498	8.68291	2.32317	19.2536	6.64662	1.64061	13.7529	6.897	2.96441	22.4601	4.11148	1.0155	8.89282	2.67762	2.35201	12.0136	11.0751	3.60442	51.7114	1.26832	2.34954	3.09135	
6.8068	2.11311	19.6091	3.75559	3.26304	13.3914	3.52482	2.955	8.30855	6.03694	1.90102	19.9541	3.28301	1.88386	9.45803	4.50935	3.05866	19.2762	9.55645	2.9573	42.9187	1.62461	3.05395	6.57665	6.01855	1.13518	24.2353	4.40251	1.96842	12.3272	3.16355	2.44801	12.1405	4.77629	3.10326	18.8021	6.84281	2.58909	28.1334	4.22591	3.16019	15.4919	0.740197	2.71775	1.63873	0.697601	3.32533	1.78837	6.79879	2.04889	19.1945	8.56244	3.0986	38.6365	3.03187	1.22404	12.8175	9.40182	1.98022	46.3041	0.523961	2.76412	2.32954	5.98645	3.74516	25.3237	10.0533	2.13092	43.4316	4.46353	1.61823	18.5718	
1.52799	3.64587	7.05938	3.55753	3.42483	14.3458	4.09838	3.74062	15.6566	3.9684	3.8913	15.1455	7.71611	1.09866	38.1967	7.81585	3.60734	32.6647	4.20224	3.06633	17.0572	5.137	2.7648	10.9773	5.28308	1.21923	23.3908	3.98948	1.54667	18.6302	5.62486	2.90973	13.9072	3.00997	3.47655	12.7164	1.08253	2.04933	2.54973	5.83835	3.20865	14.498	5.69068	1.73306	24.2939	5.73378	3.80041	26.628	1.70891	3.99582	4.50058	5.89216	3.38428	22.9796	8.0547	1.31707	33.149	3.04619	2.1805	7.07459	6.31708	1.77237	15.9736	5.76701	3.19326	23.625	8.7584	3.63391	31.7351	5.00433	1.93511	15.2608	
4.16051	2.47026	13.3134	0.857262	3.75212	3.02853	0.382836	1.98698	0.797647	2.8597	1.83743	9.17838	3.3275	2.163	11.3104	3.53577	2.39518	16.9865	6.59454	3.27267	21.4577	1.56954	3.33332	6.57445	2.98224	1.40947	7.43505	1.22421	3.03685	5.35252	4.82791	2.56632	22.1068	1.79067	1.13135	6.15564	5.2101	1.04682	10.7371	1.86601	1.1829	4.9906	2.65075	3.38245	5.71579	2.64272	3.33327	6.68858	5.4862	2.73036	12.7618	5.40539	1.48815	13.4532	3.71462	3.52577	11.4217	6.96258	2.55716	21.4663	2.77854	3.39218	5.79981	6.94004	3.51244	32.1376	7.18558	2.70169	19.1538	5.43451	1.31172	12.8229	
6.24056	2.8983	22.849	3.26349	2.00421	8.15395	3.08689	1.18247	8.58759	5.60034	2.51521	18.0768	3.47277	3.35594	14.2253	4.5801	1.59316	11.4743	9.01938	3.95396	30.1341	1.19922	3.2126	4.08399	5.6884	3.17247	24.1095	3.97684	1.27777	14.1365	2.88652	3.69081	13.0279	4.27255	1.80471	18.2151	6.25207	2.06429	27.7154	4.0231	3.31707	16.762	0.149315	2.7317	0.324255	0.125918	3.631	0.386881	6.2171	1.26419	30.7754	8.17071	1.20328	34.9053	3.32867	3.88145	14.5395	8.81588	1.44486	25.8225	0.711902	1.56603	2.28493	5.63631	2.69915	21.2139	9.7999	3.46884	45.3394	4.08337	2.93308	15.2669	
3.63551	3.65168	11.8075	0.858546	3.98369	3.94522	0.614563	3.24815	2.79851	1.96478	2.53706	6.6322	3.79333	1.19455	11.2104	3.66233	3.99197	12.2363	5.83489	3.16719	16.7198	2.47575	2.91396	5.13176	2.15081	3.93999	9.77727	0.340871	3.09692	1.23681	5.59202	3.2055	21.042	1.21845	2.75431	4.5046	5.10241	1.2598	12.3641	1.67781	3.55097	8.16455	3.55418	2.05918	13.6446	3.54747	1.60784	14.5777	5.48297	3.81326	15.91	4.50107	3.51864	14.9154	4.28239	2.88613	17.2354	6.45322	2.82465	21.1219	3.67101	1.7093	17.2446	7.50333	3.813	23.8651	6.38008	1.02346	12.7697	6.0547	3.19773	12.6762	
7.41434	2.3294	26.1272	4.5387	3.71658	21.0944	4.00522	1.16352	13.0978	4.96621	1.27701	23.2685	1.70457	3.06121	4.16656	0.327303	3.56276	0.930665	9.05578	3.51443	30.1536	4.18651	1.79354	16.5777	3.86099	2.09309	11.7194	4.08557	3.36816	10.6759	7.75284	2.84216	19.0613	5.07121	3.98926	18.455	8.94732	3.58537	33.2276	2.22955	3.45729	8.52118	4.908	1.6724	13.2128	4.85221	1.02855	22.8979	9.27139	2.59337	26.3788	6.29854	1.22892	22.356	2.30537	2.47646	11.0368	10.1878	1.31219	26.5159	4.32927	3.62827	11.403	10.329	1.2554	23.11	6.37663	2.29859	13.0584	8.75925	2.3862	40.0349	
5.43945	1.38132	19.3332	4.64471	1.79182	16.7808	4.97568	3.22204	10.2078	6.672	1.94192	17.519	7.34348	1.86794	28.6309	8.16003	3.69587	29.9154	8.32927	3.83098	25.0023	4.31818	2.71532	17.353	7.52935	2.02471	16.3298	5.59274	1.10302	15.2463	1.93218	2.87146	7.38601	5.08017	1.97164	20.6208	3.79784	1.29171	16.3075	6.81827	2.56369	22.9106	3.96447	1.37122	9.97569	4.03042	3.87309	13.2923	3.34416	3.30225	12.729	9.21233	3.73498	24.7043	7.32624	2.84458	20.2739	6.97645	3.83384	19.1282	4.76332	1.50468	15.7489	2.01447	1.24805	9.66396	11.6774	1.74912	27.0989	0.85309	1.83618	3.84563	
2.25322	1.5662	9.93271	5.56922	3.91694	26.67	6.04814	1.63006	14.4443	4.66158	2.61537	13.7344	9.64677	2.7008	47.1585	9.38874	3.81182	23.3325	2.03487	2.28259	8.68725	7.52762	2.29516	28.9203	5.99825	1.52161	12.3232	5.56523	3.3425	13.0284	8.41596	2.21301	40.8808	4.66273	2.44155	21.6015	3.17366	2.578	9.3456	7.3369	3.01011	19.684	8.25407	2.04101	23.9796	8.28852	1.31706	34.0668	3.80934	2.64347	13.6169	5.2768	2.84736	17.0028	10.1065	2.62635	24.693	0.712887	2.75321	2.76661	8.78753	2.65532	29.1987	8.30381	1.72246	40.2651	8.23848	2.07881	34.3531	7.73259	3.56928	34.6867	
4.04674	3.3725	12.5328	3.41665	1.49285	16.9613	3.82279	1.87297	16.4071	5.28468	3.58433	21.7959	6.689	2.0882	17.5369	7.30334	2.04416	28.8444	6.97212	3.59412	22.9706	3.64874	1.45893	7.91007	6.2181	1.82961	24.9347	4.32639	2.94684	12.8682	2.77503	2.47756	10.9075	3.71685	3.3361	9.16276	2.77337	1.56242	13.6389	5.74269	2.53666	12.6352	3.66828	3.48564	18.2712	3.72878	2.95778	9.08881	2.53379	3.81646	7.56034	7.79407	1.08377	33.7988	6.79708	3.76639	29.6997	5.83702	3.00925	25.1362	4.44672	3.49403	14.4691	3.3776	2.78348	8.1654	10.3115	2.63279	27.985	2.23455	1.51685	7.11888	
2.83931	3.65586	12.0263	2.40158	3.37017	12.0034	2.49537	2.70282	8.48593	0.0578361	1.41236	0.21165	5.3672	3.50716	24.1856	4.80379	3.51041	11.9986	4.17881	1.93934	15.9551	4.39777	2.5217	15.0261	1.32374	3.33256	5.07534	1.61199	2.95183	5.80333	7.19587	1.29543	32.5609	1.62268	1.91431	5.98869	5.09243	2.00296	20.1162	2.82225	1.87127	6.65168	5.45837	2.78479	11.8257	5.45687	1.92681	26.0157	5.65652	3.44089	26.7548	2.65615	1.81064	9.91643	5.94813	2.28375	29.6942	5.40289	2.19039	26.3784	5.60922	1.81656	14.1179	8.68087	1.25001	39.9375	5.01173	2.86275	16.2835	7.38392	3.99359	28.7102	


# This instance was randomly generated with the following parameters: 
# SIGMA_MIN=1
# SIGMA_MAX=4
# CAPACITY_OVER_DEMAND=1.5