9	18
135.349	951.481	89.9969
9.87167	341.123	11.5282
27.0249	1356.61	159.864
136.284	658.308	40.2893
20.1353	526.206	26.0683
133.572	538.056	27.093
13.3271	1305	152.018
148.787	602.169	33.8947
144.015	606.711	35.9826
5.16295
4.63945
9.09822
9.08459
5.75889
9.2845
9.01525
2.07604
6.30532
4.19431
1.49023
6.98678
5.92808
7.771
11.455
3.73254
3.94933
9.41442
0.819604	1.62333	2.53367	4.20184	0.888917	17.3405	5.13708	1.48131	23.97	1.90972	1.10678	6.54029	5.24101	0.780252	23.3342	3.07909	1.19531	9.48812	3.81802	1.34579	18.3389	1.57045	1.42096	4.40626	3.10886	0.789021	8.61763	4.29797	1.12747	14.0881	3.29409	1.35273	10.0563	3.31948	1.79194	8.69236	3.758	1.05173	15.7821	1.70704	1.75239	8.12393	7.29136	1.46416	16.1261	3.20216	1.27472	15.1556	4.22917	0.767718	18.6126	3.02875	1.13068	7.61148	
4.7026	1.4581	19.5417	8.40853	1.83904	33.3373	8.86427	0.925645	34.8	2.77026	1.51883	9.86116	4.84312	1.38426	20.8643	7.69919	1.13625	19.1358	3.3029	1.53001	16.275	5.38498	0.958924	25.3161	2.91846	1.63889	10.5683	3.21958	1.29518	15.408	5.87415	1.28752	21.3849	6.57734	1.84146	23.4948	5.7064	1.69763	13.583	4.43775	0.935283	16.0751	4.05413	1.24629	12.3955	1.43668	1.63352	3.36706	8.02891	0.873702	17.1498	7.58074	0.956658	34.4129	
5.24935	1.04205	15.8543	5.87697	1.76445	26.3471	0.547191	1.2854	1.21232	6.2354	1.44415	24.5958	5.93715	1.57614	22.7545	3.72873	0.816486	7.66029	5.85352	1.06071	23.7933	3.20643	1.48864	14.3811	5.73289	1.139	20.6884	6.3102	0.628922	17.8075	7.28837	1.98015	19.0542	1.95429	1.27031	7.6154	7.93836	1.33575	17.4284	6.20241	1.58399	15.578	9.38253	0.666162	42.2325	7.23104	1.61806	28.4279	6.67264	0.890245	29.0961	4.2937	1.32091	16.4478	
1.53002	1.012	4.62806	2.3018	1.72101	7.08891	6.03171	1.78776	20.4502	3.40637	0.632136	16.6896	7.364	1.07087	15.3663	2.32773	1.10586	10.7981	5.92304	1.51435	26.4559	3.27796	0.817988	11.9326	5.18278	1.93253	13.3069	6.3889	0.50841	18.5751	1.83529	1.58958	5.36252	4.84478	1.20556	22.3012	2.53504	1.14249	12.6538	1.73128	1.62261	4.64018	9.27056	0.526787	23.013	4.70544	0.580544	22.9701	2.11786	1.88218	10.5739	1.88702	0.925955	6.90135	
6.14953	0.771655	22.6238	9.34615	1.77676	29.9608	5.86211	1.86377	14.0559	5.18159	1.28992	13.7692	0.443857	0.681923	1.1952	7.54007	1.32565	32.6492	2.13536	1.35329	7.62476	4.50489	0.901827	17.7824	2.88255	1.26293	6.25164	2.05972	0.679868	5.08031	8.53817	1.60553	29.231	4.01869	0.663585	13.2633	8.82049	1.0503	40.5195	6.73642	1.31076	15.7255	3.96719	1.77127	17.6174	5.00022	1.21525	15.7445	9.57908	1.87034	44.1989	7.81901	0.535372	33.642	
4.89946	1.51778	11.8001	7.21997	1.49545	23.6879	10.6235	1.13457	29.4016	4.1724	1.52268	14.9421	8.64132	0.680364	34.9365	7.68904	0.858872	29.3222	6.88285	0.943173	23.9098	6.97906	1.36227	33.6531	6.17532	0.685608	21.8731	7.02821	1.00337	25.0733	3.93834	0.649453	19.082	8.67443	1.52852	21.611	3.30554	0.793474	11.2552	3.98751	1.73487	8.76861	8.28244	1.14761	26.5304	4.01994	0.884913	10.755	6.38408	1.05372	25.4655	7.28052	1.38293	16.053	
6.79526	1.40822	32.6454	9.10189	0.723705	26.3947	12.4553	1.41628	59.8861	5.83926	1.50709	27.7713	9.86737	1.79507	21.5168	9.62479	1.22632	26.8263	8.17824	1.92427	16.8924	8.77578	0.787368	42.2845	7.55979	1.87943	26.6557	8.22412	0.785393	30.6632	5.82183	1.48124	21.8242	10.4258	1.31167	45.9789	5.15202	0.80489	14.9529	5.90323	0.898871	16.6008	8.82513	1.29273	20.8566	5.36137	1.97348	11.0278	8.22326	1.51595	32.8802	9.21548	0.692039	36.3022	
4.57777	0.951421	10.5668	7.22135	0.822165	14.5789	3.61792	0.952003	10.3951	4.38333	1.21468	18.6189	2.55744	0.727861	6.14909	5.26546	1.2675	10.6734	2.64072	1.00852	6.78054	2.4291	1.98188	10.0295	2.81445	1.49426	8.64654	3.02537	1.4488	14.3082	7.0542	0.921939	16.7012	1.59463	1.71388	3.32479	7.49289	0.674873	33.6402	5.38427	1.20491	20.2168	5.98937	1.02739	21.5374	4.85239	1.01415	19.4109	7.61041	1.68525	17.3095	5.61482	1.20605	16.8043	
4.29095	0.643276	13.0495	8.07232	0.79768	29.245	7.65777	0.806682	36.5735	2.43586	0.910134	6.20081	3.48785	1.97539	13.7145	7.02998	1.27827	21.8036	1.90017	1.21198	4.36674	4.37824	1.12651	15.6583	1.58505	0.666593	4.63872	1.84678	0.80164	8.14654	6.0039	1.77653	14.1643	5.35623	1.07904	20.8538	6.00577	1.84733	25.8523	4.32043	1.30082	12.8968	3.55493	1.02397	12.5252	1.41924	1.09784	3.01191	7.86593	1.39947	34.8196	7.01111	1.38208	15.0365	


# This instance was randomly generated with the following parameters: 
# SIGMA_MIN=0.5
# SIGMA_MAX=2
# CAPACITY_OVER_DEMAND=5