6	12
61.2969	1249.39	149.697
137.505	1335.5	151.882
26.4244	882.268	71.1107
148.916	717.831	47.7562
1.2083	1170.64	130.773
174.7	922.179	72.3473
23.2192
21.3398
9.13184
7.0649
1.76559
3.89553
33.6807
11.0407
21.8715
8.05342
29.9556
36.8367
0.939258	2.74709	3.68387	11.0699	2.75999	23.1864	8.00367	2.40069	34.8514	8.69074	1.0339	32.8244	8.8021	2.42994	40.9208	7.4828	3.13901	16.3399	9.42456	3.02824	27.3448	9.45323	1.45373	39.3075	2.19965	2.585	6.8803	6.03074	3.492	13.7261	4.91177	3.11193	20.0684	2.39282	3.21313	5.33561	
0.436703	2.59833	1.52838	10.2325	3.16664	37.4849	8.49141	2.07345	41.7049	9.12356	1.28554	27.9295	8.53592	2.44851	18.7794	7.98372	2.15494	17.6776	8.10585	1.3786	17.1461	8.64934	3.23974	26.7769	2.1748	2.0357	5.75245	4.88624	2.72884	24.3165	4.31749	3.01175	15.7493	2.95218	3.43946	12.9624	
2.50308	3.53905	5.07301	8.29196	1.67697	27.628	6.33753	2.72135	31.6287	6.89846	1.91922	25.3353	6.0683	1.36869	16.1551	5.86007	2.89085	23.3836	7.70462	2.04329	35.4564	6.66463	2.1365	26.6515	0.781521	3.2127	2.85573	3.87492	1.95714	16.39	2.07656	3.02741	4.44737	1.79529	2.3956	3.82594	
6.01141	2.84471	26.8577	5.35214	3.85934	13.8195	9.42115	2.62763	26.2841	9.69496	2.23682	31.2306	6.43595	1.27178	20.418	9.09123	3.3155	20.3818	3.13518	3.36494	14.214	4.12381	3.60925	14.4363	5.43588	3.78609	24.1565	0.837858	1.26976	2.59431	3.48625	2.11986	13.1158	6.50012	3.0115	23.1348	
8.92318	2.19223	19.0933	2.40266	3.64248	6.45121	9.895	3.92357	23.9899	9.92648	3.11934	34.3503	5.6973	1.47403	22.7605	9.71601	2.09601	41.9706	3.91287	2.7881	10.7094	1.99621	3.07023	6.89895	7.87167	1.34757	19.4931	3.81502	3.81613	14.9879	5.21191	2.44223	20.0732	8.73926	1.19095	26.0199	
5.45644	3.36569	13.7619	7.48143	1.0944	22.9254	3.39409	2.50272	10.7879	3.84702	3.62914	16.0586	3.66011	1.65054	12.2208	2.9922	1.06123	14.1163	9.27228	2.67762	22.2358	5.96799	1.7653	21.5781	3.39645	2.80767	10.2402	5.49299	1.89036	11.0343	2.71737	3.15871	6.06158	3.16964	2.11784	10.8409	


# This instance was randomly generated with the following parameters: 
# SIGMA_MIN=1
# SIGMA_MAX=4
# CAPACITY_OVER_DEMAND=3