12	24
100.056	547.936	26.1419
0.562429	1125.88	111.272
20.4924	379.999	14.0151
33.8531	1151.38	131.01
144.255	1234.72	139.964
96.3772	739.696	50.9047
85.6333	786.901	54.9983
89.6214	1211.23	144.736
124.514	1009.38	90.7369
90.4419	1254.61	146.674
78.0898	885.582	68.2296
72.3957	726.649	52.2164
17.2521
12.505
8.04434
2.2196
5.31892
17.7403
16.6993
6.52421
18.5996
5.75941
0.718537
21.8835
1.45996
25.7731
11.819
22.6957
8.99247
26.7852
23.4597
24.466
3.58772
21.6716
23.6261
16.0315
3.25728	0.340664	12.1776	4.01358	0.229463	8.16672	2.81984	0.817704	9.28761	2.88378	0.139849	7.75775	3.63442	0.783411	17.2378	6.52494	0.109983	26.859	0.405537	0.685815	1.88943	7.38859	0.371621	35.3344	8.27285	0.248913	24.3583	5.29208	0.70772	13.1734	5.02527	0.602621	19.0527	6.8613	0.123127	25.7427	6.78508	0.198913	33.3287	4.14298	0.354884	12.4891	4.12597	0.391921	16.2524	1.80583	0.39452	8.90139	3.96095	0.947813	11.3388	2.73876	0.482722	13.018	6.32557	0.159689	22.2262	3.58997	0.228763	11.6094	1.63307	0.946319	6.56589	2.35757	0.712818	10.3772	2.82969	0.742629	10.6236	4.16403	0.380292	9.19741	
5.65583	0.23221	13.4674	7.80998	0.355089	35.3848	7.42429	0.992561	32.5102	7.27752	0.876664	22.6844	7.37698	0.992429	35.8645	3.88161	0.579231	17.1657	4.25013	0.875215	14.2467	3.74295	0.494148	12.8854	5.13454	0.789027	24.555	2.7694	0.670493	12.2239	7.51486	0.751845	36.8933	5.6633	0.814616	18.8296	2.97683	0.848552	7.38398	2.72857	0.318007	11.103	8.06336	0.334733	25.4496	4.78977	0.71649	11.9278	2.18137	0.177069	7.59381	4.96786	0.924708	22.0456	3.89922	0.737012	10.6999	1.75482	0.66958	7.04078	5.96853	0.586375	29.2011	2.9496	0.214826	7.0648	6.93411	0.452168	33.5643	7.46943	0.923061	33.9348	
3.64185	0.618482	13.3057	3.39642	0.276007	15.5609	2.22818	0.842711	6.98893	2.61437	0.159635	13.0334	3.03395	0.175429	12.5752	7.18573	0.948693	27.075	1.06652	0.656246	4.5536	7.78061	0.621213	31.7183	8.57573	0.498736	29.7488	5.62958	0.941642	22.1719	4.59673	0.199627	11.8777	6.93989	0.326276	32.4656	7.43912	0.905166	29.2876	4.80398	0.870321	17.8087	4.02347	0.46544	12.1234	2.26458	0.48388	6.39236	4.33927	0.371532	16.7318	2.57124	0.95717	5.95491	6.98423	0.370094	34.4978	4.24307	0.779448	15.8504	0.982724	0.630653	4.05469	2.71199	0.899305	9.91255	2.73537	0.691562	5.94727	3.62348	0.610449	17.6583	
7.73636	0.35686	19.4732	9.70382	0.173955	32.7676	9.58257	0.926378	27.1251	9.49017	0.673221	25.764	9.27456	0.188033	27.8173	4.52856	0.10176	19.5307	6.44271	0.923332	15.1205	2.66044	0.57033	10.1587	4.1681	0.327714	15.0304	3.24686	0.780505	9.69283	9.03333	0.789473	27.6716	5.9057	0.387627	13.2791	2.9182	0.672707	13.2213	4.46862	0.149679	14.5621	10.2512	0.504999	29.8558	6.97811	0.216563	29.9929	3.58499	0.387994	12.905	6.72375	0.8763	14.2768	4.68643	0.944859	14.6071	3.80684	0.707111	16.7518	8.06525	0.388831	37.947	4.88978	0.95236	18.6361	9.14102	0.609303	29.3953	9.23993	0.441356	25.5286	
8.57292	0.11424	19.7213	9.88381	0.102033	35.1677	10.0397	0.700118	22.2166	10.108	0.102436	44.9364	9.46303	0.740766	41.5226	5.56535	0.44234	24.2844	6.9946	0.952845	19.7415	1.76991	0.414141	8.24467	3.22652	0.430236	8.70633	3.00273	0.59848	10.0784	8.97046	0.21213	37.4362	5.32472	0.942341	17.0398	3.934	0.260206	19.403	5.41307	0.670288	15.2512	10.9754	0.128835	46.9389	7.70677	0.842708	34.4414	3.7239	0.36763	16.0453	6.86148	0.307016	18.5943	5.72478	0.468161	25.596	4.64153	0.907562	22.5867	8.45423	0.370876	33.4107	5.21987	0.919438	20.4296	9.81695	0.4135	30.0253	9.33467	0.974646	36.8171	
9.1733	0.230811	40.0763	7.38699	0.663545	32.4425	8.60867	0.919261	35.0101	9.38958	0.717769	19.4138	7.03749	0.672963	33.8025	8.47719	0.279132	34.8027	6.44298	0.729904	21.7864	2.53433	0.333434	10.7179	2.18802	0.859967	7.15164	1.87159	0.831337	7.63827	5.75355	0.271093	23.6279	1.23777	0.886803	3.00641	7.25642	0.854869	21.7354	7.17477	0.546598	24.995	10.7075	0.848922	50.4894	7.84568	0.587784	20.5818	3.00615	0.582346	11.4092	4.64654	0.557926	10.5288	8.51853	0.413022	40.7484	6.00917	0.24087	23.67	6.9365	0.917389	33.6334	4.29568	0.258278	12.9742	9.4114	0.693699	46.7057	6.59197	0.546326	23.218	
1.85562	0.396866	3.91015	8.162	0.758242	29.9573	6.19051	0.156939	16.7457	4.92802	0.373998	16.3862	7.81091	0.207692	26.3818	3.52801	0.155707	15.6083	3.92356	0.430847	8.52927	8.52177	0.433583	42.1601	9.87216	0.301217	37.3143	7.15025	0.455901	15.3426	9.18878	0.355805	29.0411	9.70085	0.371208	30.1942	4.78381	0.601366	23.6381	2.13471	0.355245	10.4093	4.72893	0.122629	18.2528	2.57692	0.790688	11.8737	5.95829	0.211511	12.9291	6.66385	0.788221	18.9637	3.23617	0.352433	10.706	3.05755	0.170886	12.205	5.73181	0.619737	20.192	5.13289	0.594896	17.9532	4.22022	0.992248	9.3592	8.37983	0.845751	33.1166	
0.949247	0.719545	4.37322	5.91305	0.25507	15.3374	3.73259	0.528067	15.9217	2.49774	0.846079	6.78334	5.60665	0.538576	16.6808	5.69434	0.401604	21.7954	2.2437	0.506855	8.72178	8.79407	0.517083	27.8255	9.9136	0.939762	22.8484	6.94599	0.202312	28.1308	7.29108	0.343917	16.1318	8.96546	0.595994	20.536	6.54237	0.357204	30.4649	3.57038	0.290514	16.1219	2.74909	0.388335	11.3259	0.658327	0.327573	2.11983	5.5962	0.734823	27.6214	5.07428	0.110651	15.7648	5.42905	0.438123	16.3736	3.74286	0.534479	15.4464	3.53072	0.259572	11.0863	4.22947	0.512735	11.079	1.85607	0.110355	6.54238	6.27825	0.274645	29.9193	
9.95665	0.534587	44.1338	9.30959	0.659889	23.261	10.2121	0.969064	20.913	10.7407	0.575922	38.4604	8.93474	0.274976	42.3248	8.04749	0.733508	28.5713	7.63362	0.291972	36.4916	0.988653	0.195555	2.53329	0.543171	0.90118	1.9129	2.56683	0.454588	5.54704	7.81864	0.16602	32.4387	3.16349	0.929997	10.0831	6.54148	0.94074	13.5664	7.32733	0.65441	17.256	11.9021	0.92439	43.9825	8.79505	0.585389	43.3976	3.91103	0.294218	10.0252	6.41022	0.399049	29.2922	8.16023	0.727868	18.8209	6.28895	0.114306	21.6698	8.53088	0.962005	26.9934	5.50321	0.519156	21.0722	10.6371	0.659237	43.2661	8.56735	0.73305	18.8283	
0.412791	0.723604	1.90484	6.72183	0.431381	23.4971	4.56185	0.389397	17.1003	3.24604	0.496396	8.25115	6.40475	0.513382	26.3766	5.05147	0.255045	15.1215	2.82407	0.779986	11.5159	8.83547	0.471818	19.2437	10.041	0.78546	25.2685	7.12594	0.949602	28.4509	8.01458	0.129051	26.4102	9.34065	0.704906	34.6591	6.05336	0.675165	16.0914	3.10733	0.107913	14.1509	3.19231	0.484984	6.45572	1.19541	0.371596	4.4712	5.80659	0.649119	19.509	5.68903	0.612356	23.412	4.77401	0.621787	23.8688	3.53048	0.159691	16.2026	4.3196	0.481934	15.4861	4.59367	0.143863	16.407	2.54516	0.153813	5.64457	7.05303	0.217496	15.6621	
2.30184	0.428978	9.07301	4.61913	0.226152	22.7805	2.74842	0.143558	7.19017	2.16011	0.538132	4.98368	4.29171	0.197266	13.5972	6.35596	0.88322	20.0283	1.133	0.268541	5.13393	8.20239	0.610899	34.2214	9.17846	0.20486	23.2429	6.18502	0.377909	26.7646	5.93762	0.538701	20.7479	7.90652	0.449448	32.3357	6.8888	0.475068	18.8309	4.02674	0.152998	18.0357	3.16333	0.431215	7.11937	0.99432	0.685158	2.96313	4.83101	0.280801	17.7395	3.78854	0.707817	15.3161	6.12271	0.778749	19.0756	3.78117	0.684874	13.4873	2.20394	0.369506	9.98542	3.29394	0.585494	16.1861	1.90052	0.752546	7.35406	4.93689	0.310425	21.4798	
7.27281	0.953149	28.3014	7.26257	0.662792	34.066	7.71871	0.862234	31.5432	8.09372	0.260263	36.5045	6.84965	0.879517	23.4059	6.16845	0.247539	27.4704	4.96059	0.788123	13.0304	2.18261	0.354701	10.4845	3.18142	0.542855	14.1807	0.48052	0.659856	1.66439	6.30014	0.328468	18.5159	3.3888	0.165145	15.8363	5.03008	0.736309	23.6912	4.91304	0.210292	12.8728	9.20811	0.900734	43.5565	6.08854	0.272125	25.0303	1.25886	0.22763	6.13849	4.23815	0.501346	15.9506	6.20342	0.208821	17.5302	3.7783	0.349554	16.6785	6.06354	0.167006	15.2998	2.88614	0.495515	8.38062	7.95291	0.638072	38.5413	6.67514	0.806598	18.8248	


# This instance was randomly generated with the following parameters: 
# SIGMA_MIN=0.1
# SIGMA_MAX=1
# CAPACITY_OVER_DEMAND=3