6	12
117.741	1183.35	136.706
35.5977	1170.96	127.559
51.104	952.316	84.131
150.925	1133.72	121.927
151.463	1350.37	157.695
101.351	1049.64	96.0688
8.04497
13.63
18.0878
3.97079
20.3778
2.31137
13.8035
12.0519
13.3012
18.2626
4.31489
16.6602
7.24136	1.99288	18.9555	3.21407	1.57148	9.52465	4.8253	0.717987	20.5307	5.24704	1.88807	22.8532	1.70819	1.85153	6.56593	8.40636	1.77956	32.1862	3.75391	1.60108	13.2948	2.5344	0.723447	7.34701	3.45065	1.08059	14.3811	5.29535	0.626291	12.0222	6.76871	1.30041	26.526	7.85187	0.740285	37.3855	
5.44334	0.737858	15.0723	3.19808	1.65016	12.2506	3.80016	1.61966	11.1568	3.36463	0.559785	11.1024	1.24403	1.80224	5.50899	6.87164	1.50845	19.2255	3.13179	0.716418	15.0439	0.668743	1.69074	3.01464	1.77062	1.48987	4.96346	3.46737	1.50861	7.91082	4.92304	1.59532	17.4329	6.27258	1.96527	31.3522	
4.83142	1.636	13.9637	8.92839	1.46115	43.5906	4.37632	1.29966	18.9486	3.54985	1.47165	16.0686	6.56148	1.01599	29.343	7.31741	1.24862	27.6664	5.54319	1.91987	22.8722	5.95264	0.853405	18.6889	5.9107	0.622286	29.0915	3.04826	1.19682	12.9405	4.19377	1.07193	18.0301	6.76577	1.44389	14.8035	
6.84151	1.64771	25.9234	6.19517	1.30312	20.2693	1.19633	0.940114	3.3255	4.08649	1.87946	18.8874	2.10932	1.28885	7.57013	8.90985	1.98898	23.8448	0.180978	1.92845	0.862512	3.21014	1.31145	9.09049	4.24454	1.54491	15.9656	3.55897	1.19986	17.0529	6.1139	1.45504	19.3671	8.25969	0.685505	34.3356	
7.78074	0.500041	26.5892	7.23171	0.785562	32.6873	1.38738	1.94983	6.31148	5.00686	0.807978	12.4597	3.07403	1.02508	8.13862	9.932	1.73006	48.7076	0.967426	1.08792	3.18327	4.31135	1.60685	18.4439	5.3461	1.42704	13.7469	4.39223	0.825755	19.8266	7.03213	1.22137	20.6596	9.27915	0.642735	29.0266	
2.34094	1.99904	10.5548	6.79566	0.674542	23.3448	4.67551	1.30536	14.3282	1.56292	1.18487	6.69577	5.52665	1.95476	21.891	4.8591	1.06248	19.0733	5.42635	1.39714	19.3578	4.31203	0.543292	17.5635	3.84865	0.996506	15.155	1.71729	1.99061	4.44065	1.63136	1.33015	4.51829	4.26561	0.849176	13.1285	


# This instance was randomly generated with the following parameters: 
# SIGMA_MIN=0.5
# SIGMA_MAX=2
# CAPACITY_OVER_DEMAND=5