9	18
140.87	505.343	21.2374
90.2279	1126.89	120.669
173.546	443.783	19.4653
75.1451	1210.4	138.15
164.007	928.055	83.6223
80.3115	1240.99	145.202
68.8476	456.006	19.638
29.1345	857.249	63.7054
19.8074	968.885	88.9764
3.0253
33.0095
7.02923
2.95139
16.7833
35.0218
4.51345
19.5188
10.5005
30.8167
26.5817
18.5544
18.6527
15.5085
5.34246
31.6581
32.601
38.2639
4.60217	0.547214	18.9905	6.66227	0.355452	16.4418	7.50516	0.419571	19.8726	5.19176	0.292703	21.1068	5.23452	0.253529	20.1248	2.99717	0.709527	12.0501	0.872279	0.128304	3.77988	5.44723	0.284494	11.3995	3.64057	0.15501	14.8736	5.0288	0.242035	21.741	6.24727	0.513464	18.2925	9.01447	0.144562	23.19	3.88851	0.382846	9.97313	5.1553	0.859568	16.9806	3.53825	0.927985	9.85431	1.88917	0.871109	5.74634	6.74274	0.601479	33.0901	1.50881	0.290319	3.71615	
4.00283	0.58569	10.6548	6.0146	0.184102	18.2173	7.09082	0.272727	30.735	4.9057	0.402894	13.0199	4.15179	0.564443	19.8899	1.83585	0.787063	8.1038	0.40751	0.487243	1.37761	4.52958	0.161621	12.415	4.15796	0.326159	20.0152	6.11577	0.309513	13.1316	6.85424	0.745887	16.0698	9.28933	0.235016	38.7743	4.19194	0.363244	9.70247	6.23351	0.571877	25.0509	2.38465	0.541492	7.78502	0.959284	0.638412	4.12054	5.92742	0.357487	19.4483	2.0024	0.15478	5.42852	
7.76139	0.444509	16.5832	9.44412	0.592174	29.1053	9.25692	0.348411	20.3648	7.18312	0.649945	28.4346	9.74434	0.783107	22.6874	8.18281	0.249656	40.4295	5.97169	0.474593	28.9507	9.35959	0.184368	42.9798	3.92631	0.399323	13.7814	0.253829	0.160521	0.76616	4.00793	0.210347	14.2644	7.50282	0.536242	23.069	4.69903	0.255178	20.9342	0.215184	0.627813	0.847489	8.47049	0.123065	29.386	7.16031	0.200013	22.7693	10.1026	0.353961	45.8947	4.71427	0.114208	19.4447	
6.05701	0.826431	14.9504	8.10753	0.480864	37.9233	8.7483	0.489115	38.8828	6.3871	0.596032	12.9058	6.88892	0.248394	26.4494	4.53923	0.649268	12.0658	2.52514	0.430076	7.4827	7.05953	0.44452	16.897	4.04266	0.430226	9.1444	4.01699	0.994827	15.5383	6.26915	0.758131	26.8874	9.43911	0.194267	22.419	4.55611	0.860013	12.708	4.16765	0.245734	17.8779	5.17188	0.860737	21.7184	3.28009	0.323102	7.42227	8.29515	0.777916	31.23	2.49485	0.748193	9.41443	
4.7961	0.963959	23.4601	6.48943	0.850251	21.2816	6.45307	0.375243	24.227	4.26122	0.405302	13.3923	6.94188	0.60567	21.5535	5.8748	0.690139	25.2877	3.82983	0.264228	13.2595	6.43506	0.959053	20.4653	1.00981	0.422024	4.25604	2.73678	0.496299	11.5439	2.85342	0.435261	6.65997	6.02942	0.630421	19.4767	1.79224	0.207205	5.87918	2.76796	0.217943	7.41258	5.91695	0.656924	29.3144	5.17227	0.418202	25.5802	7.13127	0.798329	31.3354	2.25194	0.156951	5.29127	
2.22054	0.231071	9.69729	1.13081	0.633793	4.42424	2.91014	0.109481	12.5953	3.07423	0.931879	13.0767	2.64442	0.873484	11.8074	5.14658	0.976093	19.9625	5.82304	0.863507	22.845	1.40579	0.322851	6.75084	6.07423	0.872543	25.8175	9.72283	0.557756	20.1009	7.74671	0.990226	18.7174	7.8014	0.531361	25.1889	5.35168	0.86273	12.895	9.7571	0.495585	33.871	4.13684	0.696218	17.4295	6.10978	0.345761	18.587	0.155587	0.103354	0.486904	5.81376	0.11343	24.585	
4.89115	0.33546	23.6456	6.86385	0.728646	22.4443	8.01158	0.172458	25.0278	5.85473	0.391099	12.7396	4.64006	0.198668	19.9981	1.89572	0.556052	8.15307	1.23922	0.669097	3.42652	5.22358	0.622214	12.5195	4.98695	0.307567	10.4624	6.51406	0.407611	29.2221	7.65888	0.515075	33.7122	10.2104	0.135252	45.69	5.09008	0.564986	22.6583	6.64604	0.673807	31.2131	2.75539	0.683842	9.24781	0.55671	0.935586	1.93566	6.6833	0.233205	31.0662	2.79698	0.452956	12.7629	
5.47074	0.206075	19.3658	7.52738	0.572662	23.8834	8.39819	0.185	30.0011	6.08526	0.293547	28.7931	5.87455	0.1504	21.1337	3.35129	0.485906	12.4414	1.58637	0.939708	3.65006	6.21487	0.860744	26.0438	4.36001	0.570955	18.375	5.14319	0.59395	12.1656	6.86785	0.594044	24.4785	9.78226	0.436524	36.4911	4.69012	0.808351	19.7458	5.28546	0.484661	17.2257	4.07208	0.415252	8.65696	2.05438	0.888678	8.30127	7.55993	0.293651	23.8486	2.33589	0.759974	6.44556	
4.75588	0.504765	20.5933	6.41812	0.533831	28.7709	6.34654	0.699217	22.0843	4.1759	0.791473	10.4881	6.95029	0.984448	34.3003	5.9461	0.981912	16.7947	3.92496	0.818864	13.6723	6.41442	0.163215	24.3069	0.912124	0.651578	2.18073	2.79995	0.213472	9.02449	2.71246	0.864492	8.52624	5.87481	0.942963	26.1644	1.69646	0.975432	7.57837	2.82286	0.61986	12.3105	5.96351	0.601536	25.8682	5.27029	0.601672	15.6693	7.08005	0.679004	14.8926	2.33513	0.54427	5.77348	


# This instance was randomly generated with the following parameters: 
# SIGMA_MIN=0.1
# SIGMA_MAX=1
# CAPACITY_OVER_DEMAND=2