12	24
54.5449	1193.3	126.578
150.22	472.413	20.5483
178.725	988.57	90.3824
164.201	696.408	42.0814
18.3133	755.841	56.5564
41.1968	978.096	91.9147
166.383	598.278	29.9075
139.7	1228.68	132.926
171.273	966.809	78.1485
114.819	1084.5	108.894
119.903	1127.18	108.716
120.113	850.843	62.147
8.71842
12.7704
11.6526
11.3473
13.23
12.8608
6.87807
5.25381
7.17177
10.2094
8.73015
1.23165
10.9056
3.56336
3.02481
8.19951
5.61963
3.78086
0.046
7.57212
6.28245
9.93252
12.889
7.88982
6.42475	0.573069	14.6455	2.24303	0.819753	6.02567	0.997987	0.824757	2.93223	1.75437	0.946798	7.0474	4.42676	0.734272	13.6364	7.63147	0.79328	22.041	2.39065	0.19874	10.3047	4.09876	0.313569	9.7945	5.86835	0.823066	15.1701	1.92186	0.42223	8.0104	4.64423	0.280852	18.4446	1.94295	0.74539	5.60565	1.95765	0.47024	8.78294	3.20392	0.86949	9.40847	6.26928	0.860353	17.1741	4.56873	0.465329	13.9532	3.7268	0.60767	8.56025	3.40202	0.64582	13.7025	7.44529	0.120778	19.097	4.33889	0.291025	9.2352	5.84616	0.395385	21.4381	4.23046	0.322837	10.3252	3.0449	0.686836	14.4964	5.77947	0.914226	18.978	
4.41591	0.621626	9.8697	2.0408	0.415203	8.96197	2.49148	0.631658	5.36584	5.06508	0.437576	22.9636	3.53862	0.745369	14.2841	5.02514	0.403764	16.0818	1.42931	0.612521	5.94388	4.71938	0.115049	18.9221	4.10008	0.200848	13.3486	2.93999	0.978209	13.2757	2.21347	0.740984	4.67541	4.90574	0.113691	12.0823	1.60852	0.192746	6.317	3.43474	0.231705	13.2442	4.59297	0.843373	22.6598	1.35532	0.506382	4.78841	3.44182	0.181315	10.2083	0.412717	0.298422	1.71013	4.50651	0.217337	13.6194	3.09013	0.828711	15.1116	2.51612	0.152344	7.19131	5.5693	0.447123	21.8515	1.73265	0.888279	4.24532	2.66387	0.427745	7.00567	
1.15622	0.677779	3.66041	7.3172	0.114664	17.4218	6.76091	0.9601	25.7329	9.07426	0.10479	23.9147	2.98332	0.189015	14.4652	9.47495	0.809208	34.5092	5.37652	0.834037	24.4315	10.1881	0.322712	38.2039	1.53857	0.700773	3.87937	5.4929	0.140667	23.6494	3.35124	0.791483	9.15741	7.30182	0.72946	23.9291	5.88191	0.791686	14.9072	4.35731	0.328303	18.9866	1.09787	0.504867	4.57333	4.44263	0.498318	15.5945	8.98441	0.548685	41.1193	5.21903	0.200958	22.5168	8.57733	0.123072	26.9654	8.63039	0.615251	21.9903	4.25242	0.955267	17.5543	5.33658	0.463473	11.8439	4.53184	0.845707	17.5764	7.07117	0.624597	14.6142	
5.46104	0.753915	15.4434	5.81479	0.586809	20.6151	4.37985	0.607825	19.1811	5.02892	0.442553	20.2517	3.39761	0.215678	10.779	10.7251	0.121255	32.2372	4.35167	0.20054	18.7347	8.16062	0.773133	26.1234	4.8634	0.898322	19.1354	2.90482	0.934336	13.3212	5.0974	0.972529	19.7054	2.53782	0.648567	11.168	4.43726	0.466496	15.9619	2.43721	0.575375	6.00678	4.97038	0.716064	18.8633	5.93698	0.459353	21.4069	7.61607	0.989615	32.4284	5.37931	0.746679	13.4529	10.238	0.526716	31.7322	7.98104	0.892254	16.1971	6.96073	0.338302	20.0555	0.497637	0.421138	1.79094	4.09706	0.489322	16.5856	8.39136	0.522188	20.0976	
6.65329	0.436355	26.0936	5.88751	0.301826	13.9509	4.41555	0.896587	11.6987	4.33789	0.214188	8.72045	4.4991	0.260007	12.7942	11.0906	0.684911	27.1055	4.81331	0.349953	10.4216	7.87246	0.925508	26.8006	6.04307	0.814666	19.9892	3.30209	0.942261	13.0927	6.01509	0.220243	28.6067	1.94265	0.375411	6.07668	4.75965	0.812462	9.76273	3.31801	0.988078	7.24899	6.19367	0.303371	16.9608	6.69038	0.993472	26.6906	7.54485	0.3592	30.1105	5.93974	0.319262	19.7642	10.709	0.741477	47.9423	8.06672	0.28605	21.5965	7.81734	0.795833	26.9086	1.80008	0.126982	6.1833	4.77638	0.255304	17.6261	8.89067	0.184366	28.8756	
5.87309	0.524466	15.6791	0.352309	0.930884	0.884221	1.26443	0.976104	4.26806	3.43298	0.438994	7.70756	4.43567	0.8973	14.5824	5.51767	0.647292	12.6573	1.67903	0.974167	3.93969	3.24003	0.919942	12.4362	5.44567	0.491565	20.9827	2.67487	0.956975	12.7233	3.72795	0.640761	17.3823	3.95618	0.510246	15.8846	1.26789	0.441547	5.55289	3.73832	0.719867	12.3881	5.92197	0.313468	27.8397	3.12358	0.426145	6.67201	2.22633	0.364752	10.6589	1.93597	0.56272	5.13589	5.30844	0.280078	18.755	2.44448	0.955275	9.84498	4.3031	0.601517	9.43354	5.53	0.121189	13.4597	2.51006	0.825574	7.3359	3.67088	0.850441	8.72241	
5.48546	0.20594	21.0852	5.09443	0.903923	14.8688	6.00975	0.804892	23.2638	8.44281	0.703852	32.1269	6.03486	0.813678	12.6745	3.19834	0.790397	14.527	4.95448	0.588866	24.0545	6.74762	0.152963	24.9622	5.58754	0.903769	16.8438	6.4217	0.463163	25.5407	4.11167	0.656548	18.3686	8.47204	0.725101	20.2544	5.1803	0.793196	19.6356	6.56554	0.891581	31.7121	5.98183	0.579237	25.0914	3.06702	0.38267	14.4069	5.40018	0.565081	19.6495	3.79234	0.433519	10.9317	2.20477	0.316279	6.14728	4.4482	0.280752	17.6158	2.34584	0.782626	6.91325	8.7355	0.555731	22.0962	4.92649	0.989346	20.0688	1.66612	0.164413	4.20786	
3.81718	0.626808	12.1307	2.46772	0.606512	7.38531	1.99752	0.705287	9.54175	4.58705	0.495625	13.8406	2.35832	0.92746	9.95052	6.43176	0.65687	14.1936	0.501656	0.981137	2.04906	5.35745	0.717323	26.1351	3.35082	0.20957	16.3455	1.66704	0.273437	8.11549	1.81851	0.880946	4.30776	3.8123	0.289175	14.9641	1.01563	0.676835	4.9891	2.03134	0.724377	9.28492	3.8184	0.955271	17.42	1.86101	0.706806	8.99783	4.26955	0.255519	12.199	1.03878	0.365194	2.53169	5.90062	0.406693	16.3895	4.19519	0.490469	10.7282	3.11571	0.426672	12.1925	4.16418	0.779854	18.9603	0.40501	0.389126	1.24639	4.05222	0.92803	15.6686	
7.48377	0.811141	25.3448	5.01815	0.24323	12.0664	3.64311	0.997652	11.3306	2.71947	0.141031	10.9519	5.25213	0.794239	20.5718	10.3992	0.799644	48.7107	4.56406	0.328829	20.611	6.50637	0.88712	19.5541	6.86592	0.886815	21.4264	3.22734	0.630961	6.63889	6.33907	0.786067	12.8536	1.03794	0.33067	3.1016	4.32599	0.328785	15.1266	3.87865	0.820382	8.54344	7.12135	0.996189	25.4024	6.71034	0.368758	21.0619	6.41845	0.313282	18.7467	5.72259	0.300137	16.2428	10.1678	0.246702	42.8935	7.10494	0.601094	35.0364	7.94946	0.480927	31.8727	3.2522	0.996804	14.5813	4.83864	0.955682	20.28	8.43814	0.521005	26.9258	
7.07122	0.520994	34.83	3.77911	0.900637	13.6251	5.1235	0.541662	16.6375	7.04767	0.589353	14.5318	6.81107	0.228813	18.9093	1.67591	0.915182	5.73568	4.70326	0.383685	12.9509	4.46524	0.721341	20.0201	6.96202	0.610434	21.9562	6.17606	0.811035	23.6774	5.11132	0.289822	14.1289	7.81554	0.660674	27.7008	4.66329	0.98985	19.3809	6.81195	0.809648	17.4442	7.43224	0.976437	24.4773	3.8792	0.809071	18.0012	3.25483	0.519296	15.4141	3.77626	0.633359	12.7914	1.51344	0.572759	3.25202	2.21635	0.999693	9.92134	4.01821	0.688416	15.6842	8.92518	0.587851	40.4972	5.11045	0.511363	12.5045	1.16034	0.403952	2.37119	
5.28195	0.974438	23.0304	2.26587	0.598835	10.6962	0.846461	0.215868	2.23646	2.88496	0.775176	12.65	3.30063	0.586241	8.39687	7.41382	0.887999	22.1854	1.43131	0.991694	7.10008	4.76354	0.502539	23.2218	4.72473	0.250971	14.9175	0.865181	0.568011	3.59746	3.55657	0.716146	7.19522	2.15019	0.219174	6.03135	1.1567	0.143619	2.91041	2.15303	0.17815	7.02419	5.1278	0.228585	21.2798	3.63709	0.296872	17.7338	4.07793	0.162159	15.2438	2.5676	0.149866	6.42862	7.08129	0.47863	18.6457	4.44234	0.225103	12.9531	4.90963	0.335708	22.1039	3.58669	0.135467	14.8244	1.94767	0.108788	8.06275	5.30455	0.84169	11.6115	
8.20933	0.175178	24.1702	4.17808	0.499589	17.7473	5.62622	0.805001	27.5812	7.18718	0.217243	19.9596	7.80316	0.708703	19.9008	1.47888	0.400604	3.11758	5.4866	0.556963	24.1292	4.03567	0.599173	8.31278	8.07014	0.475141	16.6959	6.88612	0.189951	27.1799	6.1903	0.464102	24.5679	8.30339	0.470559	23.5708	5.35342	0.922485	10.7517	7.66243	0.548754	31.6997	8.54753	0.722885	35.0471	4.97082	0.542463	11.77	3.08959	0.458399	9.93628	4.69792	0.456093	11.8534	2.0153	0.229315	4.37395	2.14326	0.525448	7.94014	5.19488	0.531648	11.7088	9.70864	0.590552	30.2008	6.00559	0.861441	24.7241	2.34434	0.237874	11.0734	


# This instance was randomly generated with the following parameters: 
# SIGMA_MIN=0.1
# SIGMA_MAX=1
# CAPACITY_OVER_DEMAND=5