4	8
166.689	533.122	27.889
74.501	553.024	27.8918
51.8925	578.314	30.574
112.749	1137.89	113.679
4.64587
4.64372
6.67707
6.28136
1.20501
6.15625
4.84398
5.55357
6.38954	1.18722	29.7553	5.9445	3.31726	25.0983	8.99703	1.54482	29.5369	7.92024	1.25466	26.1616	9.72896	3.38454	32.972	3.8795	2.99533	11.9452	5.48703	3.72232	11.1739	8.77417	2.38326	21.0507	
2.51546	3.43986	5.58398	5.44499	1.36209	23.6032	3.3847	2.00049	13.485	2.15708	1.04029	5.84194	3.93515	2.01444	17.4633	3.21955	2.28156	6.82005	5.9768	1.74995	16.4115	3.57847	1.95209	10.7944	
5.22716	2.60889	12.587	7.22889	1.78884	31.5375	1.84317	2.24701	8.00981	3.30288	2.24417	8.2255	1.46638	2.5398	6.87379	6.78899	3.77935	13.6066	8.02977	2.34244	38.7055	2.55607	2.93086	9.25618	
3.60917	1.7269	8.60157	7.13786	2.37021	28.5585	2.69118	1.30003	12.9903	1.66731	3.64383	7.47872	2.74936	2.93432	7.91931	5.37462	1.19786	26.0363	7.83353	3.00814	31.9784	3.3027	2.63914	7.32753	


# This instance was randomly generated with the following parameters: 
# SIGMA_MIN=1
# SIGMA_MAX=4
# CAPACITY_OVER_DEMAND=5