10	20
14.9712	884.214	65.7451
92.7328	1251.19	152.939
0.82589	984.996	95.1137
109.228	1130.68	123.183
15.1634	645.737	39.9959
85.208	1235.36	150.61
146.087	902.637	76.1467
82.7915	914.99	74.9725
113.678	1229.87	149.092
120.395	900.064	74.341
5.18989
4.72947
4.22506
4.42816
17.6959
13.8747
10.028
30.9798
29.0464
10.0934
0.579297
7.95764
20.2763
38.5171
32.2592
33.6346
9.43149
5.59026
26.6499
28.8598
4.96678	0.615633	22.3447	5.21689	1.2469	22.0297	7.09088	1.61704	14.3499	7.96961	1.21959	35.4634	8.18908	0.507216	38.3629	6.20304	1.49292	19.5274	5.7758	1.19406	16.977	9.23637	0.8958	44.4826	8.33145	1.81922	36.8326	1.48812	0.943289	4.77383	4.67353	1.05819	10.1011	5.72543	1.00322	27.8984	4.37009	1.39669	15.3532	4.37124	1.80067	21.3696	5.194	0.604654	18.3652	8.08379	1.63428	36.3233	6.87674	1.47893	29.6461	2.69899	1.32236	7.335	7.00473	1.44397	20.088	4.32597	0.507819	11.4987	
2.17334	1.59345	9.53236	1.58021	1.13352	7.45759	0.360942	1.38165	0.752554	7.46613	0.922104	27.4625	1.62438	1.18265	7.80853	1.21101	1.76537	4.39544	5.8899	0.62985	25.7122	2.54406	1.39142	9.54949	7.4209	1.40665	36.0283	7.1555	0.756335	34.8226	2.12128	0.568468	8.38004	4.17019	1.53047	8.95603	2.4252	0.763369	6.57459	3.84484	1.09779	15.7595	6.20194	0.672331	12.6346	5.12359	0.66735	22.2953	0.445951	1.21809	1.40811	4.11241	0.644725	12.7513	1.29073	1.36359	4.09144	2.57448	1.62677	8.82543	
3.06298	1.61135	11.172	3.33494	0.87176	11.6152	5.21045	1.3094	19.8767	7.4481	1.14519	30.943	6.34712	0.680418	25.9538	4.40473	1.88466	17.3876	5.1774	1.20537	20.4744	7.32545	0.594687	34.624	7.72019	1.14251	31.188	2.7161	1.99382	8.41848	2.79007	0.854833	7.50414	4.18915	0.892969	9.05241	2.49026	1.6361	7.45642	2.7475	1.86968	7.61062	4.81179	1.90381	18.9947	6.90498	1.85272	33.8618	4.96945	1.17999	24.6722	0.791698	1.22056	1.78496	5.21787	0.576847	18.4875	2.41347	0.595461	10.8194	
4.55021	1.08881	18.0454	3.42338	1.1099	9.76383	2.94846	1.36243	10.5016	4.6874	1.81218	18.5143	2.62248	1.60153	8.55608	2.22496	0.666312	6.85032	3.80673	1.16895	9.37648	4.6637	1.00343	18.5709	4.52957	1.7293	21.7124	7.15727	1.96613	34.9345	3.73806	1.43329	16.5466	7.0036	0.681494	23.9104	3.90034	0.50572	18.5306	6.23274	0.631579	23.5711	4.42316	1.71411	17.3225	2.0151	1.82459	5.98014	3.58208	1.39011	12.5436	5.28265	0.817944	14.6406	1.8569	0.685891	5.72408	4.46484	0.645929	12.7732	
4.93422	0.667683	20.8917	5.37777	0.534497	24.6159	7.24423	0.589702	20.6102	8.80633	0.765285	30.6363	8.40768	0.504281	41.4465	6.4808	1.65886	16.4509	6.58273	1.95495	15.5765	9.26777	0.849015	22.6916	9.1518	1.40435	35.1851	2.39287	1.8007	10.4475	4.83587	1.08311	23.8982	5.27574	1.40263	18.1048	4.54247	0.534062	22.3631	4.03035	0.721629	13.633	6.03744	1.20405	13.623	8.73956	1.35758	38.7306	6.94732	1.67802	34.1253	2.8399	1.54294	6.60765	7.29442	1.28121	35.002	4.36783	0.552909	20.5605	
2.98834	0.64292	7.74852	3.9079	1.40567	18.7857	5.519	1.08781	18.7983	9.55707	1.2945	35.5697	6.77952	0.742002	23.6419	5.19938	0.747928	19.6547	7.30779	0.837209	17.3164	7.11872	1.30306	23.981	9.78193	0.660469	30.644	4.68265	0.511078	19.7139	3.48355	1.26779	7.28189	2.46697	1.02561	6.61515	3.2965	0.519751	7.34747	1.45088	1.30489	3.65256	7.02447	0.75724	33.7876	8.58016	1.02586	35.471	5.02444	1.8886	22.5929	2.29734	1.30574	9.80441	5.96176	0.917758	15.7775	2.77431	1.09608	12.8421	
5.87549	0.793817	25.4144	5.78242	1.25877	17.4103	7.56314	1.65715	16.5329	6.68069	1.07773	16.293	8.49302	1.4638	35.4029	6.47782	1.31389	26.6584	4.66806	1.89188	17.5067	9.86161	0.973351	24.6705	7.09678	1.31785	32.1982	0.324132	1.09027	0.97983	5.28138	1.99443	22.281	7.16479	1.35684	15.9888	4.98937	1.54746	17.6578	5.7346	1.13663	24.8808	3.96447	0.507461	9.46862	7.37269	0.588767	34.4537	7.50926	0.549434	37.3866	3.61379	1.20768	9.38385	7.21277	1.70178	30.9303	5.16892	1.85486	12.6865	
5.677	1.47382	21.1219	4.65849	1.23903	10.1407	5.23938	1.90089	23.3093	2.28671	0.999897	10.674	5.35345	1.79848	16.4265	4.07051	1.31542	19.8939	1.00867	0.897013	3.97817	7.34795	1.70248	27.0939	2.39757	0.865634	9.2463	5.51683	1.09661	16.5638	4.63014	0.885453	18.1524	8.15363	1.66858	39.4014	4.59719	0.62718	20.0472	6.97648	1.88378	14.3358	1.75626	0.689987	6.0034	2.02092	0.800926	6.6623	5.69659	1.76805	26.7012	5.14394	0.68422	14.5408	4.23831	0.734622	11.899	5.23099	0.933137	16.75	
3.20607	1.94291	14.2167	4.30401	1.87546	8.69094	4.95917	1.7815	13.0872	11.1506	1.83146	51.1716	6.09371	1.18167	16.5846	5.36958	0.867446	17.821	9.07741	0.652868	18.4865	5.51896	0.982293	26.2152	11.2544	1.35207	47.346	7.59355	0.574615	16.6037	4.24271	1.53913	16.7965	0.766794	1.49166	2.44372	4.28342	1.68584	12.2936	2.2069	1.39758	5.39837	9.02304	1.64236	27.7973	9.41449	1.7363	42.9689	4.27804	0.771613	15.9193	4.51283	0.902078	18.544	5.86489	0.983654	14.5893	3.66497	1.92764	14.7358	
0.941056	1.5124	3.95822	0.198138	0.887811	0.398337	1.98368	1.72794	7.76435	7.1029	0.662392	30.4264	3.17486	1.67906	13.3117	1.4842	0.964296	3.86341	5.17168	1.96229	10.6189	4.1366	1.0218	14.7589	7.17043	1.14634	35.1327	5.562	0.542323	13.0892	0.472892	1.49703	1.12172	3.45703	1.92556	14.1757	0.772706	1.94065	3.47725	2.61948	0.696365	8.64327	5.29025	1.92976	20.9278	5.31892	1.70323	15.4985	1.76836	1.64504	6.98821	2.44317	1.53589	10.1557	2.23713	0.894221	10.5439	0.971322	0.744331	2.50363	


# This instance was randomly generated with the following parameters: 
# SIGMA_MIN=0.5
# SIGMA_MAX=2
# CAPACITY_OVER_DEMAND=3