11	22
147.599	883.878	77.8384
137.144	1011.54	86.6109
98.2482	663.309	40.1236
89.0728	386.507	14.5637
32.4375	756.951	49.6908
86.5126	753.048	51.833
93.6869	468.309	18.7637
133.868	1125.16	124.389
6.7538	815.889	61.366
84.0483	376.545	13.9404
44.8819	940.878	86.5548
18.0051
12.5214
26.1399
23.6144
19.6306
11.9628
9.65629
30.4293
8.04634
3.72361
19.21
13.2235
12.986
2.46545
14.898
10.839
4.44825
8.56206
16.8567
23.3005
10.6133
11.705
1.09246	2.12668	4.66409	3.94129	1.63889	7.98594	7.03039	2.3432	25.2621	3.15264	3.52002	14.5431	6.86562	3.74601	15.4878	6.56036	3.89358	28.9587	4.73831	1.63088	18.1433	1.57337	3.98128	3.44661	6.47147	2.97616	23.9439	6.57678	3.8857	27.0687	5.17482	3.29773	10.9125	4.32148	3.22113	16.7657	4.18516	3.29533	14.3528	4.4913	1.90133	9.39805	6.97856	2.9792	25.3046	0.620967	3.0842	3.00301	5.79347	1.23292	27.4248	6.45057	2.93976	20.9613	6.2399	3.99031	26.8075	6.88312	1.97663	15.4922	4.11828	3.8787	14.1136	3.54197	2.68985	9.25014	
9.21063	3.373	24.943	4.77073	1.23351	15.3124	2.58401	3.16291	10.3924	5.38419	2.95114	11.8881	1.71461	1.89976	8.05245	7.74361	1.03825	23.5707	6.45356	1.84448	26.4202	9.59532	2.03616	38.1204	2.26866	3.50273	10.8647	4.39746	3.8042	11.4558	5.61245	3.43981	11.4874	8.20623	3.67467	25.7535	5.27629	1.72362	15.1044	5.39724	1.99563	15.0695	6.80565	1.66398	23.3487	7.77728	2.89307	30.1201	2.69479	1.54234	13.4474	7.27532	2.65952	32.4198	5.35629	1.39419	14.3061	5.46808	2.74319	24.5425	6.07688	3.06046	28.9465	11.5136	1.39814	34.5156	
6.94373	2.62454	33.4584	2.65188	3.86918	12.5262	2.1299	2.12466	9.09463	3.16597	2.9528	7.79873	1.10468	2.10939	4.68136	6.45597	2.62057	16.8364	4.74838	3.33631	9.65568	7.33689	3.16441	15.5791	1.19521	1.99105	5.93723	3.46717	2.79718	13.7322	4.04459	1.89807	15.6064	6.33862	1.99279	23.8157	3.3455	2.41962	7.2899	3.59975	1.24549	15.1194	5.751	2.09379	20.947	5.50259	1.63156	14.4653	0.808551	3.34977	3.35981	6.01423	3.1545	17.1081	4.19839	1.2985	9.04649	4.56095	3.6876	12.4464	4.21336	3.07688	20.4467	9.27096	3.00405	37.3573	
2.31937	1.34893	10.6519	2.30659	3.01489	9.37425	6.04764	1.94845	13.6172	1.5703	2.9328	5.89599	5.63786	3.78692	20.4475	5.12487	2.35249	13.0084	4.83584	1.26667	10.8659	2.66545	3.60438	11.0244	4.92356	2.71393	24.4862	6.02421	1.63052	26.0947	4.97576	3.91868	9.9798	5.06252	1.55624	17.6112	3.77721	3.47921	14.2933	2.77915	1.06348	11.3238	7.0175	1.94384	26.3001	1.49074	2.27393	5.06184	4.60833	2.81428	18.9791	4.94584	1.33429	17.4938	5.94902	3.85415	19.2449	6.59238	2.75346	13.6426	2.45917	1.85473	5.90391	5.25979	1.8829	22.7278	
6.89569	3.0154	23.3814	5.22522	1.1914	19.6118	3.10311	3.47698	11.4241	4.98734	3.53511	22.3564	4.02386	2.42175	9.99091	9.7478	3.07976	31.8883	1.29147	3.46989	5.49027	7.37727	3.35702	18.2117	5.48511	3.24731	14.0394	1.40902	2.56117	4.39587	0.640605	2.63837	2.198	3.03917	2.68503	6.66409	1.8533	2.24588	5.84751	6.60774	1.93525	31.9169	1.56306	2.07381	5.43932	5.21301	2.79848	20.7988	3.49362	3.16967	16.5567	9.38846	2.60476	22.8012	0.51129	1.62225	2.49007	1.09595	2.01642	3.76674	6.90918	1.74608	23.331	7.61219	2.77862	35.6686	
9.79654	3.19618	46.0523	5.22637	3.05688	17.4299	3.61921	1.30023	9.66764	5.91854	1.0041	16.3709	2.68515	1.61873	11.6981	7.59719	1.97686	34.9803	7.43836	2.66451	30.8109	10.1539	3.74555	42.6876	2.58789	1.23407	8.13814	5.4325	2.67668	12.1583	6.61266	2.00728	22.9761	9.1644	3.7319	39.4637	6.20247	2.13788	15.6432	5.61274	3.49247	13.4793	7.84137	2.13864	17.1247	8.45546	2.46233	24.7044	3.57159	1.66204	14.1887	7.12895	1.52906	28.3847	6.3881	2.50976	22.8469	6.50357	1.40572	26.8866	6.30542	3.18392	25.1148	12.2697	2.50598	47.1517	
4.80459	1.44037	23.3542	0.223875	2.69358	0.504783	4.24642	2.44199	16.8902	0.939727	1.2921	2.91973	3.49747	3.25942	7.9255	4.66261	3.12123	10.7594	4.90046	2.12778	18.2583	5.14036	2.80754	12.8041	2.44473	1.5582	7.38499	4.9007	1.06238	12.0529	4.58	3.50211	11.3434	5.93628	3.12297	19.6003	3.40284	3.39628	10.28	1.52041	2.62856	5.87453	6.65866	3.32757	32.9793	3.65907	3.25579	13.893	2.64075	3.02579	10.3953	4.29281	1.0916	18.8698	5.23872	3.09791	22.149	5.79611	3.69474	23.3828	1.95093	2.31272	8.31176	7.57375	3.9683	30.2334	
3.80355	2.32275	17.0286	2.00157	2.36893	9.63596	4.25593	1.12381	12.77	1.40706	3.5737	6.73786	4.06507	1.99749	9.06403	6.25078	3.99589	30.1193	3.18291	2.06246	15.4439	4.24709	1.11334	19.3188	3.95396	2.2249	15.1207	4.10137	2.39613	17.5998	3.1431	2.9115	15.7003	3.95897	2.22056	12.1378	1.90676	1.12001	6.88573	3.2487	1.18306	9.78449	5.23838	3.81394	13.0018	2.21824	2.64853	9.75142	2.99052	2.37932	10.1854	5.95534	2.64235	25.897	4.0617	3.34477	16.2378	4.69794	2.82818	13.292	3.34656	2.13278	16.6044	5.95635	3.76174	17.8092	
6.12568	1.77349	13.9785	2.52282	2.11498	8.66614	6.13169	1.42626	24.552	3.13964	2.66583	10.5284	5.05435	2.24095	12.3279	2.47197	2.51888	6.27808	7.48032	1.81986	33.2452	6.29585	3.38174	14.2005	3.15721	1.559	13.0871	7.21083	1.08178	30.7575	7.12442	3.26854	19.4993	8.46124	2.87324	21.9464	5.97509	2.0865	23.7545	1.33997	1.43079	2.92042	9.16825	3.30146	44.9949	5.57145	1.82914	19.2998	4.60835	2.50777	22.6364	2.01743	1.3322	7.57067	7.69297	3.49542	34.7271	8.20216	1.70927	29.6217	1.72735	2.02151	6.07157	9.31895	3.93444	42.4921	
6.06283	2.78145	14.3808	3.23987	3.04625	14.1257	7.14539	3.29982	26.1412	3.70056	1.71628	13.1429	6.08991	3.44005	25.3824	1.42931	1.06005	5.43525	8.20688	1.31133	40.6579	6.15445	3.10712	25.2807	4.20633	3.20981	10.6394	8.14631	3.68431	36.2583	7.92958	3.97393	30.681	9.02901	1.6078	34.1679	6.73798	3.23132	19.6498	1.87159	3.25005	4.45889	10.008	2.71041	40.9731	5.80253	1.72164	19.3945	5.59605	1.22547	12.7856	0.988629	3.03934	3.94099	8.56926	1.40617	31.8702	9.10406	1.55648	41.3201	1.87035	2.77773	5.49414	9.35044	3.43432	29.9589	
5.40185	3.35822	17.8788	5.22639	3.67037	12.727	9.64015	1.60901	37.6603	5.23691	2.5874	26.0882	8.74274	1.41202	20.0065	2.12138	1.96613	6.60415	9.60677	3.25373	39.3806	5.24288	2.39747	14.0519	7.04972	3.19168	18.7915	10.2649	2.37355	24.0791	9.59857	3.68605	31.5458	9.88325	1.51725	22.97	8.35462	3.43729	32.8555	4.0409	3.87675	14.8298	11.7015	1.39701	51.4598	6.03403	2.84886	26.2348	8.03018	1.28896	20.6942	2.47779	2.94876	7.87709	10.4501	1.50357	24.4469	11.0587	2.63993	24.7319	3.47638	1.32258	9.4232	8.58593	3.15895	32.4003	


# This instance was randomly generated with the following parameters: 
# SIGMA_MIN=1
# SIGMA_MAX=4
# CAPACITY_OVER_DEMAND=2