9	18
30.6129	837.369	61.0129
30.3491	1324.9	159.916
91.6878	1188.44	135.289
8.76155	755.419	51.0654
4.93504	533.795	24.0083
2.67638	921.875	81.6869
48.827	1278.97	137.164
164.791	874.858	71.5246
67.8208	698.256	46.4815
6.18743
3.29611
6.86633
3.3883
7.36628
8.8899
1.25933
4.33979
4.53476
8.30215
6.18247
1.07191
2.26268
0.961775
2.22373
1.45092
7.55143
0.679579
8.37851	3.67613	22.7833	3.22028	3.58592	7.34788	6.26088	3.99288	13.6804	8.80977	2.2613	21.9197	9.15889	1.12198	24.6517	8.15645	3.17138	17.9703	7.57056	1.18632	15.3858	2.76931	2.74986	12.6612	6.35663	3.83156	14.6232	2.9967	3.1553	14.3289	2.57789	2.10503	10.0465	4.90344	3.15255	15.5708	6.85622	3.64896	30.931	6.1402	1.78322	13.2493	4.22831	1.88456	15.8284	4.6273	2.3525	11.5154	2.41512	3.7209	6.222	7.41111	3.1388	27.3286	
8.4692	3.5909	31.3468	3.55544	3.66095	8.6886	5.36485	1.15283	22.1883	8.28206	2.39912	24.9874	9.06351	2.5379	40.5946	7.8938	2.77042	16.2963	7.0991	1.57086	15.4674	0.828757	3.5398	3.87512	6.90293	1.7721	30.9307	4.41407	2.36537	18.3698	1.04989	1.53277	4.26244	4.5831	2.91259	13.262	8.2946	3.07871	25.045	4.90878	1.29011	12.8886	5.84785	1.23296	22.9505	2.69899	3.16728	12.4908	3.85964	1.11657	9.67897	6.64743	1.60396	19.2328	
1.06909	3.34462	4.76003	4.87957	1.75798	22.6451	3.53085	2.26325	15.6476	1.74621	1.53413	4.99523	1.12376	2.09034	5.19971	0.496789	2.85715	1.14221	1.47951	3.33006	5.35981	7.9187	1.24198	16.5928	2.94784	2.87047	6.69116	6.3944	2.75144	27.429	7.03569	3.14937	34.6254	3.35987	2.45942	11.9751	6.82447	1.81544	32.179	4.72478	2.80541	12.8447	7.06084	1.01223	14.7913	8.93495	3.78019	41.2739	6.61394	3.56528	14.6807	2.65632	2.68541	6.57959	
1.63123	3.5528	7.49788	4.68116	3.35402	23.1289	5.25254	1.77335	11.0475	4.22774	3.47379	20.9463	2.69427	3.81591	13.2647	2.97261	3.70406	12.9344	3.71572	2.51079	17.0223	8.43099	1.14892	17.1135	1.40004	3.9487	3.08526	5.30823	2.39291	23.77	7.51343	1.76283	22.4453	4.09845	1.50839	13.2096	4.55786	2.85481	13.2735	6.40907	2.55041	20.0625	5.46789	3.82682	13.2236	9.8493	3.46395	44.5409	5.71364	1.7152	24.6629	4.81806	3.59552	23.7789	
4.7048	3.3226	22.2709	7.06665	2.00407	28.6095	8.54088	1.58864	27.8939	7.42196	2.96179	37.0383	5.55069	1.00808	20.2306	6.21759	1.05097	23.0096	7.04771	1.70794	27.1043	10.9639	2.76179	47.9881	3.99032	3.0535	11.0797	6.63685	1.36293	25.493	10.0804	3.45332	39.4338	7.13832	2.09309	20.9754	3.61896	1.03497	11.9558	9.6618	3.16341	37.6798	5.96953	2.47066	22.5749	12.6095	1.5484	58.6254	7.1933	2.1777	31.692	8.1612	2.64413	26.7891	
5.46101	1.3445	16.661	3.63725	3.05584	15.7865	1.07996	3.62229	4.41528	4.1778	3.5586	11.049	5.59811	1.88606	18.0315	4.28039	2.33976	17.8479	3.23206	1.16888	10.3967	4.10292	3.81018	9.8223	5.31575	1.00619	17.0276	5.87376	2.81468	14.4325	3.45236	1.72928	15.9192	2.23795	3.70026	10.8649	8.61483	2.98031	17.6766	0.568265	3.29253	1.17089	7.26589	3.37471	18.2842	4.56095	2.27289	17.6424	5.66531	1.03312	17.3903	2.36795	3.34569	5.77494	
5.99571	2.8857	20.5653	3.51488	3.33558	14.2898	6.90625	1.7111	23.9665	7.84331	1.14878	19.9548	7.05957	3.67086	17.3937	6.6934	3.77618	13.5091	6.78069	3.71276	15.2257	6.84058	3.58938	33.5341	3.46603	2.95619	9.41053	1.80735	3.33446	7.4225	6.11427	2.68919	22.3788	4.94637	1.19559	22.5486	2.09572	3.3157	9.01493	7.5919	3.26902	34.9339	0.894154	2.69677	3.18765	8.72277	3.5102	40.8968	2.38404	1.04732	9.92361	7.375	3.64239	30.8384	
1.18658	3.28184	3.74309	6.18244	2.87656	14.0334	5.65551	3.29271	18.0605	3.54761	2.8077	11.7401	1.50356	3.72635	3.50889	2.56926	1.93575	6.47964	3.63075	2.92329	15.4053	9.67576	3.04699	40.8809	3.18172	2.31986	15.127	7.11465	1.81395	22.7452	8.76468	3.23585	19.0589	5.11334	2.52133	20.7995	6.28395	3.07554	19.421	6.855	1.07464	26.365	7.34432	3.5627	20.0305	10.8771	3.85065	41.6919	7.48046	2.02669	17.6405	4.80359	1.67016	18.4106	
9.20809	1.82293	18.564	5.62435	3.64114	21.26	9.38454	1.14107	36.6786	10.8645	3.35601	23.8562	10.259	3.68683	29.0367	9.78685	1.79738	39.2738	9.72026	1.59708	30.6741	7.50998	3.55549	26.9324	6.67457	3.84656	15.5348	3.39755	3.79167	16.2713	7.10731	3.56035	31.2739	7.47595	3.27833	34.8693	4.23844	3.1605	19.1968	9.78422	1.82113	27.3786	2.42726	2.02547	5.06957	9.40107	2.52869	40.3588	3.55264	1.47164	9.54037	10.1197	2.12294	44.3693	


# This instance was randomly generated with the following parameters: 
# SIGMA_MIN=1
# SIGMA_MAX=4
# CAPACITY_OVER_DEMAND=10