6	12
92.9059	538.778	26.4257
110.978	876.63	65.4259
72.9314	668.822	42.2296
11.0473	1148.7	112.335
5.8175	1137.85	120.63
32.6508	1142.26	125.478
16.2221
0.0448758
15.5989
6.83001
21.0369
22.1204
17.7203
6.45392
12.0673
20.4887
16.7585
8.83292
6.23874	0.560955	19.7946	3.22947	0.310224	7.24367	4.43568	0.107392	17.0834	5.12756	0.512156	20.3664	6.69938	0.345123	13.5065	3.95086	0.590533	10.9731	5.13168	0.669551	13.582	3.15133	0.271345	7.5011	3.37837	0.742534	8.42687	0.379035	0.604212	1.61315	1.52055	0.887289	5.01763	5.93997	0.186175	19.1143	
10.1505	0.1008	30.6217	6.05813	0.214048	27.4215	3.41483	0.505012	9.67324	10.7594	0.815773	26.2617	7.17657	0.317463	24.626	2.90573	0.761318	10.0503	2.52894	0.624618	12.564	7.90528	0.632248	27.4591	5.22459	0.387421	23.6543	6.78598	0.370979	26.7035	6.42383	0.791834	28.1729	8.41399	0.473628	32.4789	
8.9341	0.965294	32.0274	4.0666	0.591574	14.7322	2.56965	0.529755	10.1833	9.09849	0.610735	44.2569	6.76873	0.236756	18.7192	1.35745	0.421186	5.0732	1.2231	0.654508	4.60106	5.84031	0.931446	24.8859	3.93571	0.964028	15.3545	4.72029	0.185626	18.3131	4.62	0.326565	19.0501	7.49252	0.811048	25.0129	
4.4039	0.738317	12.6361	5.89291	0.778584	27.1277	6.16563	0.535424	22.7623	2.44305	0.711308	12.0146	6.65081	0.971369	14.7714	6.19852	0.356549	23.2611	7.83936	0.391584	19.4736	5.13348	0.113619	10.9024	4.46292	0.772753	14.9766	3.03007	0.27394	11.2738	2.69076	0.995342	12.6207	5.07415	0.881852	24.5456	
8.01018	0.74087	19.8537	9.0338	0.707534	27.4815	3.60681	0.139254	17.1859	9.77283	0.892805	29.0029	3.88802	0.985716	18.8735	4.71006	0.960062	13.8852	6.47442	0.514453	26.7734	10.4044	0.964514	30.8916	4.73413	0.555299	19.509	8.18888	0.133189	24.7927	6.77124	0.47543	22.3966	5.89318	0.489546	27.7238	
3.86493	0.612316	13.5495	6.66687	0.544419	31.138	2.87186	0.996988	8.95969	4.976	0.870559	16.6663	2.57825	0.165417	5.62042	3.81942	0.447687	15.0978	6.28976	0.689269	19.2835	7.21758	0.611644	27.0966	1.28201	0.507375	4.51833	4.48539	0.738472	14.3383	2.61631	0.309603	10.7556	2.34454	0.238247	5.47837	


# This instance was randomly generated with the following parameters: 
# SIGMA_MIN=0.1
# SIGMA_MAX=1
# CAPACITY_OVER_DEMAND=3