12	24
119.511	1243.64	128.963
124.198	1057.87	96.0805
0.145504	436.966	17.2808
28.9384	613.057	34.5148
154.557	1326.55	157.277
67.3624	863.619	63.4615
109.192	695.838	41.7347
43.54	970.811	80.4958
16.5904	1183.84	121.614
136.404	1260.42	147.465
11.9829	945.398	79.3264
63.3239	1259.75	151.713
10.8154
22.5999
36.6159
8.79698
3.13878
13.9285
19.863
22.6578
19.1326
21.2081
34.75
33.6487
47.6397
48.9017
47.6543
45.3679
22.5835
3.26513
44.1425
20.1149
0.8101
21.8242
9.64071
0.863471
10.0492	0.793747	21.1469	1.18928	0.6289	2.4842	5.24746	1.76088	24.5988	3.48605	0.521468	9.17358	3.04236	1.89301	6.17784	1.91579	1.51318	8.29764	9.50209	1.76449	25.6078	2.93662	0.649603	6.14494	6.92323	1.1037	13.9059	4.47851	1.05463	11.876	5.82207	1.98807	16.0336	0.77372	0.873828	3.3727	1.99125	1.02659	8.24556	5.26168	1.14229	14.0978	8.20577	1.15267	35.7173	10.8914	1.62637	48.0059	5.29544	1.48144	20.5552	3.69499	0.583539	12.9821	5.81823	0.841931	18.1912	6.53279	0.803715	21.596	3.22861	1.655	10.9741	4.87286	1.85288	22.3378	0.979398	1.93768	3.44412	3.71872	1.00766	13.6038	
3.1802	0.589724	9.58381	8.61912	1.00082	21.5495	9.11054	1.50491	43.9218	6.87828	0.689907	17.1693	7.11294	1.63317	33.3984	8.02091	1.82055	33.3663	1.25213	1.08122	5.5106	5.75219	0.968293	20.5068	7.72064	1.19303	22.9104	4.2171	0.662667	17.6389	5.39188	1.81781	11.2028	9.10791	1.08095	26.0335	9.13725	1.81536	21.5101	3.9036	1.02106	12.158	1.50185	1.21721	6.11578	4.79964	1.5388	15.4533	9.16786	0.755626	43.8558	5.25454	1.40758	15.1214	9.27113	0.658338	33.466	9.17432	1.45211	21.8107	5.42683	0.596018	16.9634	8.26647	1.4503	34.8533	8.51645	0.524982	23.8378	8.84235	1.11858	34.9228	
6.74596	1.151	25.5392	8.66121	0.592142	24.7141	11.4214	0.501952	33.2653	6.13391	0.968143	18.2425	6.5407	1.46171	15.9326	7.79931	1.48035	23.4781	4.51932	1.96946	17.7178	7.13657	1.47942	16.6724	10.679	1.57653	31.8892	4.63838	0.930153	23.043	8.21198	0.913491	40.299	9.74367	1.4458	39.3338	8.86675	0.737096	26.9449	3.74888	1.74267	11.7215	5.10113	0.613051	11.0442	8.38727	1.07489	20.5156	11.4838	1.69472	51.7442	5.28038	0.59324	18.6607	11.7239	1.30113	32.8651	11.841	1.78193	59.1178	6.86371	1.78263	32.0276	10.5855	0.657131	50.415	9.43677	1.85119	45.15	10.7099	1.65415	50.6869	
4.30194	0.955215	10.9261	6.74687	0.785166	22.2284	7.68558	1.70812	35.2519	5.16946	0.571478	16.1092	5.35438	1.1205	11.7885	6.18036	1.4193	27.1241	3.02362	1.84837	13.1488	3.93021	0.617229	16.4113	6.75021	1.77154	31.5381	2.40922	0.553966	10.5328	4.2863	1.58607	15.601	7.23229	1.58791	17.2875	7.2887	1.90325	16.0443	2.32856	0.563877	8.27385	2.16059	0.616556	8.29844	5.72047	1.92946	21.1682	7.74617	1.38303	18.1986	3.4564	1.09136	16.286	7.92793	0.827987	30.4227	7.97006	1.61171	38.9396	3.60776	0.710543	7.78237	6.83705	0.684718	33.9454	6.66151	1.29347	21.045	7.21452	1.86932	23.5746	
0.861453	0.637618	3.89151	10.3404	1.56686	25.9032	8.26966	0.667989	40.8876	9.41074	1.22863	31.9674	9.50096	1.15742	19.8851	10.0308	0.524334	38.0833	2.95589	1.71334	13.8069	6.81743	1.66754	16.7424	6.00265	0.877395	20.1127	6.6312	1.93354	30.3431	4.55092	0.834464	18.518	10.2388	1.00159	29.7512	11.0452	1.4343	38.2585	6.77085	0.613113	15.4814	2.37335	1.07598	8.67408	1.26549	1.50662	3.90676	8.3115	1.60462	31.8547	7.61478	1.58243	29.8789	8.19509	1.0175	33.2688	7.76953	1.22828	34.7749	6.54	1.13917	26.3185	7.5449	0.984288	29.0418	9.45523	0.579164	23.8475	8.65165	1.12887	39.1722	
1.3293	1.06428	2.70247	9.22874	0.635633	25.616	8.01022	1.40592	21.9132	8.09902	1.21409	27.0591	8.21933	1.95771	20.4607	8.84117	1.07162	24.6569	1.95352	1.48605	5.91253	5.81962	1.85614	18.9788	6.09079	1.44518	19.5264	5.30476	1.7814	15.6664	4.14779	1.65629	8.98868	9.29608	1.07495	23.4899	9.89165	0.651564	21.0576	5.38012	1.57799	23.6081	0.950741	1.33566	2.38149	2.66748	1.36782	6.28622	8.05954	0.730126	20.3633	6.3156	1.0738	27.272	8.03587	1.83318	31.6858	7.75015	1.34333	22.4579	5.51817	0.549338	17.1848	7.21786	0.507195	20.5877	8.56018	1.22455	17.5548	8.13713	0.518771	31.3748	
11.0653	0.655093	46.4952	0.54025	0.867068	1.75529	6.8633	0.617143	15.1786	2.90009	0.565744	5.99165	2.45233	1.73003	5.72215	1.15469	0.609145	4.79845	10.2281	0.558593	33.881	4.13461	0.923358	17.1403	8.51863	0.856977	17.2766	4.87962	1.93357	15.8736	7.24522	1.96794	19.6498	1.95118	1.0062	7.01404	0.380654	1.77668	1.51872	5.46235	0.666332	22.2832	9.08914	1.16449	22.8904	12.0569	0.92118	45.8529	6.90991	0.827681	21.9102	3.89347	1.77736	13.57	7.43658	1.53931	34.4819	8.15897	0.966989	18.08	4.36783	1.37198	16.2357	6.50002	1.2552	14.5128	2.57157	1.01278	9.3123	5.32215	1.55668	15.876	
7.29752	1.08434	36.4257	3.27092	1.02937	9.50602	5.17732	1.34236	14.4045	3.16141	1.6579	9.93441	2.99291	0.713216	14.0556	3.05444	0.697211	9.12376	6.69208	0.886479	32.7248	0.648621	1.91313	1.88422	5.67121	1.02889	22.9787	2.08828	1.72575	7.35961	3.76558	1.54276	15.8187	3.45912	1.78176	10.4842	3.99372	1.67171	13.1556	3.01595	0.873297	7.3425	5.3991	1.27722	26.8873	8.26112	1.59387	25.2789	5.23962	1.65364	18.437	1.90006	0.715624	7.93554	5.62519	1.58811	18.7551	6.04667	1.67464	13.9935	0.670949	1.08247	2.48067	4.44754	0.759609	11.599	2.892	1.01087	7.99728	4.12619	0.56919	15.0834	
4.53819	1.56958	20.043	8.06162	1.6174	24.6064	9.53085	1.14146	45.8338	6.01173	1.2879	19.0226	6.30783	1.12183	18.6159	7.35723	1.13219	24.8088	2.48432	1.81765	9.3049	5.65993	0.616943	19.6952	8.48146	1.89407	33.7058	3.61306	1.12328	15.9767	6.04647	0.657791	22.2147	8.78309	1.34133	42.5106	8.48074	0.961973	41.7357	3.0444	1.41042	10.7105	2.73254	1.59805	6.08298	6.15637	1.68421	29.3705	9.59128	1.01603	45.7258	4.57297	1.63902	9.35447	9.76528	1.95606	29.5478	9.7806	1.68256	47.751	5.34682	0.937563	11.1963	8.682	0.678993	42.8842	8.29511	0.70061	32.5224	9.04361	1.3229	30.1414	
4.8812	1.26811	13.7434	6.85139	1.31572	15.4778	4.13454	1.03873	10.1188	6.91175	0.759028	33.8628	6.80684	1.01803	29.9743	6.84469	0.971283	32.936	5.54825	0.81293	24.0918	3.32115	0.874995	11.7575	2.63821	1.68848	7.39332	4.70676	1.82863	12.662	0.272495	1.09377	1.32196	6.32436	1.51341	16.3382	7.65854	0.875299	29.1534	5.40459	1.6976	18.5872	3.95632	1.31595	16.8967	5.20012	1.17002	24.0728	4.1847	0.608032	13.2497	5.2851	1.5114	12.295	4.19074	1.95364	16.5692	4.01794	1.75014	15.9517	3.176	1.1571	14.7833	3.34213	0.715522	11.8374	5.47986	1.36905	12.1028	4.36772	1.48008	14.1418	
4.79636	1.40308	20.375	6.35589	1.41683	31.1046	7.69196	0.515667	17.3968	4.69273	1.73085	17.9869	4.8903	0.591786	10.8113	5.75555	1.47916	28.3339	3.45622	1.08019	11.7182	3.71995	1.73057	13.6429	6.92917	1.9404	22.8081	1.95905	1.80348	7.57318	4.4589	1.44911	19.9934	6.92244	1.22011	22.5409	6.87043	1.81839	20.5325	1.83411	1.76447	5.96846	2.65506	1.74861	9.15856	6.21001	0.823467	13.5009	7.75356	1.22713	19.6236	3.00407	0.671177	14.2976	7.96702	1.36427	33.9943	8.06169	1.26851	25.3543	3.4054	0.606223	12.2	6.84792	1.25501	24.4407	6.39089	0.960684	20.5055	7.12335	1.16965	18.0634	
9.28863	1.79014	20.1957	2.23457	1.29433	7.77689	7.43401	0.909255	35.2178	0.602881	1.22605	1.31399	0.292991	1.4108	0.720073	1.32338	1.05576	4.76176	8.12838	1.58568	28.4876	3.31059	1.88023	7.83615	8.32973	1.18371	26.6225	2.7236	1.07187	10.2312	6.45334	1.56665	29.1378	3.64412	1.62436	8.45168	2.39709	0.531753	7.8122	3.10225	0.855935	15.1392	7.19499	0.540434	17.2105	10.4885	0.617629	37.5448	7.4921	1.79999	26.406	1.67716	0.621119	7.67839	7.95159	1.36148	16.0394	8.50074	1.88621	39.6024	3.36809	1.7769	7.00614	6.82658	0.972165	19.2846	3.71521	1.02723	12.437	6.08795	1.23167	24.3012	


# This instance was randomly generated with the following parameters: 
# SIGMA_MIN=0.5
# SIGMA_MAX=2
# CAPACITY_OVER_DEMAND=2