8	16
168.238	923.232	75.9099
37.0091	1156.79	133.309
13.8411	1252.84	134.474
132.529	1023.73	99.521
149.025	394.175	14.1791
179.193	1066.94	104.214
140.444	1147.97	111.876
117.751	401.359	13.9164
1.07903
9.92873
8.78327
11.0665
14.9975
13.6304
0.00160868
11.4694
5.0774
12.3823
12.9018
1.4534
8.18199
8.60033
4.75169
13.1747
8.82011	1.45163	41.3244	9.57702	1.38565	34.2812	5.18586	3.64026	14.0214	4.46371	2.79163	16.2872	6.60957	1.12971	24.8353	4.62855	3.69829	14.989	5.9221	3.89065	15.1525	8.32692	2.78656	18.5023	7.48593	1.12606	36.2687	9.11425	2.60016	24.502	1.99676	3.11887	7.88096	2.22494	1.50099	7.91961	7.57112	3.26203	21.1612	9.71485	2.08004	37.5499	9.15594	1.66566	34.8483	5.77282	1.65165	23.3645	
3.91313	2.91775	17.3142	7.13054	2.68672	27.7293	0.812482	1.87168	2.1529	7.16654	3.89181	24.3958	2.2856	3.96947	5.18932	1.11261	3.4051	3.46784	6.88842	3.82545	25.0777	3.3073	2.1133	8.68458	8.09019	3.64968	18.9191	6.66767	1.3147	26.9002	3.69869	1.523	15.5585	3.36308	1.77973	9.33676	9.48798	2.2156	29.9932	8.55771	1.16067	40.6139	7.00174	2.25853	25.2765	0.937594	2.28373	4.42366	
7.99499	1.84695	23.1269	7.78708	1.27081	34.3165	4.8801	3.47954	18.1695	2.41573	1.89151	7.88235	5.79384	1.77498	20.9575	4.38217	2.54712	19.1632	3.76546	1.8256	17.2841	7.61008	1.76594	19.329	5.32497	3.53154	19.4129	7.35112	2.89042	26.3381	3.16818	1.79268	10.8826	3.13653	3.59526	10.4373	5.49533	2.71368	18.6905	7.66634	3.87256	31.2479	7.31894	3.25794	23.5845	5.38163	2.49484	18.1346	
4.60085	2.94362	12.5853	4.10612	3.00557	17.3998	3.25691	2.91915	10.1487	4.17242	2.13881	10.0713	2.77759	3.68332	7.3774	3.19072	1.09441	14.7481	3.05481	1.93625	14.1939	4.41151	3.33873	12.6077	4.05378	2.60472	16.453	3.6318	3.28245	12.59	4.98712	3.4476	24.0672	4.67128	2.26712	20.3666	5.67725	3.66045	11.878	4.78289	2.10875	19.0599	3.73538	2.98682	8.85972	3.33695	1.35513	15.6966	
6.33661	3.83325	19.3994	7.40921	2.26825	25.1382	2.82286	3.12732	5.83176	4.29548	1.15774	15.1486	4.11843	1.18069	17.339	2.2823	1.44153	7.52654	4.8234	3.80083	22.1424	5.86033	1.35469	15.3	6.33386	2.61269	18.6354	6.92942	3.66422	31.5646	1.71039	3.64766	4.30066	1.4468	2.65819	5.89784	7.11599	2.13947	25.0032	7.94953	1.78028	39.2769	7.0504	2.23721	34.4446	3.38225	3.62555	15.449	
8.76608	2.32096	22.7547	5.09162	1.8456	24.0533	8.02326	1.11862	35.8134	3.73072	1.47186	15.1114	7.45589	3.69438	16.7244	7.86208	2.57041	19.2722	2.16244	3.28534	4.8528	8.79183	2.88767	30.5641	0.7558	2.3426	2.47717	4.97815	2.97612	15.158	8.58591	1.13512	32.158	8.39739	2.15513	31.5252	1.69665	2.52602	5.46275	3.30054	1.41521	9.52345	4.55979	1.15576	20.0078	8.14337	1.1453	35.1509	
7.7657	2.33383	21.6725	6.7013	3.93734	21.9546	5.24399	1.38535	22.9417	1.2232	2.50753	2.88392	5.69421	1.42769	13.5844	4.84228	1.21474	13.0892	2.28409	1.25448	11.2049	7.48204	2.73573	27.7427	3.83164	3.76329	17.9371	6.30254	2.04708	29.9093	4.45635	1.79062	13.77	4.34395	3.0694	9.78635	4.09542	1.95208	16.8924	6.30624	2.49792	18.722	6.19412	3.66132	22.223	5.63813	3.047	21.7982	
8.18471	2.12136	33.9826	4.70766	3.53979	13.2749	7.39764	2.35198	22.1745	3.42291	2.82384	10.9654	6.83597	2.84398	23.0538	7.24136	2.68037	28.8821	1.62793	3.42416	4.17314	8.19472	3.0371	36.1268	0.140616	1.60028	0.611821	4.54807	2.63396	11.7692	8.04192	3.52401	31.1098	7.84184	1.95245	21.0524	2.01737	3.83174	5.41029	3.14163	3.32372	10.0607	4.16101	3.03605	16.2495	7.5159	3.50871	17.8688	


# This instance was randomly generated with the following parameters: 
# SIGMA_MIN=1
# SIGMA_MAX=4
# CAPACITY_OVER_DEMAND=5