11	22
145.277	680.5	39.5921
179.968	1228.34	125.061
90.9706	1087.05	114.576
177.114	920.579	71.1243
141.217	386.94	13.7447
93.3365	361.835	11.6878
146.44	1034.37	104.883
159.663	971.225	86.9424
105.537	1307.94	143.858
122.495	389.166	13.8829
67.3809	1021.26	100.176
8.9742
23.7897
14.7813
7.70608
3.34652
25.4834
21.9726
3.53612
12.0038
11.7978
1.23533
3.06822
19.6394
14.6232
10.2037
19.2152
9.57574
21.5353
10.505
9.67314
22.2282
0.28218
3.36495	1.49686	13.8985	5.30162	1.93141	10.9062	4.30507	1.82769	17.9519	8.25887	1.48741	35.1174	9.00451	0.675258	27.9322	9.94518	1.53075	33.3445	10.5315	1.81455	49.104	7.5576	0.730804	22.9102	5.00924	0.812694	23.3539	6.05054	0.611176	14.6173	8.63641	1.06938	29.5248	4.16542	1.39163	11.66	10.1822	1.9214	26.1995	10.0487	1.73239	47.6756	10.3798	0.652622	22.2047	7.38858	1.65075	31.8077	2.15954	0.769813	8.03296	9.06847	1.8651	36.2636	6.5451	1.18094	23.5971	6.74189	1.60461	23.747	2.7524	1.10447	10.2802	8.1659	1.55124	27.5554	
2.73224	1.98275	11.2435	2.14546	1.10629	6.09098	6.19341	0.933854	13.6962	3.02322	1.36229	13.4221	8.30392	1.08467	30.2431	5.33746	0.799646	21.8562	4.88073	1.25904	12.2155	2.33331	1.97783	8.4533	1.42862	1.63558	3.96398	2.71414	1.18182	6.67128	5.99583	1.05727	14.5178	5.33048	0.912136	19.3867	4.42134	0.629666	10.7546	6.3785	0.540584	22.4431	4.50335	1.31993	15.257	3.10633	1.85424	8.46164	4.36748	1.3964	14.6383	3.0555	1.53326	8.91526	3.43903	0.996326	13.9048	1.28689	1.01359	3.99615	6.09833	1.77017	16.052	2.07776	0.90299	10.1142	
5.45177	0.728161	13.9339	4.37131	1.87199	9.35931	1.98529	1.50911	6.02263	9.53064	1.40235	21.5674	2.81036	1.34896	10.9373	6.19742	1.38807	22.982	8.04183	1.18627	37.7444	5.80594	1.34053	28.6016	6.79347	1.79354	26.9677	8.65298	1.55993	42.1821	3.53333	0.637762	8.11561	2.07661	1.34364	5.05689	8.01194	1.7343	32.2361	5.31116	0.514861	12.5293	8.42058	1.88495	19.2581	9.505	1.55342	19.0475	4.55601	1.6105	9.86844	7.90582	1.30858	36.1423	9.42613	0.549519	36.6464	5.90785	0.626525	12.6659	3.56938	0.9154	14.4128	7.84051	1.54024	35.6921	
4.02463	1.11345	13.5235	4.93863	0.846506	20.8433	8.3493	0.563707	33.5357	2.17151	1.31182	9.36766	11.2217	1.11965	27.606	8.19095	1.92309	36.5232	7.16822	1.82628	34.9081	5.24769	1.35194	20.9888	2.35609	1.81487	9.83016	0.539372	1.62017	2.2206	9.03747	0.826016	39.731	7.56292	1.35059	23.6808	6.63434	1.34806	19.9122	9.37871	0.704462	39.5921	6.53049	0.647236	22.4734	0.924097	1.29723	3.67905	5.71445	1.9933	26.8449	5.02553	0.93609	18.4492	0.429491	0.77857	1.53587	4.27759	1.15593	12.5622	7.72719	1.0445	22.7394	3.79461	0.734695	14.9401	
4.1379	1.7767	11.9015	2.84531	1.34562	7.6093	7.0413	1.45606	21.1519	2.948	1.10254	14.3313	8.30088	0.943981	34.3082	4.301	1.03812	13.0212	3.45446	1.83476	9.18269	1.51953	1.32302	6.04063	2.87933	0.894542	7.96528	3.7376	1.27836	12.6699	5.64367	1.84983	23.6715	6.17336	1.76228	15.9559	2.97027	1.79514	12.3997	5.61495	1.17476	11.6485	3.02619	0.507357	14.0186	3.61232	1.26157	17.3179	5.65645	0.580913	11.482	1.58019	0.715528	4.89775	4.33392	1.78439	9.78669	1.07631	1.21268	4.77151	7.21285	1.67577	33.0159	0.876978	1.95049	2.76265	
6.58128	1.75385	16.9443	5.18868	0.609948	23.5712	9.30687	1.67927	37.7094	3.4297	1.42606	15.2232	9.71517	0.881181	44.7441	4.39594	0.967366	13.1257	2.32171	0.648778	6.58519	3.13601	1.15734	11.401	5.13896	1.60135	16.9682	5.38484	1.16917	20.5073	6.77935	1.57526	32.7839	8.453	1.12592	16.984	1.81971	0.874829	8.80556	6.07757	1.751	15.2012	1.47666	0.674695	5.26358	4.64894	1.85369	14.9173	8.11563	1.22058	39.7409	1.03565	1.60844	2.5677	5.73078	1.13224	23.7694	3.403	1.04682	13.1385	9.62031	1.81356	43.5778	1.81633	1.37918	6.76962	
5.54109	1.01547	14.957	3.77361	0.534422	14.3289	3.44859	1.11828	16.1239	8.68771	0.520539	38.6341	2.51356	1.84911	5.16957	4.42579	1.02795	13.6268	6.39788	1.42706	29.8273	4.52592	0.502237	17.4509	6.43852	1.67084	17.3516	8.26838	1.70384	27.7218	1.75213	1.40392	5.0733	3.10999	0.528707	14.7231	6.42947	1.3224	20.7312	3.51718	1.91729	8.78395	6.86079	1.66336	33.7398	8.89868	1.40538	38.1754	5.21003	0.529332	19.2599	6.55725	1.69647	21.9555	9.046	1.83104	20.4146	4.90155	0.533205	10.6693	4.85947	1.17948	13.5169	6.71612	1.95076	28.2655	
5.45721	1.77539	23.7844	3.33904	1.14205	7.41895	6.9334	0.906629	20.9459	5.10198	1.81833	17.5213	6.80458	1.33614	18.6326	2.01119	0.752586	6.2966	1.98886	1.44791	6.17729	1.13587	1.15884	3.97379	4.80011	0.857837	18.6004	5.98084	1.77698	29.2636	3.87631	0.629612	12.0163	6.13919	1.39814	17.9275	1.8211	1.34509	6.16887	3.42533	1.03605	8.57557	2.2066	1.81506	7.33523	5.89344	0.966294	17.8378	6.53849	1.35217	30.7669	2.01911	0.73008	7.4769	6.6108	1.22882	25.1611	2.17289	1.53896	6.71017	7.59503	1.04507	23.0649	2.72678	1.55615	10.86	
8.92364	1.37227	19.611	6.85363	1.25377	19.2193	10.1943	0.675294	21.2193	7.06257	1.11504	17.796	8.77625	1.6589	24.5659	2.94491	1.6932	7.8567	1.69599	1.48033	3.50374	4.59464	0.693998	15.8712	8.00307	0.66017	39.6172	8.75372	1.41056	35.9131	5.89546	1.42929	17.3291	9.46368	1.00038	26.0759	2.18757	1.53768	6.62766	4.38524	0.780844	16.0203	2.27285	0.82371	10.2	8.2209	1.65391	35.8192	10.0526	0.910689	37.619	3.77345	1.73106	17.2231	9.21872	1.3704	26.3817	5.52042	0.693644	21.3357	11.0243	1.81947	25.6918	5.00925	1.37259	10.452	
2.8609	1.7813	13.4737	4.47024	1.69666	18.4815	3.25878	1.64741	11.6635	8.02052	1.36773	21.5136	7.92246	1.95124	16.0718	9.00839	1.42828	43.3496	9.74955	1.10885	22.6749	6.77555	1.54428	16.489	4.67879	0.527301	22.7909	6.00485	1.87865	22.4515	7.57591	1.33007	32.0014	3.07624	1.79831	12.3328	9.43395	1.04165	38.5021	9.02657	1.17792	21.1216	9.66482	1.58119	41.5355	7.29539	0.523918	19.299	1.27389	1.21142	4.36141	8.43074	1.07295	34.1493	6.59603	1.61621	15.8638	6.04557	1.34251	13.7619	1.77303	1.02186	3.9982	7.62686	1.14835	18.5196	
6.15664	1.66414	21.0336	4.01447	1.44983	8.66476	4.90018	0.894243	16.1933	8.34018	0.840152	33.7911	3.07547	0.624974	7.52867	3.0108	0.859887	6.21843	5.17144	1.26362	23.3169	3.91031	0.926793	11.6486	6.64242	1.78454	29.3789	8.36317	0.711078	19.84	0.34213	1.55023	1.45899	4.44177	0.842057	9.42031	5.29258	0.889479	13.4116	1.9982	1.75446	9.73567	5.74515	0.515045	16.1727	8.77203	1.45347	43.1982	6.21812	0.791575	26.608	5.72773	1.58387	16.2281	9.11917	1.77897	27.4168	4.58356	1.27687	11.3373	6.20687	1.41049	20.6348	6.14552	1.87372	15.7088	


# This instance was randomly generated with the following parameters: 
# SIGMA_MIN=0.5
# SIGMA_MAX=2
# CAPACITY_OVER_DEMAND=3