12	24
68.9648	421.471	16.1536
67.0225	480.396	22.5205
10.7905	592.527	32.0487
40.3649	1279.66	145.165
63.9203	569.924	27.2778
142.54	966.025	91.6911
90.9195	1070.04	114.136
49.2176	1065.33	110.699
16.8039	533.913	24.5821
26.4648	394.711	14.507
130.393	368.612	13.4059
123.895	950.536	90.2509
5.33287
6.47311
6.13755
4.39144
8.17566
2.33119
3.82854
8.46144
7.12627
0.873795
5.52762
2.10235
1.4167
4.07261
11.483
5.96049
10.7037
8.00473
4.78379
8.42046
3.78171
9.6705
4.84673
6.58129
6.87748	0.714235	23.5528	7.59914	1.11379	29.1995	8.07195	1.68155	25.4578	3.88708	0.941789	9.11782	7.09657	0.768852	15.1718	2.07874	1.91213	4.68489	8.317	1.86839	24.9152	6.33212	1.86376	17.9965	4.31866	1.85207	16.3289	3.59004	1.39441	15.4821	4.48549	1.49243	17.841	4.6395	1.96701	17.7344	3.36432	0.845968	9.99827	3.22384	0.711902	8.36531	5.63925	1.00904	21.5457	4.48797	0.663205	15.6706	5.18901	1.10363	22.9002	9.22124	1.05991	24.274	8.68825	1.2068	22.7583	5.86535	1.37659	26.9192	1.09032	1.98572	2.45506	3.21168	1.64989	8.48981	6.71921	1.6363	20.681	5.19828	1.59394	11.8488	
1.51161	1.81634	6.47442	2.00276	1.19384	4.00962	6.60784	0.539936	19.9618	6.02911	1.23733	15.7235	3.76544	1.74281	15.821	4.98581	1.45678	24.3254	5.90176	1.45399	20.3409	0.386651	0.565975	1.41726	3.82778	0.814383	14.9959	4.52052	0.552911	17.9719	2.6771	0.513857	12.4687	5.58298	1.80774	11.328	2.79193	1.08079	10.1378	4.13681	1.24298	13.205	5.27018	0.763756	15.9346	7.26389	0.953157	30.9645	5.18118	1.30304	10.6831	3.31576	1.18025	7.83469	3.31063	1.28982	13.5624	6.92953	1.46361	17.3258	5.93909	1.24637	22.4829	3.53651	1.36339	13.6201	1.1926	0.654297	5.9246	1.75372	0.720828	7.99242	
8.83953	0.648234	23.2416	8.50514	1.45653	35.8106	6.35854	1.87641	28.8673	7.33999	1.48331	15.3022	6.78177	1.02246	18.0958	2.64363	0.517899	9.87571	7.08109	1.13652	19.615	7.88905	0.692916	18.9428	4.11364	1.18068	18.8727	3.16828	0.502521	6.72575	7.14433	1.05919	18.0589	8.03007	0.665575	28.7293	5.78655	1.65519	20.9909	6.36019	1.92169	20.3375	4.23959	1.45461	13.3686	1.48569	1.67493	3.21537	3.83893	1.3556	12.6064	10.7564	0.948962	26.5848	9.221	1.23946	28.4664	3.39393	1.81913	15.2299	2.45306	1.30058	11.8355	3.97589	1.95841	16.5689	7.78542	0.927217	31.1533	6.05398	0.939113	18.8539	
1.14019	0.544869	3.34915	3.37575	0.575537	11.8051	8.09022	1.92667	38.9771	4.94795	0.902828	23.663	5.31877	0.748853	11.9749	5.43494	1.21902	12.8352	7.44509	0.914427	16.376	1.60519	1.40787	6.32444	4.90191	0.842001	14.8389	5.39052	1.51741	17.8224	1.62097	0.593293	3.4002	4.31983	1.27481	14.9767	2.4934	1.61944	12.0746	3.28792	1.17258	9.43102	6.5326	1.06231	27.9897	8.09442	1.56669	30.3163	6.36902	0.759571	21.7521	3.64257	1.57638	14.2281	4.67247	0.890353	13.8041	8.06946	0.896436	26.659	6.12221	1.52875	28.3001	4.23199	0.556423	13.7908	2.70374	0.705052	5.92704	3.07533	1.2715	12.91	
6.07392	1.04993	28.892	6.04602	0.55607	12.6088	5.85517	1.25981	22.4782	5.38947	1.72788	11.874	5.01171	1.41295	12.2616	0.204509	1.57043	0.9567	6.09789	1.29252	21.1349	5.1877	1.83803	25.1302	2.1513	0.805583	9.02818	1.36371	1.54913	3.64777	4.42965	1.27873	21.8801	5.82949	1.24029	21.7532	3.05885	0.773228	9.38642	3.93949	1.24661	10.8799	3.42599	1.78451	16.9648	3.05106	1.314	10.4135	2.98217	1.33781	10.119	8.09991	1.67776	17.1117	6.96095	1.96152	29.0195	3.90543	1.17085	14.5669	1.46841	1.56042	7.06235	1.34105	0.925447	3.98142	5.24139	1.33316	16.1909	3.53884	0.792019	15.5888	
6.52277	1.32947	29.074	7.84211	1.4794	32.7913	9.395	0.621028	20.7479	2.18727	1.93064	10.6659	7.96256	1.28661	38.357	3.53052	1.87896	12.8747	9.4692	1.42226	42.689	6.29854	1.28564	30.497	5.44097	1.64967	22.3751	4.9143	0.86997	12.9472	3.81943	1.93993	17.6983	3.05338	0.517159	7.06199	3.1697	0.98952	14.7277	2.20264	1.951	4.44894	6.99567	0.51521	27.8383	6.20802	1.90795	22.6154	6.56781	1.08198	27.9169	9.00162	0.567584	25.0871	9.05903	0.748693	44.4805	7.46763	1.75306	25.9848	2.8137	1.59716	12.3424	4.1755	0.606765	18.0564	6.94429	1.01771	29.4548	5.71204	1.03895	16.1973	
4.58044	1.72401	18.589	6.89999	0.807482	26.4295	10.6686	1.34712	27.3143	1.92841	0.958219	5.41641	8.3257	1.89215	21.9627	5.97995	1.87585	19.5335	10.3105	0.963412	48.0354	5.10122	0.612498	16.9246	6.80471	0.58217	17.3215	6.79198	1.18605	33.3685	2.34593	0.736721	10.1425	0.92868	1.3101	1.96738	3.25972	1.83778	10.3269	2.01238	1.39034	6.77405	8.59564	1.21977	38.3895	8.97893	1.53241	41.7938	8.27686	0.703482	18.6763	6.94459	1.24816	33.2269	8.20996	1.57405	35.8874	9.68461	1.70688	40.8908	5.91906	1.41844	22.5981	5.62382	0.573484	25.0585	6.13615	1.21001	25.4547	5.81163	1.53057	17.5393	
8.11567	1.07932	36.5063	7.06062	1.05317	23.9678	3.85099	1.94952	9.77156	8.46659	1.73019	17.9113	4.77662	1.58708	13.9702	3.10913	0.666846	15.2216	4.65634	1.91992	15.5589	6.95985	1.64784	27.5706	2.80351	0.554649	7.48031	2.27776	1.19512	9.45607	7.19596	1.47023	14.585	8.90614	0.581425	18.6867	5.86859	0.87847	23.0273	6.98578	1.59703	33.2169	1.98127	0.809064	6.31292	1.14232	0.677527	5.09809	1.72033	1.93505	4.76149	9.57134	1.89419	20.7961	7.48984	1.69785	21.8071	0.942039	1.78911	2.12218	3.88175	0.961531	8.987	3.4959	0.987606	17.1886	6.52224	1.42571	32.4895	4.91771	1.30434	14.7243	
4.37127	0.994893	20.3749	6.45701	1.89276	23.6817	9.86536	1.21879	47.6579	1.7038	0.829238	4.73074	7.6335	1.35933	25.3045	5.06768	1.03624	18.8671	9.5638	1.46216	41.2891	4.67345	1.50725	9.67934	5.95477	1.07086	12.7314	5.90147	1.26428	29.1763	1.7828	0.583832	4.51328	1.13788	1.15877	3.03443	2.43145	1.88825	8.09374	1.10089	1.62623	3.50054	7.74164	0.730603	32.339	8.06671	1.16111	20.7435	7.41059	1.06904	30.1239	6.83675	0.899485	29.8369	7.76847	1.80091	33.417	8.78932	1.1769	20.6301	5.03106	0.611812	14.2613	4.74828	0.982416	11.7877	5.64021	0.997787	23.3634	5.11301	0.926667	17.9291	
1.49493	1.97541	4.43275	2.96755	0.836512	9.97692	7.29624	0.520497	16.4014	5.0852	0.536269	21.543	4.58433	0.570234	12.9832	4.76453	0.803855	17.9094	6.69148	1.4417	21.0034	1.19354	1.39183	3.73711	4.08586	1.90225	14.5838	4.60756	1.92807	21.846	1.70908	1.15994	7.53678	4.60786	1.36049	16.7348	2.07845	1.51637	8.3637	3.24063	1.16854	10.1128	5.70814	1.39312	25.7064	7.33049	0.771414	21.2286	5.5466	1.43016	22.7236	3.84225	1.8973	11.0183	4.27947	0.511025	12.038	7.25232	1.04049	29.58	5.55493	1.05122	24.0735	3.47765	1.3259	17.1731	2.17117	1.99798	8.86569	2.26347	1.41391	10.9115	
4.27949	1.81711	9.79028	1.79347	1.3734	5.46249	5.74959	0.819788	27.5779	9.82347	1.54912	26.2524	3.13267	1.77059	13.25	7.64495	1.28208	21.859	4.57262	1.84919	15.0055	3.57958	0.954779	9.6591	5.55351	1.15292	11.6031	6.51917	1.49406	29.134	6.46746	0.513841	13.3921	9.36164	1.40925	20.7304	6.4477	1.80944	30.5173	7.90848	0.893044	34.6128	5.93149	1.89473	23.8462	8.85568	1.34991	40.8325	6.14205	1.75795	15.9368	3.17673	0.781877	9.10475	0.507574	1.60112	2.3928	7.68654	0.813368	22.7742	8.84716	1.20094	22.4772	6.12495	0.932166	16.0525	2.65699	1.42483	10.554	3.99252	1.12208	10.7779	
8.17598	0.929932	23.9141	8.66485	1.68814	40.4482	8.2625	1.93319	26.2981	5.04348	0.97716	10.504	7.77841	0.609042	25.302	2.57428	0.638181	10.798	8.70077	1.83781	23.3936	7.53923	1.6586	29.5718	4.90322	0.877541	22.1198	4.01351	1.73916	17.8063	5.86165	0.943917	21.9287	5.89267	1.93454	26.3797	4.69228	0.98359	21.5195	4.60105	1.67935	10.3065	5.87102	1.37183	20.4143	3.97431	1.37243	17.3001	5.41365	1.01582	16.8425	10.4576	1.25299	26.8865	9.66812	0.81933	38.2348	5.66545	1.47422	12.0435	1.31575	0.560474	2.9825	4.03798	1.99679	14.8067	7.81119	1.68061	24.9879	6.18768	1.8054	14.2607	


# This instance was randomly generated with the following parameters: 
# SIGMA_MIN=0.5
# SIGMA_MAX=2
# CAPACITY_OVER_DEMAND=5