6	12
116.754	851.248	63.3317
79.2914	695.875	44.4638
58.9849	652.768	42.1891
13.5668	1140.56	129.277
8.56529	972.496	86.4128
45.8946	1311.83	149.282
33.8072
4.05138
22.8215
47.2509
4.26555
2.43138
40.1984
11.9649
28.858
35.0327
23.6114
3.18527
5.01838	3.13814	23.0055	2.86953	1.38732	10.715	4.53188	3.70661	14.6143	2.75027	1.74482	12.434	5.46384	1.82613	25.0395	3.39747	3.84276	9.86979	2.608	3.83294	12.1678	2.0792	1.60336	5.84906	7.16561	2.80967	33.3996	6.00615	3.79414	16.0577	5.28323	2.72824	24.9476	2.80231	3.17601	12.0654	
1.8561	2.70031	6.36934	7.93954	1.71346	38.1918	6.80981	2.26296	33.2212	5.57178	2.52839	12.8505	2.31164	1.13982	7.46086	7.30025	1.23672	31.482	4.02677	1.88729	16.1039	8.4548	3.01001	41.3609	1.03838	2.98035	4.98085	4.86159	3.82449	24.0299	5.74521	2.29561	16.6564	9.25349	2.56768	43.9083	
7.75988	2.71037	31.6836	0.769628	3.57571	3.59718	3.26471	2.2793	13.4774	6.19432	1.94673	30.5812	8.41083	3.97633	22.0506	1.77278	1.66583	8.02562	4.77657	1.06416	14.8241	3.62285	3.90906	10.1277	9.11884	1.91114	41.6341	9.38462	3.7987	46.8475	4.79818	3.74243	23.367	3.10353	3.85921	9.59455	
2.65687	1.82038	5.54983	6.33767	1.44598	15.1542	6.98339	2.41498	15.0692	1.27157	3.81561	5.74891	2.5183	1.43263	8.73124	6.44976	2.46802	20.6279	3.22756	3.62451	15.5495	4.9995	3.99243	17.3889	5.51548	2.16977	21.7617	2.38105	1.29316	9.21673	6.93017	2.81185	26.1801	6.0318	2.92945	23.784	
1.78648	1.75483	8.00737	8.7605	1.5631	39.1749	8.2892	1.10564	25.0209	4.81286	3.39381	13.418	1.14983	2.47597	3.23224	8.40842	2.18772	32.6279	4.78462	2.95372	15.0117	8.35428	3.87057	40.395	3.17702	1.14033	7.30889	2.88427	1.33509	10.1285	7.51894	3.94953	33.6949	9.31184	3.82959	30.5096	
6.25975	2.04884	28.3323	10.4926	2.32323	32.9342	8.30346	1.85373	38.4446	9.82485	2.98162	38.8556	6.73875	1.28003	26.3034	9.46549	1.43722	19.6262	7.39927	1.58083	18.3699	12.0834	3.78136	56.311	3.40308	2.77426	11.8874	9.22424	1.97141	27.3532	6.72989	1.28156	25.8714	12.6691	1.74832	29.1063	


# This instance was randomly generated with the following parameters: 
# SIGMA_MIN=1
# SIGMA_MAX=4
# CAPACITY_OVER_DEMAND=2