4	8
115.467	1020.66	98.6724
56.621	958.347	84.3067
2.39054	951.618	87.3177
93.8334	968.765	77.9411
12.2145
9.24749
12.5381
1.77859
10.0361
2.87019
12.3029
8.65977
1.32829	0.39942	5.85096	4.91161	0.777407	18.2983	4.92564	0.117665	21.3041	3.88919	0.794855	18.0095	2.35942	0.891411	9.62515	3.36098	0.902471	8.763	1.16197	0.62282	3.34885	6.66868	0.986289	29.4984	
5.83079	0.231856	28.5557	2.12949	0.821214	4.96723	1.66147	0.539945	6.62721	8.584	0.592254	17.2137	2.57264	0.770015	5.87539	6.31215	0.179224	24.621	3.84889	0.413056	16.0218	2.45226	0.846628	5.19945	
3.27731	0.614006	14.661	8.23919	0.925251	33.6476	7.29969	0.580006	19.4701	2.14648	0.444321	9.5161	5.65304	0.166639	11.7833	5.7339	0.924739	12.0597	3.82871	0.178319	8.80857	9.09686	0.251302	20.7636	
2.12877	0.454937	7.96573	3.54061	0.118706	14.8818	4.70735	0.797437	19.6742	5.13091	0.482921	10.5987	1.37643	0.530555	6.74649	2.59023	0.421273	9.82088	2.02127	0.741848	9.12001	6.2449	0.198811	21.9585	


# This instance was randomly generated with the following parameters: 
# SIGMA_MIN=0.1
# SIGMA_MAX=1
# CAPACITY_OVER_DEMAND=5