11	22
96.9701	1306.15	152.982
142.022	1109.64	108.342
64.1576	1267.6	137.386
44.3636	1111.15	115.829
5.6676	1126.63	123.589
7.42882	777.064	54.4963
174.355	480.002	22.2849
89.5409	1144.37	127.744
53.1244	1002.27	83.6555
169.85	1210.41	134.327
1.2636	1229.39	145.966
25.7939
37.2888
38.9885
27.1576
33.0061
2.29096
47.4565
12.8038
4.45032
12.3469
36.0322
6.94966
7.22362
5.37798
48.5952
45.9509
18.5684
53.607
27.0099
33.339
44.3626
34.7007
6.09645	1.27408	28.1256	6.17023	0.522717	20.7783	5.99921	1.46033	29.7942	4.49059	0.963133	15.9928	7.93816	1.91263	35.2672	6.36886	0.741438	30.0478	4.47573	1.84558	17.0902	2.04384	1.51557	7.27483	7.86546	0.56685	16.1144	4.8771	0.821038	22.986	0.661271	1.28928	2.09087	4.20647	1.49737	9.25677	3.53687	0.567917	13.0113	4.28942	1.75394	8.73248	7.43027	1.63678	35.0647	5.55518	1.73025	13.8506	9.2115	1.71824	18.899	7.92661	1.06399	20.6366	6.48438	1.51691	18.2354	5.69647	1.54765	12.0935	5.30278	1.24703	12.1662	6.41266	1.49812	19.4069	
3.29387	1.61311	11.3706	8.03768	0.981605	32.2653	4.32562	0.644607	13.8934	6.58685	0.907627	19.467	5.55682	0.689141	16.761	7.52526	0.896501	37.4025	6.98906	1.36821	24.9946	4.66842	1.53612	22.3522	7.87866	1.75461	38.7139	3.6882	1.1807	15.0584	3.40194	1.59384	14.4419	6.66078	0.764911	24.3947	6.13442	1.65954	13.9422	5.09848	1.06923	19.1064	9.39605	1.9508	33.8443	3.78661	0.588321	8.35012	8.23815	0.788915	28.8457	6.13938	1.28876	28.4724	8.07509	1.80465	29.9691	5.73515	0.506049	17.1718	6.71044	0.705934	30.6507	5.33893	1.32279	14.076	
4.711	1.5274	10.9023	5.4177	1.90242	26.3934	2.14872	1.10277	10.2292	5.17611	0.873281	25.8252	4.14089	1.35087	8.81055	3.80744	0.739059	15.0407	6.23549	1.50969	16.0566	8.31404	1.71136	33.1387	2.39961	0.568022	7.86673	2.0107	0.582723	6.43431	6.95183	0.774304	24.5806	5.9457	1.20694	12.4023	6.03525	1.10967	18.4286	2.7748	1.01036	10.5492	6.50641	1.20643	13.843	2.47078	1.01547	9.49939	2.92092	1.94723	13.4789	2.79643	1.57226	13.7827	4.90431	0.973012	18.5864	1.2799	1.06357	4.76896	3.91595	1.96777	15.5454	0.872205	1.99943	1.92581	
5.06066	1.98966	22.551	4.25972	0.771194	12.3674	3.6708	0.594012	13.8593	3.05733	0.956435	9.49978	5.9921	1.72692	27.9641	3.67538	0.702843	16.032	3.82536	1.53678	10.5397	5.13963	1.62192	21.1315	4.68635	0.990789	11.6854	2.45596	0.734706	9.27556	3.84948	1.73223	17.3677	3.48183	1.4541	16.447	3.27058	1.63385	11.6316	1.27053	1.63767	3.23751	5.6176	1.9397	13.0662	3.43292	0.965971	15.3483	6.14462	1.86509	26.0192	5.40142	1.83815	15.6323	4.22066	1.37219	15.9053	2.50803	0.718667	8.07505	2.84974	1.63108	6.58702	3.55884	1.77199	12.4205	
4.71129	0.775346	22.4113	4.51136	0.8271	15.4314	3.25637	0.987422	10.1334	3.40277	0.68472	15.5204	5.58117	1.75135	26.7384	3.77054	1.00156	14.941	4.21147	1.13331	15.0977	5.42797	1.56595	25.3397	4.50661	1.08466	10.924	2.04302	0.809716	7.35669	4.09712	1.73972	15.4501	3.86987	1.48577	9.64993	3.6795	1.58763	17.8971	1.34664	0.876817	3.52726	5.86026	1.62508	12.5384	3.02505	1.77113	8.60952	5.81725	0.602164	15.6888	4.9925	1.61912	24.6083	4.41021	1.44068	14.2968	2.29511	0.833361	9.13094	3.03886	0.732116	11.4348	3.17206	1.61211	6.88377	
3.84123	1.01062	11.198	5.32416	1.81946	26.6077	1.93539	0.600383	9.4451	4.52316	1.2091	20.1618	4.29567	0.94091	13.4764	4.15433	1.71214	19.0998	5.44162	0.870777	20.1808	6.6068	1.77784	31.6586	3.92472	1.25136	13.7186	0.811552	0.964599	1.88207	5.2118	1.52415	19.1199	5.1102	1.43085	24.562	4.99826	1.65852	15.6171	2.0755	1.31052	8.22276	6.60817	1.87616	22.6042	1.81181	1.98951	4.25415	4.66614	1.15126	12.6912	3.61913	1.08119	14.621	5.04128	0.904282	13.6634	1.84513	0.601328	6.8568	3.75157	1.47954	12.8952	1.85532	1.20724	8.44553	
6.44488	1.91433	18.0269	7.14066	0.809243	16.2191	6.70828	1.91837	17.1359	5.4482	1.53789	12.3931	8.48174	1.03876	38.5738	7.39718	1.96246	15.6994	5.32453	1.18793	14.327	1.43347	1.17959	3.60448	8.86464	0.793428	35.6116	5.65514	1.01959	15.3824	0.480426	0.783689	1.90584	5.08301	1.55979	12.8431	4.38511	0.563984	17.8466	5.31094	0.850952	16.0728	8.37148	1.44958	22.5146	6.22937	1.89169	14.1724	10.1042	0.808656	21.5706	8.64308	1.12526	24.8772	7.4856	0.645319	25.1189	6.67875	1.82316	18.0624	6.32559	1.56439	25.5061	7.25414	1.32839	24.7183	
7.27164	1.7093	16.3057	6.85194	0.626067	14.0797	7.33052	1.34075	32.759	5.15596	1.23764	22.0453	9.22049	0.505281	35.846	7.33126	1.99279	23.8966	4.8587	1.28645	11.9201	0.70796	0.552422	1.96353	9.07013	0.700566	42.6711	6.21573	1.39414	25.8667	0.766069	1.17738	2.78136	4.66031	0.998343	23.1396	3.94365	1.57652	15.391	5.44764	1.52202	19.9314	8.00903	1.78831	36.9576	6.87826	0.63059	24.6468	10.5267	1.2182	21.546	9.26059	1.52704	30.0692	7.27933	0.733263	30.9201	6.94163	1.65719	19.0302	6.22717	1.91666	17.2785	7.74696	1.81685	37.4022	
2.05807	1.96229	6.51403	10.8073	1.02754	27.6836	4.64236	1.64381	15.1333	9.61449	1.45872	29.6994	4.09246	1.55513	18.8452	9.8297	1.43833	43.3752	10.2236	1.22187	38.7066	8.16349	1.6313	25.274	9.13503	0.582364	39.7661	4.97107	1.07428	12.8455	6.97486	1.84882	17.7388	9.88044	1.07133	33.498	9.4544	1.86032	32.2653	7.55814	0.521617	21.2029	12.1487	0.736444	57.1937	4.27169	1.31981	11.4907	8.3358	1.02037	40.6635	5.56813	0.579211	26.627	10.6462	0.642725	29.6156	7.44306	1.72468	22.7554	9.29603	0.92016	21.3293	6.01689	0.709336	22.0551	
2.65258	1.5548	9.58406	6.79127	0.637155	25.174	0.42633	1.71352	1.01367	6.06799	1.22723	23.2092	2.75193	1.38386	7.53363	5.45858	0.989016	20.4207	6.98616	1.43817	34.8367	7.6157	1.99958	18.5191	4.46776	1.21389	10.1404	0.802581	1.61372	1.89969	6.18021	1.97277	17.094	6.65316	0.934235	19.3019	6.5162	1.07256	29.456	3.59868	1.64073	12.0605	8.03377	1.85857	34.0507	0.400995	1.54073	1.16925	4.22188	1.93015	14.334	2.34027	1.93842	5.17185	6.4388	1.62224	20.7947	2.89328	1.63359	12.5474	5.21278	1.80739	19.0963	1.41955	1.53351	5.55981	
4.91395	1.80009	10.4154	5.87574	0.526079	15.7752	2.32884	1.83828	9.38718	5.76997	0.782607	15.355	3.97629	1.3907	15.4287	4.17933	0.586665	12.2743	6.8444	1.3599	13.8136	9.00075	1.64362	34.6339	2.24175	1.8337	9.91309	2.51599	0.89661	7.8296	7.63157	1.61211	31.6766	6.56461	1.27494	27.9134	6.68569	0.749025	27.4321	3.42698	1.52679	7.90612	6.88664	1.11488	33.4627	2.75532	0.854595	7.19725	2.2328	1.27942	9.83266	2.43747	1.92174	6.3747	5.30633	1.88981	16.576	1.83712	1.27789	7.00016	4.43137	1.20445	16.7454	0.96138	1.54868	2.89508	


# This instance was randomly generated with the following parameters: 
# SIGMA_MIN=0.5
# SIGMA_MAX=2
# CAPACITY_OVER_DEMAND=2