11	22
22.3261	565.522	26.6266
35.4172	1305.48	146.445
148.319	839.237	59.623
48.8863	402.012	13.4622
22.5132	441.392	17.1262
160.62	714.947	50.8571
59.3187	1168.2	127.319
176.344	1292.47	156.882
26.3862	806.334	64.2532
22.052	1135.64	117.034
108.333	1025.72	103.981
19.4257
16.3011
9.71328
7.69806
19.927
16.6105
12.4206
0.199835
21.9517
9.45052
13.4495
15.5775
19.4274
0.574638
1.04194
15.26
18.6116
21.3653
23.1319
2.50616
21.5308
8.36131
8.55025	0.286005	32.5983	1.44389	0.597645	3.08695	4.70567	0.590853	9.42147	4.61437	0.952574	17.1017	0.874329	0.479272	3.05182	1.584	0.440814	7.84987	7.25377	0.420242	33.0807	7.29438	0.352248	24.1411	9.06146	0.774669	31.635	0.892158	0.312003	2.50538	4.64174	0.635376	22.8987	2.98525	0.518173	9.42265	10.0284	0.867724	32.75	9.52293	0.170853	45.423	7.60224	0.625171	21.5493	2.47531	0.177545	5.76515	8.31149	0.547162	36.0115	1.15164	0.481353	5.17234	8.52863	0.842785	20.9141	4.51863	0.210618	15.2698	6.19929	0.298935	29.8989	6.24365	0.326175	21.9951	
6.36129	0.598871	26.2108	5.5895	0.694614	26.9297	4.20457	0.745832	13.3897	2.44429	0.376876	11.4065	6.55925	0.3687	21.5529	7.28359	0.316687	28.17	5.2539	0.280824	20.5991	2.60046	0.383711	5.70875	2.30644	0.787551	5.29329	7.4289	0.512792	24.4992	8.3809	0.826972	40.8538	4.8386	0.404131	14.1426	6.42582	0.124277	23.491	8.56954	0.154265	18.486	9.06308	0.751801	32.9408	5.99889	0.381948	23.143	5.85469	0.838461	15.8504	5.90109	0.323887	13.0019	1.94885	0.818673	9.33747	4.04633	0.285902	9.5268	9.2306	0.547664	29.31	10.458	0.503732	47.7865	
3.10602	0.958311	7.66419	7.75883	0.388648	16.5542	4.12168	0.137046	8.94558	4.51074	0.277629	12.7594	8.69609	0.485224	21.664	9.63287	0.578415	39.1558	2.74877	0.967301	9.62543	1.57047	0.120192	6.82187	3.13737	0.694665	6.4097	9.44043	0.907606	29.547	7.8701	0.278237	19.8547	7.75768	0.662895	26.5212	2.52448	0.946674	12.3799	5.38676	0.473138	13.966	7.03782	0.272721	20.349	8.79205	0.844475	22.0035	2.63495	0.255456	11.8658	8.01485	0.845262	37.1461	2.72114	0.615887	13.5078	4.23069	0.899786	16.0341	8.0424	0.875208	39.8939	9.64762	0.149384	21.9321	
6.57764	0.778437	22.0137	5.42669	0.992634	24.3355	4.66925	0.261186	15.1087	6.42597	0.740601	19.0456	5.43312	0.946353	17.3626	6.15615	0.355614	18.0542	5.81985	0.928639	11.8879	7.61552	0.752888	34.5107	10.2074	0.266092	34.209	5.33063	0.389186	15.093	0.480817	0.912017	2.20709	6.98944	0.814616	34.0277	8.47522	0.158168	30.4355	6.4204	0.489169	25.8963	3.61134	0.157352	10.4317	6.92999	0.685599	23.1514	6.62321	0.283249	13.3048	5.31617	0.216351	13.192	9.58995	0.965618	26.2784	4.75573	0.227646	16.6992	1.73658	0.475121	5.01193	1.81693	0.635149	3.95871	
4.14229	0.102534	19.722	5.00206	0.545963	13.2137	1.93697	0.838988	6.7134	1.78664	0.12901	8.1092	5.95199	0.97691	13.6404	6.87478	0.207169	16.0149	2.87797	0.422788	9.0605	1.30579	0.284355	2.70587	3.60503	0.558756	13.8005	6.72232	0.267144	17.8638	6.19221	0.483636	15.978	5.03061	0.821909	19.4055	4.7549	0.170553	12.8158	6.21445	0.486492	19.6566	6.56455	0.697281	20.6836	6.035	0.763441	14.5908	3.66849	0.741011	11.813	5.26607	0.886901	21.8017	2.98922	0.69725	10.7289	1.88784	0.466435	7.0481	6.85866	0.834276	19.4506	8.21199	0.473597	31.8842	
2.39946	0.208617	5.71614	9.25884	0.524471	43.8857	5.45685	0.599168	17.1867	7.55074	0.370842	25.0607	9.85508	0.320797	41.0233	10.8282	0.291022	39.0301	3.33952	0.365246	11.2738	6.10869	0.977039	26.7996	8.58035	0.127083	38.8157	10.2264	0.114377	27.3267	5.7407	0.171378	20.5298	10.1843	0.109081	24.9665	3.79772	0.609464	9.61542	0.285291	0.877737	1.09769	2.84586	0.255418	8.31229	10.7903	0.10076	34.7628	2.8913	0.952147	6.74312	9.35849	0.218389	44.8967	8.07776	0.486594	23.5902	5.7397	0.142373	24.0085	4.7964	0.724343	11.0726	6.44175	0.232677	23.9965	
5.22013	0.952924	20.5406	4.79367	0.876802	20.8932	2.73898	0.488094	13.4917	1.37004	0.92028	5.17903	5.7754	0.632281	22.9395	6.61892	0.386695	19.0158	3.99013	0.439316	10.1675	1.81115	0.365867	8.38704	3.12771	0.886673	6.42431	6.60794	0.176122	19.3863	6.94809	0.615942	22.3051	4.4668	0.337645	15.2083	5.64182	0.651327	28.0769	7.32867	0.805777	25.4861	7.61701	0.550909	25.732	5.56366	0.388114	26.9489	4.73326	0.941493	18.8843	5.08831	0.42616	12.3241	2.56446	0.36231	8.03893	2.59271	0.946107	7.27119	7.7633	0.371931	27.3689	9.01485	0.101133	18.2246	
2.56624	0.917029	11.8769	6.27593	0.480006	12.6557	2.3932	0.652451	8.1087	3.35549	0.456107	9.75184	7.16799	0.626747	32.9138	8.13655	0.882338	35.9183	1.47578	0.806849	3.89879	1.37741	0.849173	3.49085	4.0719	0.579258	19.9202	7.85995	0.503831	33.179	6.13095	0.378485	23.7006	6.53969	0.192443	32.5759	3.18783	0.65216	9.1235	4.75252	0.128937	17.4139	5.67473	0.256176	15.8625	7.47363	0.990592	19.751	2.07278	0.581921	10.2369	6.50518	0.246944	26.0564	3.49302	0.583123	15.0307	2.53977	0.515066	6.83359	6.42377	0.378202	21.8097	7.97283	0.215284	29.5409	
4.14146	0.743122	12.5157	7.83125	0.945051	33.5855	4.57668	0.837643	22.5393	4.44235	0.668402	14.675	8.79829	0.140497	31.4413	9.69118	0.190574	35.4612	3.67666	0.933928	13.9958	1.587	0.272774	5.3426	2.1281	0.323518	7.00053	9.59027	0.960957	40.4602	8.57626	0.348021	30.5806	7.61104	0.364738	21.7064	3.43547	0.139017	15.5398	6.42459	0.378384	29.3303	7.98904	0.123703	24.2608	8.70388	0.703897	18.302	3.66458	0.443666	12.1516	8.10873	0.685622	33.0814	1.78184	0.418861	8.85471	4.62712	0.988784	19.6396	8.8769	0.779048	21.9403	10.4356	0.25738	44.2397	
3.5877	0.810561	15.0424	5.73589	0.670142	12.2916	2.69237	0.533468	6.63217	4.94354	0.341948	23.2134	6.23367	0.334592	13.6349	7.18682	0.544654	29.797	2.85264	0.240394	11.906	5.0719	0.105744	20.7962	7.79352	0.700867	32.4487	6.55122	0.235079	21.033	2.52588	0.610839	5.20774	6.88549	0.657124	15.3017	5.47123	0.245298	12.6224	3.89842	0.578662	17.3615	2.3975	0.574894	5.98397	7.31605	0.978579	14.7473	3.61709	0.588389	11.5326	5.79281	0.172808	16.5624	7.18348	0.947057	31.6122	2.92435	0.114387	12.8515	2.57596	0.859189	6.33573	4.14749	0.210976	13.4565	
2.17883	0.269405	9.42856	6.52549	0.325332	30.0206	2.75011	0.316011	12.6192	4.94701	0.234315	16.0338	7.16304	0.802122	26.9481	8.14805	0.144016	19.9475	1.60898	0.256129	4.02236	4.25019	0.192052	16.1841	6.97047	0.263359	19.5025	7.59647	0.99954	23.2763	3.92881	0.722007	9.58158	7.4376	0.61033	26.5804	4.06797	0.472652	18.3801	2.887	0.61217	5.95787	2.77557	0.110109	12.0281	8.04421	0.42101	26.5672	2.22643	0.977177	8.67152	6.63867	0.832461	18.1534	6.38474	0.139084	18.1398	3.03127	0.366887	7.8728	3.73939	0.8676	15.8716	5.41109	0.398483	15.2098	


# This instance was randomly generated with the following parameters: 
# SIGMA_MIN=0.1
# SIGMA_MAX=1
# CAPACITY_OVER_DEMAND=3