12	24
1.73648	906.597	79.0045
28.1938	534.273	27.7267
164.194	1232.49	137.379
150.068	470.156	21.4523
147.134	998.077	82.941
169.223	1251.04	155.89
50.3949	938.696	74.5218
3.17721	829.618	58.0729
162.944	918.566	82.2423
77.9266	775.184	59.6909
74.5775	1233.72	146.4
24.339	1012.39	85.3492
0.200088
1.28904
0.251115
7.5993
23.0455
24.7072
24.6158
4.56374
29.1153
10.6064
24.5218
5.89454
22.4
28.7748
6.17385
1.96869
16.802
0.483373
11.9289
11.1985
20.4938
19.1791
24.733
16.3447
3.74639	0.650819	13.6578	1.64443	0.547662	7.02923	5.06312	0.147338	10.3777	2.88273	0.453697	7.69426	2.11079	0.163771	7.48983	3.92732	0.359842	15.9856	1.39636	0.782342	4.28322	0.591868	0.781731	1.51391	5.93492	0.486095	16.906	4.14321	0.383131	17.6924	2.81026	0.954452	10.7417	1.43339	0.272623	3.28695	3.85104	0.667503	12.0798	5.60471	0.923157	26.5306	4.87829	0.61445	21.4035	6.07562	0.497608	24.2263	3.19343	0.320142	9.92011	3.47228	0.366891	10.2304	3.82451	0.766423	11.1645	3.49402	0.958178	11.7243	5.45552	0.65828	16.254	6.60004	0.380848	17.09	1.20007	0.266322	3.29504	3.35824	0.25804	10.399	
6.24247	0.571385	22.3748	5.25552	0.910787	25.0669	3.76586	0.291985	17.4441	1.4623	0.29553	5.25796	5.77763	0.287504	20.1862	5.63346	0.908658	21.6343	5.09752	0.718782	20.3109	3.61203	0.703057	17.7495	9.42414	0.938214	26.5308	7.21932	0.630932	34.1512	6.58413	0.611223	21.9279	4.92728	0.917533	11.2825	5.75363	0.446218	14.0803	6.70418	0.320954	26.2552	8.51903	0.406447	18.2411	7.17255	0.994101	35.3238	4.32738	0.601971	11.8594	1.00379	0.458389	4.25941	2.77642	0.972921	9.17801	4.60803	0.441544	13.3902	9.08099	0.685616	21.8029	6.37664	0.659655	16.3354	5.04823	0.520471	24.5121	6.74537	0.15823	23.3821	
8.80338	0.97776	34.889	4.76181	0.800249	17.8997	7.63006	0.138357	18.7547	7.89337	0.300258	35.7034	4.42174	0.657941	14.9005	4.05123	0.552019	9.70725	5.04868	0.550385	23.5849	6.93696	0.843209	14.617	1.89382	0.511098	4.23632	8.1883	0.787772	29.9291	5.87498	0.685262	18.9965	6.69676	0.13966	18.3183	9.40689	0.318675	26.3475	4.37929	0.43315	13.3968	2.73846	0.226379	8.15043	4.36311	0.257419	12.9975	5.25556	0.900981	11.4904	9.42032	0.165314	27.185	10.1648	0.585317	29.7207	9.58172	0.916147	28.8262	7.23961	0.246369	19.6871	6.58424	0.388189	15.8223	5.75908	0.409319	15.6386	7.23649	0.816652	26.288	
3.86979	0.165673	19.2301	1.83783	0.515098	5.48292	7.29568	0.53763	31.1686	5.66937	0.729646	23.8766	1.4626	0.965891	3.12669	4.72492	0.99844	17.6126	1.81566	0.843297	7.29989	3.19672	0.145037	9.85396	3.79562	0.687674	11.5032	3.25969	0.81371	10.0811	0.915641	0.943709	2.02732	2.20485	0.793091	9.74304	4.55517	0.378868	10.6304	6.34661	0.218735	19.616	2.57535	0.229747	9.94569	6.7087	0.724633	18.2538	4.79041	0.827332	23.5585	6.29546	0.207794	19.923	6.26353	0.728545	19.6548	4.99895	0.841612	20.9344	3.15441	0.753769	9.30919	8.03927	0.264082	30.4993	1.68296	0.68993	8.23604	2.28467	0.221533	7.07354	
1.79565	0.163283	5.80645	4.50011	0.369548	14.913	9.45361	0.723516	41.1585	7.08494	0.727731	22.4932	4.37952	0.36129	20.2168	7.62936	0.655086	37.1558	4.30006	0.776168	18.5276	4.25047	0.734362	11.6024	6.59507	0.501091	31.6402	0.463672	0.246282	1.6525	2.31352	0.786996	9.68054	2.96025	0.741661	9.19132	2.70915	0.664448	11.6592	9.32559	0.882071	19.6701	5.41111	0.699877	10.8584	9.72873	0.37071	30.7591	7.34297	0.864922	30.2475	6.81597	0.194589	22.8944	5.91818	0.376799	23.2711	3.83147	0.308296	13.0879	2.0003	0.710509	8.59792	10.7639	0.139077	45.6015	3.55429	0.733692	12.7356	1.07104	0.960636	2.99052	
8.27874	0.916087	28.6106	3.84578	0.478979	8.0608	5.82309	0.454419	21.2752	6.30885	0.515326	30.949	3.68299	0.375679	16.0214	2.27807	0.101388	8.13999	4.13822	0.290787	17.6133	5.84213	0.300749	20.0334	3.11289	0.974395	8.43749	7.92863	0.507802	28.9745	5.57962	0.114402	25.917	5.93295	0.617785	25.0308	8.73635	0.780308	18.4914	2.65598	0.109065	5.60183	3.32979	0.880233	13.5695	2.73787	0.618083	8.89854	3.54124	0.783787	9.09143	7.96947	0.179717	37.0922	8.92317	0.38128	28.2698	8.68326	0.956995	32.5995	7.53445	0.586402	17.99	4.86309	0.251855	11.3001	4.96012	0.221235	17.3574	6.93379	0.722943	33.21	
2.7212	0.941335	5.76758	2.08506	0.205742	8.40298	7.24113	0.99373	33.3234	5.20008	0.614168	18.8006	1.99687	0.104604	8.45016	5.21446	0.5047	18.6485	1.8929	0.232046	8.83342	2.44337	0.397458	10.9484	4.99471	0.933818	13.5151	2.35063	0.803931	11.5492	0.544417	0.610057	2.09363	1.18453	0.550856	5.12847	3.36275	0.473406	11.7863	6.91347	0.603944	29.3402	3.77567	0.923638	13.6037	7.32199	0.701621	26.6146	4.9739	0.802994	12.7228	5.49293	0.577809	22.5028	5.22801	0.165491	19.6321	3.81611	0.535115	11.61	3.13834	0.916975	8.63154	8.37302	0.489316	28.8571	1.22923	0.118005	5.63551	1.36399	0.584069	4.13819	
8.51671	0.783133	30.9002	5.71591	0.809065	11.7649	0.811955	0.462602	2.73106	2.55844	0.382716	10.1072	6.18034	0.302016	28.0819	4.24241	0.931886	11.4393	5.72049	0.857972	23.6572	5.22484	0.240951	20.0857	9.01143	0.135841	44.3563	9.17484	0.807573	35.7811	7.78034	0.721513	20.5121	6.50366	0.931283	17.7629	8.27268	0.4683	16.9866	4.52683	0.488858	15.989	8.45363	0.767388	33.6113	4.90219	0.21175	14.6919	3.16454	0.953069	13.596	4.08479	0.183096	11.7364	5.85707	0.2044	16.5509	7.32369	0.875997	20.7693	10.4774	0.173868	51.0287	3.45873	0.458675	10.4256	6.1316	0.921683	16.4865	8.44143	0.403503	21.5305	
3.0051	0.526952	13.4255	4.67174	0.404902	14.0158	6.67367	0.903751	33.2331	3.7885	0.434772	18.4559	5.05301	0.755572	10.8866	6.83199	0.476742	23.4692	4.38815	0.83595	19.177	2.51582	0.822507	9.24357	8.81048	0.481704	25.8576	4.22225	0.459393	20.7007	4.62262	0.87652	11.5141	3.00334	0.956909	14.2918	2.32638	0.375559	9.3742	8.39743	0.489946	31.7591	7.65435	0.32254	29.0255	8.88596	0.585452	24.0631	5.81255	0.96427	15.4074	2.53442	0.323559	10.0094	1.25005	0.499139	3.80261	1.10328	0.55087	4.24138	6.49777	0.555442	26.7682	8.89136	0.123968	24.3375	3.76874	0.557515	16.4526	4.11729	0.834285	19.5558	
5.60494	0.833016	11.8072	4.314	0.83293	12.2675	3.6111	0.824892	12.4582	0.796461	0.960077	3.87215	4.83599	0.514716	17.5876	4.88364	0.885432	16.0495	4.15633	0.991463	13.6101	2.73342	0.131209	9.83133	8.49719	0.308526	39.3765	6.48525	0.966371	31.7718	5.69273	0.326462	27.0762	4.07254	0.694721	8.27312	5.22078	0.518327	17.4394	6.09795	0.828213	14.6733	7.5804	0.500316	33.2265	6.57955	0.208245	26.02	3.60352	0.697765	11.1701	1.12417	0.889882	2.78314	2.74269	0.959831	6.15205	4.18076	0.269876	17.3172	8.23753	0.457651	33.8869	6.05541	0.373237	30.2757	4.12891	0.240329	17.8056	5.94089	0.341246	25.9524	
3.76184	0.158476	18.2213	1.22916	0.743134	5.28957	5.25583	0.460379	20.8885	3.24609	0.651227	12.0445	1.67522	0.178667	8.32697	3.78436	0.565034	8.15964	0.965378	0.117296	3.65414	0.967538	0.596648	3.43043	5.50144	0.313719	23.624	4.01261	0.997522	16.5495	2.46837	0.744945	7.48466	1.32531	0.21173	5.95888	3.97074	0.409901	12.1488	5.4887	0.158244	25.5351	4.43547	0.114264	20.7113	5.94805	0.251174	17.8513	3.19224	0.628365	9.27638	3.91703	0.856712	16.1827	4.23758	0.178092	17.4489	3.74646	0.208686	18.1698	5.14875	0.967359	14.1053	6.62586	0.816226	27.3104	0.817491	0.653006	2.59051	3.16291	0.169747	7.96138	
10.0662	0.436886	44.0839	6.09884	0.333925	15.37	2.35279	0.513403	5.18382	4.93356	0.740602	19.6283	6.38263	0.766723	14.1346	3.21707	0.969087	7.73826	6.25118	0.289758	29.2068	6.71479	0.528258	23.1305	7.88706	0.37554	34.41	10.3555	0.507644	30.3704	8.40852	0.402353	40.8637	7.68506	0.723158	30.108	10.0845	0.771161	40.7064	2.22597	0.512037	8.98205	7.75479	0.372301	32.0195	2.35156	0.790617	8.5388	3.17879	0.114841	10.6506	6.80028	0.794528	21.322	8.44535	0.242665	36.5191	9.40804	0.811136	28.7145	10.9955	0.258112	49.0901	0.339738	0.414493	1.67725	6.96562	0.215703	17.3403	9.44857	0.72713	41.9578	


# This instance was randomly generated with the following parameters: 
# SIGMA_MIN=0.1
# SIGMA_MAX=1
# CAPACITY_OVER_DEMAND=3