6	12
160.279	496.517	21.4623
39.4641	1112.75	113.499
75.7639	789.989	56.753
51.5876	409.806	15.8529
10.4469	1237.38	128.886
38.7465	772.092	50.2353
5.65741
13.2608
21.7945
7.54369
15.9329
8.03516
11.8469
32.1675
32.1726
22.9838
6.5237
15.4251
3.55964	3.34894	13.4312	6.94581	3.02781	30.0969	10.9304	2.91682	45.2925	8.70445	3.35432	38.0068	2.28528	3.53149	4.78553	5.10334	2.58895	17.4666	9.2374	3.91606	37.0225	9.05818	1.3019	18.3444	8.85053	3.72261	27.6274	4.55925	2.59918	13.9756	4.62021	1.20095	21.7687	3.33421	3.90626	10.9942	
8.74342	1.96259	26.8819	6.47685	3.80101	14.8392	3.18536	3.12311	8.67713	4.33963	1.91215	18.7563	7.69391	3.7816	21.3494	6.19846	2.44994	21.9881	8.06939	2.64668	39.1567	0.30479	3.288	1.0724	1.00085	1.56097	2.95809	5.58114	3.65488	18.9956	4.41798	1.08228	21.7235	6.34392	2.55506	27.1953	
7.83707	1.386	32.4817	6.73401	1.67614	14.1765	5.31798	2.55605	20.4702	5.50723	1.09425	13.8007	6.48648	2.56054	19.6094	5.83671	3.29297	26.7341	8.79169	2.80733	39.724	2.40628	2.37349	5.26397	2.91904	2.04639	8.48852	3.41733	2.33602	13.984	2.48963	2.50017	11.4543	5.32345	1.17714	19.1105	
8.70037	1.36674	20.42	5.86826	2.37346	20.8273	2.04072	3.12705	7.44357	3.35804	1.4428	12.7501	7.8637	1.52724	22.5957	5.94546	1.35605	15.9317	7.17654	3.38019	28.7968	1.27239	2.60969	3.25049	0.390361	1.84088	1.66209	6.51257	2.62868	23.1276	5.18376	1.91393	20.5697	6.45854	3.3272	17.0702	
8.75533	1.52543	35.3453	5.01486	3.83101	17.5275	1.43765	3.99236	3.36475	1.9949	1.17289	4.78225	8.35342	1.75472	39.2925	5.82324	2.43786	24.7668	5.56363	2.333	16.063	3.60059	3.5261	7.98609	2.58851	3.36478	7.4611	8.29867	3.86085	36.823	6.7998	1.98238	26.0759	6.95661	1.36881	24.4284	
4.63039	1.28188	20.5321	5.06911	1.56626	17.047	7.18633	1.29824	22.8444	5.55967	3.34428	19.598	3.14663	2.29215	7.90703	3.46663	1.53102	6.96495	7.49941	1.13859	18.3836	5.17487	3.65984	13.8132	4.99398	1.35048	14.2955	2.61399	3.57821	6.31232	1.32704	3.13696	3.74451	2.18476	1.96472	8.58264	


# This instance was randomly generated with the following parameters: 
# SIGMA_MIN=1
# SIGMA_MAX=4
# CAPACITY_OVER_DEMAND=2