11	22
68.5841	741.891	46.1911
11.7765	1208.29	125.43
120.657	681.552	46.1882
161.575	1200.03	127.162
43.4407	1233.3	137.092
134.607	1121.74	112.725
109.177	846.784	71.5173
96.7769	789.64	61.6201
3.00242	822.217	57.7572
174.219	1154.41	113.377
146.69	1302.09	157.488
0.868726
7.31902
5.91507
0.96927
2.98568
8.94059
3.22723
6.18758
7.50496
5.10941
2.80082
1.16362
4.86788
6.57447
1.77937
2.93579
4.97151
2.08314
5.75526
7.50422
6.81315
9.37806
5.88323	2.28601	28.4146	6.35214	1.49491	28.1566	2.06358	2.96568	7.84068	5.61619	2.52464	21.9004	5.01004	3.24523	21.3723	1.88711	1.64685	7.70894	3.21996	2.32925	11.3995	2.55528	1.90109	10.2026	5.57753	2.87116	17.0108	8.39975	3.34566	28.6097	3.23365	2.29183	11.5611	3.5531	3.44482	7.57135	4.09234	2.83302	8.60874	1.40357	3.37781	4.02715	2.33202	3.19722	8.13825	5.44563	1.57251	11.3496	4.4296	2.37355	21.0861	5.58508	1.37759	27.2185	2.53444	1.33507	8.30905	5.80249	1.87401	19.9361	3.39736	1.38757	9.51248	5.55193	3.58498	17.5668	
5.44176	3.64397	12.6904	6.60635	3.4113	21.168	3.59138	1.6503	15.1439	4.81939	3.06751	12.8123	6.21103	2.04695	15.0735	3.30002	1.11877	8.17727	1.97902	3.42957	7.212	2.03219	3.21358	9.26447	6.34361	3.13057	21.6716	7.63102	2.11169	19.5169	1.70312	3.66485	3.4651	2.50768	3.83172	12.5108	4.06463	1.96776	10.5454	1.51039	1.52391	6.89401	0.98261	3.49674	4.44863	3.90531	3.9121	13.83	2.93439	1.98126	13.5433	6.83472	3.95134	27.5163	4.19735	1.91828	19.5577	6.85297	3.18942	26.7201	3.15923	1.85928	12.2967	5.3269	3.92661	21.945	
1.96681	1.03203	9.42268	2.28563	3.43915	5.36895	9.33444	3.53777	34.5024	3.06853	3.59176	13.2284	6.02215	1.39511	20.6701	9.33348	2.67621	26.4666	9.08807	1.6403	22.4217	9.38201	2.74931	28.3527	4.27344	3.91818	13.1475	2.46492	2.35376	6.75393	8.49506	3.31068	38.2381	9.6895	2.7522	27.491	3.51996	2.15437	9.55142	6.29248	1.77347	21.1165	6.46597	3.00584	16.4976	6.07959	3.00865	16.8808	9.38182	3.45491	34.232	6.3895	3.9182	15.0785	9.31902	3.87964	38.622	5.48395	1.67041	26.9355	4.26646	1.34029	20.5083	2.06219	3.15078	8.95121	
0.513326	3.64271	2.43867	2.83896	1.9949	13.726	7.33847	1.68651	16.4438	0.97367	2.409	3.75457	5.45793	1.111	19.0563	7.26786	2.11227	18.5251	6.61824	2.74153	24.5759	6.96956	3.15372	17.3497	4.14476	1.88696	15.4693	3.05223	3.22313	8.05362	6.01792	2.38329	24.5234	7.22165	3.91912	23.3697	1.69059	3.24799	4.71605	4.04907	1.03881	12.523	4.01919	3.02955	10.7859	3.87675	3.3616	14.3725	6.9112	3.28965	19.3103	6.00723	2.94687	23.8456	7.47776	1.31252	18.8377	5.32976	3.34622	23.899	2.04868	3.59302	7.83931	0.888464	2.4453	3.64317	
4.88127	2.94706	12.1964	5.73191	3.00062	17.0196	3.26849	3.91707	15.5957	4.48454	3.56909	21.5993	5.16636	2.13191	16.8184	3.07645	3.81432	10.6602	2.99779	1.09394	14.7452	2.80532	3.04352	7.57792	5.32984	3.61758	13.2876	7.29329	3.24714	25.7275	2.74829	2.72936	10.6311	3.48962	2.30226	11.8941	3.26782	3.80177	6.99627	0.49195	2.35933	1.53964	1.20118	1.50676	3.36776	4.28588	2.65915	8.60631	3.9777	1.62288	17.3056	5.79229	2.96796	27.0603	3.70864	3.3723	12.0254	5.80832	2.37498	13.0756	2.4394	2.5535	11.4387	4.64648	1.56395	19.7563	
5.75186	3.76072	18.1847	7.15914	2.48001	26.0643	4.19514	1.10252	10.2025	4.97257	2.32632	14.9501	6.9916	3.64635	30.9704	3.86495	2.63244	11.7034	1.39533	1.09108	6.4932	1.91195	2.52671	9.44455	7.04227	1.39507	19.6717	7.73206	1.01217	23.4093	0.944575	1.35881	3.33108	1.98914	1.53379	5.60924	4.58697	3.56812	20.3454	2.26228	2.59909	5.68163	1.2608	2.09864	2.81437	3.53607	2.55369	16.4926	2.15731	2.73942	4.58289	7.6197	1.51311	26.4625	4.86256	1.48829	15.7623	7.60681	3.77197	36.7323	3.65481	1.79903	12.0305	5.73284	2.73551	27.529	
2.86251	3.03179	9.68216	4.50107	2.73482	21.6189	5.49078	3.54903	25.7368	2.23041	1.57165	6.84001	5.54069	1.65254	26.6901	5.33356	3.27108	24.0256	4.27617	1.83107	16.0358	4.63628	2.97329	14.6444	4.92643	1.8476	17.5952	5.05052	2.29187	16.5758	3.69896	2.44553	12.1153	4.87702	2.37593	16.9463	1.99921	2.8116	5.74488	2.07065	1.14109	6.23892	1.67147	3.30525	4.23821	2.74484	2.86517	12.4713	4.67946	1.72539	19.2859	6.18014	2.97125	25.1721	5.8207	2.34604	21.2796	5.82891	2.05152	26.2444	1.16151	3.8879	3.41786	2.87524	1.76494	13.0928	
6.34998	3.68315	12.8497	8.73713	2.39052	35.2469	8.47454	3.62593	25.5093	5.08262	3.019	21.7301	10.1694	3.31118	33.6289	8.14458	2.84585	31.5183	4.57999	3.23477	14.5355	5.75051	2.62398	22.5624	9.53632	3.50303	42.116	6.76588	3.69353	18.2144	3.99073	3.77848	12.7079	4.95604	1.33224	21.978	6.5398	3.05983	14.6699	5.84559	3.89983	23.6341	4.44936	2.28224	10.4874	2.08235	3.33415	8.16804	3.60049	2.16016	8.31346	10.8132	2.88231	27.5085	9.12136	2.32152	44.726	10.4803	2.19648	49.716	5.80674	2.88195	22.9569	6.81175	3.65342	21.4154	
5.69192	3.59212	27.6245	6.9925	1.9401	31.1563	3.89361	1.46581	14.282	4.97652	2.64648	12.9894	6.70057	3.07583	20.8133	3.57254	3.75028	13.5509	1.54829	3.76908	3.71677	1.83928	2.86135	5.99404	6.80202	2.63655	21.3945	7.76307	1.85397	30.679	1.2139	1.21877	3.97663	2.11157	1.54614	7.90155	4.43062	3.81702	14.7152	1.98708	3.01452	4.89309	1.16346	2.26292	4.19389	3.73992	1.53937	13.731	2.44378	3.7122	10.8918	7.32523	1.98432	15.8	4.54767	1.70337	10.2189	7.33436	1.23377	16.0779	3.50743	2.18419	7.30451	5.63122	2.4393	26.0498	
3.20073	2.17975	7.17551	3.69876	3.86018	7.705	4.55395	2.79716	16.906	3.26043	3.93409	13.294	3.83323	1.41389	14.7683	4.51665	2.43262	20.959	4.91495	1.76818	13.003	4.83819	3.96481	15.5023	3.49133	3.41224	15.6005	5.85907	3.97353	18.7202	4.52234	1.8908	10.8917	5.45361	2.37244	25.7444	1.3168	3.9921	2.94032	1.55592	3.77428	6.02543	2.41234	2.30646	6.22964	4.4852	2.68163	22.2421	5.68957	1.93791	12.9678	4.47791	2.0247	12.3362	4.66768	3.32113	13.3819	4.22189	1.53445	19.6698	0.841812	2.30047	3.91046	2.79062	3.56766	12.534	
8.21	1.58148	30.0634	8.71145	1.02857	39.5212	1.68276	1.34243	6.99972	7.81238	1.20141	25.1587	6.88821	2.92527	21.72	1.30554	1.29276	6.26113	3.14826	1.24013	14.8828	1.93849	1.15113	4.82889	7.77503	3.4271	17.0703	10.6291	1.57171	33.0203	3.63213	2.75256	8.5387	3.04783	2.23338	9.10168	6.46931	1.64107	20.9451	3.70158	2.74504	11.8555	4.09848	3.77568	10.3653	6.98027	2.87983	27.3661	4.43324	3.92714	17.3794	7.3731	1.93311	19.0138	2.48933	1.77135	8.4302	7.79224	1.29445	26.9362	5.73569	3.21268	11.643	7.91776	1.34123	34.2472	


# This instance was randomly generated with the following parameters: 
# SIGMA_MIN=1
# SIGMA_MAX=4
# CAPACITY_OVER_DEMAND=10