10	20
17.8606	676.919	42.2012
26.0697	982.763	85.605
141.949	433.421	15.9158
67.1686	476.458	19.1529
154.218	377.419	13.5538
38.7384	1119.42	112.394
42.9256	559.886	29.9157
81.2154	526.699	27.2068
18.3451	873.758	69.0616
143.216	819.634	57.5949
3.82703
1.99006
1.07364
2.54334
1.10044
3.18239
2.3772
3.489
0.767666
1.55455
3.65868
3.8093
3.26732
1.54741
2.90342
0.350719
3.91005
4.49202
0.332962
1.08297
3.85844	1.68823	15.1935	3.97805	0.765974	17.6456	5.91988	1.20137	27.7011	7.29637	1.24415	22.3079	4.51845	0.719398	17.4332	3.74767	1.40178	11.5695	9.7798	1.01365	40.4681	3.83193	1.62974	17.1589	1.75999	0.747354	7.00367	3.73251	1.40704	13.1604	8.87533	1.7872	31.8404	3.57009	1.43055	11.1893	3.14489	1.77546	15.6357	1.52021	0.505763	6.12519	7.57554	1.1242	28.3918	6.05556	1.81127	23.2081	4.33845	1.01468	10.967	8.00135	1.46244	19.4867	2.30647	0.570794	5.49633	1.46046	1.04213	5.00846	
6.10566	0.546666	30.4165	7.30691	1.35659	18.9977	7.76009	0.940098	22.5613	2.68394	1.39265	11.2236	4.50348	0.644787	18.021	4.31196	1.3455	18.4936	4.13696	1.95432	11.9931	6.46796	1.96639	25.5134	7.65992	1.62066	33.1955	7.76356	1.24504	32.7119	3.78411	0.927527	10.2532	5.54841	0.986862	20.3102	6.2322	0.604235	28.0188	5.70573	1.65724	17.3719	2.27608	0.595547	4.90772	1.37627	1.68603	2.96415	3.24273	0.932107	11.0293	0.950152	1.4807	4.35589	7.78652	1.44971	29.4506	5.63896	0.551486	13.0575	
7.6072	0.919288	18.1838	8.39185	0.966325	40.1886	9.9315	0.875057	48.3457	7.67592	1.97872	22.6991	6.96934	0.729127	21.387	6.09385	1.25916	27.0673	9.69492	1.78555	46.9033	1.80529	0.608177	8.41882	6.93063	1.58952	16.9558	8.44381	1.9433	31.6583	9.16289	0.649252	27.622	1.72631	1.27601	7.08181	2.26956	0.891733	10.5632	5.13639	1.83849	24.6899	7.54153	1.58552	17.7411	4.26229	1.6328	9.30186	2.9158	0.625136	11.734	6.38381	1.49603	17.1588	4.12218	0.533423	10.3296	4.82422	1.18799	19.3817	
4.16218	1.88719	19.0423	5.35246	0.800472	22.9154	5.45558	1.93142	15.8604	0.989544	1.37764	4.41248	2.48453	1.71592	8.65753	2.74082	0.550448	8.43722	3.46503	1.18373	13.3538	7.11396	0.644167	17.5467	6.36102	0.939001	13.2911	5.90079	1.12409	19.4451	2.61167	0.764087	7.82661	6.15927	1.14128	18.6148	6.65451	1.61809	19.3051	4.8064	1.14234	10.2385	1.29212	1.85665	3.32392	3.0334	0.586517	8.19523	3.97037	0.672094	18.4826	2.88684	1.63054	9.54382	7.72777	0.950643	18.7881	4.8808	1.49071	18.3533	
6.15664	1.01762	15.6061	7.35841	1.73003	33.2719	7.48447	1.67276	32.1703	1.81201	1.92136	8.60442	4.48094	0.841802	15.1736	4.54988	0.598932	18.5941	2.88289	1.01769	9.38425	7.59867	1.87654	28.1321	8.10801	1.37602	36.4974	7.8829	1.77757	35.86	2.58268	1.67817	10.6548	6.65922	0.605651	25.3917	7.30531	1.33623	28.5343	6.30796	1.07987	26.4943	1.26229	1.4421	5.75136	2.58495	0.659589	8.10357	4.32447	1.46316	18.2131	1.00151	1.27051	2.49306	8.73909	1.69136	23.0278	6.29928	1.48481	22.5509	
5.26449	1.6453	25.8959	5.17361	1.80295	11.3857	7.15252	0.682097	35.0272	8.80526	1.10298	24.3467	6.04305	1.18764	19.7648	5.27871	0.852907	18.1421	11.2883	0.533756	49.3459	3.9381	1.15411	14.7029	2.68162	1.85969	8.27596	4.79646	1.40286	19.0263	10.3938	1.84582	48.0637	4.04971	1.89241	10.3659	3.39634	0.748606	14.2102	3.0436	1.56875	7.38058	9.06438	0.832933	18.7311	7.28822	1.26832	35.3926	5.44118	0.567125	16.1817	9.34455	1.46365	22.9167	1.71699	1.30247	5.07433	2.94422	1.48195	10.306	
3.39135	1.29881	15.0425	4.43243	0.942696	19.4941	5.61339	1.74662	17.4443	4.01862	0.758426	20.0322	2.47744	0.695708	9.18089	1.63678	1.18122	7.68036	6.45952	1.20795	29.6913	4.26345	1.31643	17.5663	4.16412	1.61995	11.6685	4.71546	1.91182	13.731	5.64382	1.17721	27.5732	3.35021	1.50078	15.7908	3.71697	0.502703	16.8118	2.15355	1.18315	6.91153	4.18152	1.44502	10.6502	2.74584	1.74567	5.60109	1.796	0.695982	8.0206	4.48123	0.821428	21.4709	4.69743	0.642169	11.1101	2.09342	1.25333	5.88104	
5.16875	1.16943	19.5317	6.27786	0.879067	16.8266	7.24674	1.76086	19.8646	3.85882	1.68406	16.6185	3.90461	1.87429	17.3368	3.2972	0.871644	15.0131	5.95202	1.82541	24.9947	4.38739	0.843493	19.2292	6.01801	1.62696	19.7513	6.60097	1.30799	25.9208	5.35906	0.539182	17.4479	3.44669	1.57947	12.9415	4.10503	1.18787	15.1369	3.93992	0.967397	19.4995	3.73904	0.820131	14.7996	0.926493	1.39989	3.72031	1.11428	1.40496	5.1139	3.07281	1.73708	6.26922	5.65645	0.90244	16.1474	3.79824	0.770588	18.4865	
6.64955	1.90048	24.6045	7.78863	1.88777	17.707	8.62396	1.42021	35.3861	4.29804	1.62157	15.0405	5.25916	1.80408	21.1164	4.76697	0.778595	18.339	5.87029	1.19587	11.9441	5.13798	1.87894	17.344	7.56722	1.14806	37.4669	8.13687	0.549704	29.0271	5.51825	1.24109	21.7421	4.3002	0.701069	18.0986	5.04971	1.88043	18.6977	5.47865	0.991703	12.0555	3.96799	1.19281	10.68	0.842444	1.12649	2.93011	2.28834	1.54934	11.2882	2.37697	1.35614	6.03727	6.81258	1.3785	31.286	5.31808	0.914661	16.8	
6.44202	1.55902	20.2037	7.32242	0.595591	33.0738	8.74017	0.761604	34.1051	6.30747	1.60027	22.5119	5.66481	0.538842	17.4821	4.81992	0.883407	10.2444	8.38378	1.46314	33.132	2.22628	1.15191	6.7391	6.16969	1.83813	29.6184	7.44844	1.25116	30.7038	7.81572	0.521833	24.9779	1.49375	1.58335	5.57849	2.26541	1.30407	7.48971	4.19553	0.636901	12.0038	6.19494	0.661808	18.2867	2.9992	1.81789	11.4414	1.53575	1.27943	6.28611	5.20433	1.09951	17.9669	4.17113	0.859542	14.8222	3.91022	1.14452	13.1111	


# This instance was randomly generated with the following parameters: 
# SIGMA_MIN=0.5
# SIGMA_MAX=2
# CAPACITY_OVER_DEMAND=10