4	8
25.2145	611.552	33.9799
156.568	749.625	55.5106
54.0602	933.67	74.5102
91.7225	984.152	80.4786
2.94174
1.18346
0.283446
3.63798
7.53767
3.01981
1.9882
3.85564
8.01303	1.36495	31.7192	3.4318	1.96474	9.46121	4.56456	1.39034	11.9531	2.31617	1.58272	5.62115	1.06149	0.566487	3.11833	7.28157	1.19393	26.3862	4.59407	0.62144	18.006	7.16312	1.61668	26.7505	
8.87192	1.32476	25.3183	3.64373	1.33163	13.916	5.14868	1.00144	17.9928	1.39648	1.52137	4.6198	0.0368782	0.854449	0.115751	8.29018	1.86539	26.9257	5.38769	1.58273	24.3667	7.8127	0.703683	31.8702	
1.0208	0.901058	4.60766	6.46001	1.30289	21.49	4.43813	1.3006	22.0308	9.28637	1.52938	28.8176	8.52836	1.97663	30.4622	4.97434	1.46684	16.949	7.49884	1.28048	17.9007	3.28496	1.99432	7.39493	
8.78882	1.45764	39.5638	5.3019	1.8181	19.5765	6.06073	1.40159	16.2872	3.84223	1.19622	16.9066	2.49722	0.963239	8.65605	6.56618	0.838737	15.9124	3.03153	0.53979	13.0028	8.45939	0.773082	28.0064	


# This instance was randomly generated with the following parameters: 
# SIGMA_MIN=0.5
# SIGMA_MAX=2
# CAPACITY_OVER_DEMAND=10