4	8
63.8423	1116.29	110.776
129.457	1058.46	111.129
102.431	1179.1	138.189
49.5821	475.355	19.5319
23.0289
13.9315
14.585
19.6123
15.3612
21.5428
13.5452
4.93486
10.0639	2.38743	47.47	5.97722	2.83661	21.9893	9.61044	1.95688	35.7056	1.80394	1.61508	8.20691	2.19248	2.70359	6.28071	5.56187	3.00115	18.4208	7.97129	3.57888	17.7439	5.88462	3.83115	27.2985	
10.7708	3.85422	43.8622	5.74664	2.91381	17.5096	9.66671	1.97482	39.7344	3.99288	2.94268	9.51991	6.18618	2.56547	26.7055	5.75579	3.48711	12.4161	8.68529	3.15514	36.0169	2.39912	1.33264	5.27491	
2.21826	1.42087	5.9219	2.93542	2.76433	9.13809	1.15017	1.75863	3.66926	10.1447	2.642	32.8346	8.99315	2.63543	37.4454	3.04341	1.83148	7.82072	1.08984	1.81889	4.34821	7.71469	1.21712	36.1087	
7.18817	3.72763	15.5982	7.29623	2.95198	35.4425	8.1214	2.47036	36.2948	8.61613	2.8655	37.3163	5.58229	2.06997	27.1254	6.67228	1.62858	26.0078	6.20414	1.12524	16.1653	11.033	1.87997	26.2721	


# This instance was randomly generated with the following parameters: 
# SIGMA_MIN=1
# SIGMA_MAX=4
# CAPACITY_OVER_DEMAND=3