9	18
115.683	1063.26	107.015
65	736.45	47.9929
54.743	903.631	73.6891
13.9817	1209.4	140.431
61.9004	837.687	58.4606
143.45	1045.08	96.9559
105.826	922.568	74.2842
54.7839	1260.36	137.773
45.4746	1173.86	116.207
4.32897
8.10707
6.12904
5.49042
2.88032
6.39685
8.15202
4.21131
3.46687
4.62465
3.94133
1.21186
8.20828
5.0795
1.67352
2.64308
8.33183
0.403917
2.96321	3.67669	13.3299	0.909971	3.82	3.31738	5.79736	1.87343	19.2653	5.45528	2.86706	11.4135	9.72594	3.33343	33.9452	8.50319	1.11275	17.8962	6.52678	2.65633	13.4982	7.12268	1.29143	15.151	8.76416	3.01829	23.9036	5.03588	3.02124	20.738	5.78831	2.63341	27.3473	7.89558	2.21694	32.0088	3.73744	1.34639	10.8653	9.7704	3.80105	37.7231	8.53355	3.46843	38.4517	3.76995	1.73251	15.4422	8.17024	1.73035	26.9352	4.629	3.25216	18.8177	
6.95404	2.46231	26.4546	6.38614	1.00636	31.0402	9.46872	3.31643	36.6871	6.99591	2.87677	26.465	4.08014	2.97272	8.23675	4.08928	2.30691	10.2122	3.36044	3.78848	16.1405	7.50007	2.07479	18.3228	8.13691	3.23227	32.5784	2.32499	2.7396	11.4788	1.62074	1.04603	5.26422	4.85315	1.77265	13.8888	3.20911	1.72721	13.1087	5.28831	2.73746	20.4312	8.07864	1.1899	31.5103	6.50172	1.34241	18.6331	7.20138	3.79205	25.8686	4.60298	3.22862	13.32	
2.97149	3.47816	11.4987	2.54877	3.82061	11.5038	5.76912	1.95143	24.9371	3.93615	2.04218	15.3633	6.70951	2.61902	32.3945	5.4575	2.63607	13.1011	3.49228	3.20658	14.806	5.20633	1.94259	11.1095	6.57215	2.96456	31.5127	3.49792	1.90129	7.55783	3.91223	1.99293	16.8192	4.95766	1.78395	17.3701	0.832763	1.18476	3.07915	6.7368	1.31476	28.6228	6.39121	2.62708	13.2124	2.78367	2.44208	8.5255	5.80085	2.87375	24.6289	2.00517	2.89569	6.82038	
2.63083	2.92858	11.7331	2.21422	3.25778	9.87869	5.47978	1.67661	14.5624	3.78726	3.98748	18.9186	7.03565	2.85683	19.6446	5.73622	3.23012	22.6527	3.75639	1.61934	15.8639	5.14572	2.56785	11.3404	6.57622	1.76965	22.3527	3.78151	1.11712	16.2035	4.23505	3.01139	9.44778	5.16155	3.53095	17.6385	1.20018	1.66229	2.90551	6.99979	1.54699	20.7255	6.38416	2.31196	22.3268	2.52296	3.63002	10.4843	5.83779	3.85814	26.8068	2.05868	3.31953	6.40798	
2.67717	1.56064	6.02775	2.58421	2.27274	5.843	5.38043	1.4379	21.2831	3.48332	3.43997	14.2349	6.68613	3.84942	25.5338	5.32974	2.52678	13.6626	3.34233	1.20973	9.25496	4.76313	2.3597	19.181	6.15482	3.98718	27.7456	3.9125	1.43761	9.82207	4.28331	2.64597	18.4046	4.71352	3.65207	11.2272	1.09521	1.68663	2.81472	6.57934	2.16973	15.3486	5.96845	2.8389	28.3007	2.3791	1.73292	9.73199	5.40144	3.20352	22.4482	1.61177	1.85239	7.15777	
2.38708	3.28341	9.23305	4.40531	3.42911	15.6403	0.727759	3.57229	1.7479	2.26466	2.47247	8.6226	9.8923	3.43399	36.3958	8.0549	1.27328	35.0332	6.42472	2.55665	16.0346	3.54726	2.6827	12.0982	5.18536	2.45337	21.7125	8.54415	2.23717	26.8808	8.93882	1.53594	17.9781	6.68908	1.76026	21.9801	5.72966	2.4866	15.4193	8.86848	2.24789	37.6531	4.91486	3.58524	11.9713	2.281	3.74647	7.49376	5.12847	3.43175	12.1984	4.23601	2.97848	11.2265	
1.44943	3.44895	3.50657	3.46117	2.25624	11.5157	2.30425	3.93283	10.8311	1.31134	3.59302	3.04072	8.47694	3.51808	24.0083	6.69709	2.25839	16.6888	4.95379	3.31428	12.6161	3.02237	2.39685	11.1693	4.75838	3.65989	20.1742	7.03619	3.54355	25.6393	7.39296	3.89388	18.4773	5.43895	2.63205	23.5442	4.17847	2.12998	15.0929	7.62586	2.28564	17.8391	4.49828	1.4263	19.3183	0.767208	2.24868	3.37636	4.42433	1.2546	11.6461	2.68621	2.27358	10.502	
2.99058	3.8467	11.9912	3.41576	3.90329	16.0036	5.28176	3.2772	23.6013	2.96707	3.72934	13.9116	6.01657	3.30778	27.6224	4.52407	2.18268	19.46	2.53831	3.30728	5.58114	4.00888	2.85121	9.9241	5.29158	2.09274	20.3484	4.34097	2.44615	19.9306	4.54516	2.59077	15.2497	3.79322	1.7901	14.2153	1.43808	3.5742	3.9253	5.73022	1.38621	18.1492	5.12017	3.85793	21.6531	2.33842	2.96369	8.01212	4.5027	2.69606	13.0286	0.718622	3.94195	1.81412	
1.29585	1.01894	5.48844	2.87879	1.43485	7.06044	2.19086	3.56507	10.5126	3.1611	2.03007	14.552	10.1216	2.12307	20.2724	8.42169	2.90191	28.2797	6.56692	3.95241	17.2379	4.80606	3.13945	15.0445	6.53517	2.6902	26.3988	7.60562	2.99651	24.837	8.13289	3.77808	25.7213	7.2512	1.87963	34.176	5.05782	2.02242	21.4652	9.4254	2.08655	40.9363	6.26815	2.99168	27.6301	2.04062	3.2954	7.33297	6.27869	2.46082	12.8405	4.20402	2.54967	16.1391	


# This instance was randomly generated with the following parameters: 
# SIGMA_MIN=1
# SIGMA_MAX=4
# CAPACITY_OVER_DEMAND=10