8	16
109.476	501.013	21.8829
24.7832	1093.67	118.917
8.66693	676.711	42.2528
57.0887	1044.12	105.962
4.74663	1013.98	93.2947
68.5247	579.86	32.4171
92.0903	979.694	79.3445
129.673	1305.93	150.344
26.8288
39.5516
5.25953
10.5029
31.3468
39.5246
28.4065
39.1297
28.9815
32.0075
28.0745
24.0414
18.4544
43.6224
26.9764
6.90155
3.08566	0.979638	7.16047	1.17776	0.384463	4.35353	8.50887	0.708701	25.5479	2.2093	0.909272	6.06788	5.21817	0.721781	24.3895	2.75251	0.329334	11.9963	6.55203	0.303801	14.176	5.49127	0.773423	20.2402	1.9942	0.819936	9.30561	2.9631	0.556309	9.3344	5.62907	0.465208	27.7102	5.08299	0.333317	25.02	5.46215	0.821888	22.1986	5.13341	0.255544	19.1697	6.93442	0.283449	34.4474	4.86904	0.373935	16.2124	
4.07675	0.197105	18.0608	6.04331	0.866553	19.3373	5.48739	0.976825	11.6629	6.88341	0.116362	25.3031	0.201298	0.37814	0.490621	6.312	0.596357	25.2134	2.66208	0.359929	9.74397	4.47887	0.798802	12.476	3.39026	0.595972	14.5602	3.62647	0.830018	14.7589	6.352	0.379655	21.2619	1.90344	0.945626	5.93822	1.75357	0.97204	7.32622	0.809467	0.931905	1.7379	4.88294	0.241075	21.4719	0.229088	0.670565	0.691819	
2.6452	0.699787	8.0786	5.62183	0.243582	23.1118	11.7569	0.606994	32.3559	6.5327	0.401209	18.8312	6.82071	0.107853	34.0757	2.2742	0.837501	5.9718	9.12532	0.496632	18.6427	3.14606	0.693255	7.94997	5.70396	0.338238	19.2851	6.97763	0.722315	23.9268	10.1461	0.857973	36.0819	5.14498	0.268352	22.482	8.00651	0.227151	31.3926	7.20054	0.202643	31.0573	10.5818	0.222217	38.2765	6.44662	0.68097	21.17	
2.35596	0.94334	9.78932	4.90895	0.206633	14.2585	11.396	0.282678	48.6704	5.80686	0.641045	28.7411	6.62235	0.594023	28.4355	1.53935	0.900878	6.88514	8.83902	0.427867	41.3283	3.44097	0.656719	12.6569	5.17002	0.746763	15.1538	6.43933	0.155304	17.1473	9.54554	0.168045	41.8054	5.11305	0.113808	16.7664	7.70228	0.141397	32.376	6.94524	0.495131	17.975	10.1453	0.630098	50.2639	6.23743	0.862903	16.1815	
5.32719	0.252899	25.9851	8.30387	0.202895	17.7723	6.7628	0.662945	30.2606	9.2151	0.409898	28.8604	2.50784	0.539416	6.87532	7.79755	0.493611	16.3685	4.11255	0.596547	11.9065	4.46002	0.155338	11.8296	5.77414	0.399809	19.8375	6.12212	0.879255	17.5115	8.73266	0.78907	25.76	2.39148	0.24952	9.02574	3.77716	0.683277	13.0004	3.07084	0.876058	9.94662	6.73935	0.385817	21.013	2.66967	0.447954	11.18	
0.674028	0.806388	2.26033	4.68839	0.517773	9.89628	9.74531	0.77604	24.6357	5.70836	0.767249	24.8843	4.80247	0.527311	15.7932	2.37709	0.569899	10.3893	7.09555	0.278703	17.5441	2.11185	0.977057	5.21168	3.96446	0.162289	14.4281	5.21457	0.52897	18.8059	8.49522	0.23808	21.212	3.26302	0.42824	13.1044	5.97985	0.632311	28.2067	5.1705	0.323059	14.8486	8.62735	0.488134	25.2792	4.42426	0.441097	19.871	
3.44999	0.546522	16.6168	0.945634	0.422796	4.32905	9.1819	0.730136	45.0098	1.8965	0.137407	4.7482	5.9427	0.115785	15.4602	2.51816	0.815416	12.1126	7.2805	0.332133	33.9092	5.8635	0.828319	12.8836	2.71999	0.993832	9.26801	3.61329	0.209386	15.2468	6.03781	0.260969	27.6881	5.70497	0.934862	22.6335	6.19597	0.141114	30.8004	5.86884	0.6572	19.8828	7.57151	0.94849	22.6006	5.58878	0.161736	25.8956	
6.1981	0.351419	26.8129	4.27696	0.357405	13.3971	4.75898	0.791673	22.678	4.40995	0.465402	19.3978	4.67077	0.149685	17.1275	6.99152	0.753365	25.1698	4.0684	0.56147	15.6372	8.03395	0.397949	34.1867	2.91087	0.331238	9.27995	1.65188	0.33455	5.68472	1.71745	0.848185	4.95653	6.13734	0.697768	18.6611	3.57475	0.137464	13.436	4.09504	0.789884	14.8948	2.97201	0.669121	6.79087	4.60339	0.30062	18.8674	


# This instance was randomly generated with the following parameters: 
# SIGMA_MIN=0.1
# SIGMA_MAX=1
# CAPACITY_OVER_DEMAND=1.5