8	16
124.093	1135.1	114.28
107.496	996.413	90.7161
18.8682	455.078	18.7736
176.852	849.688	71.8115
177.063	362.911	12.0017
175.885	815.064	63.5008
56.7686	509.842	21.7517
134.204	1330.9	159.107
16.225
1.80236
4.80238
3.73218
6.14314
3.57781
11.405
3.2275
0.731064
11.3213
2.7774
12.482
13.168
7.18199
10.3292
1.48224
4.43183	0.216614	20.4405	8.28028	0.449425	30.8166	8.54923	0.546647	22.4829	3.81117	0.409882	11.3929	5.04177	0.464968	18.6737	1.32835	0.980459	3.51377	7.35701	0.42646	20.65	5.70529	0.525415	27.807	7.93787	0.507666	18.6292	5.64021	0.498011	13.9804	4.63494	0.506048	11.4376	4.29683	0.898396	11.4174	4.43539	0.609328	12.2576	5.57462	0.723912	13.8316	5.51785	0.455452	14.5394	5.33386	0.341878	11.418	
8.70427	0.926381	41.0846	8.02923	0.835275	33.4137	5.82675	0.562624	28.0381	8.72511	0.449907	23.0234	1.50368	0.68389	3.73221	4.27684	0.164598	18.5615	3.14457	0.85941	15.058	7.28255	0.957948	20.2095	5.26529	0.135944	23.6984	0.27377	0.739584	0.777698	3.61713	0.952735	7.87526	9.19826	0.89019	43.8412	9.069	0.400835	22.7835	1.67146	0.585218	3.83565	10.0605	0.355071	35.1068	0.711614	0.213569	1.85095	
5.65233	0.657546	12.227	1.97736	0.320889	4.14064	3.18329	0.132048	13.2209	6.56155	0.270056	26.856	4.69634	0.918499	12.6263	6.13376	0.390016	14.0988	4.56362	0.801732	16.8951	2.15428	0.226789	9.25313	2.86834	0.2434	11.4467	5.96485	0.438233	18.3194	2.72556	0.490289	11.3225	6.80936	0.682243	15.7095	6.32975	0.253752	21.8006	4.59277	0.340574	17.6992	6.80758	0.181142	26.1315	6.68999	0.302175	26.3507	
3.39175	0.648243	16.09	7.19456	0.718973	33.1087	7.82583	0.891252	22.3979	3.02638	0.425149	14.552	4.92923	0.248331	22.7692	1.96966	0.105769	4.08299	7.02327	0.232774	16.0232	4.52016	0.822483	16.4025	7.23999	0.991216	27.342	5.77472	0.217192	12.9901	4.01596	0.614657	9.49154	3.51672	0.949828	9.77481	3.52555	0.436525	9.57752	5.40387	0.440188	16.9106	4.60033	0.40252	14.6367	5.6732	0.989911	17.1694	
5.02543	0.285177	21.4548	2.44388	0.550473	10.863	5.95456	0.589718	25.9243	6.25825	0.101134	20.3387	7.76927	0.675863	25.5509	8.10342	0.682833	18.2382	7.81199	0.179475	30.581	2.283	0.132649	10.2628	5.85328	0.968608	21.5401	9.06664	0.406889	22.1959	5.66037	0.596173	19.8781	6.26943	0.478897	17.2126	5.68961	0.454164	19.3917	7.75352	0.425992	18.8758	5.62212	0.736553	26.6073	9.68679	0.897559	40.2583	
1.58789	0.855536	4.39333	7.8657	0.974972	16.8659	9.54833	0.714113	24.8211	0.408089	0.170306	1.16163	7.51648	0.894785	16.4532	4.62001	0.886774	10.5883	9.36203	0.161315	26.6457	4.87298	0.225367	20.0591	9.0406	0.816837	43.9002	8.46508	0.433574	38.6321	6.17347	0.635911	13.6421	0.854373	0.680491	2.90038	1.17137	0.575052	3.24572	7.93809	0.613803	36.5214	2.1687	0.921971	7.74451	8.41034	0.816795	27.1024	
5.93753	0.358913	25.4915	6.22083	0.613301	23.3935	5.33779	0.987164	14.7061	6.05004	0.726816	12.939	1.66639	0.553673	4.65742	2.48819	0.220543	10.0663	3.84809	0.787027	16.1385	4.75334	0.98221	20.3002	4.70552	0.117275	18.5438	2.69405	0.916369	9.64499	1.58975	0.620333	6.92254	6.50757	0.88297	18.3324	6.33383	0.533235	22.7782	2.13218	0.396689	4.41182	7.30079	0.154146	19.5605	2.94989	0.2477	12.5238	
6.82043	0.805309	24.6339	7.0064	0.459381	31.2811	5.67411	0.109761	15.0457	6.83528	0.384458	29.6334	1.22693	0.439173	4.94667	2.65015	0.208191	11.2971	3.69173	0.775931	10.5302	5.71253	0.305184	25.6225	5.04671	0.188362	14.1372	1.8592	0.481837	8.06694	2.32343	0.389109	4.65293	7.30665	0.814525	15.2492	7.17608	0.4556	33.2042	1.79157	0.674781	5.25258	8.17244	0.227581	28.9992	1.98326	0.294149	4.19448	


# This instance was randomly generated with the following parameters: 
# SIGMA_MIN=0.1
# SIGMA_MAX=1
# CAPACITY_OVER_DEMAND=5