11	22
92.2188	1051.38	106.486
2.11502	732.639	53.622
148.31	1163.67	129.902
168.699	468.242	18.765
84.9094	758.41	49.7622
169.609	546.274	27.3109
64.6791	543.844	25.9699
133.59	348.194	11.5945
16.3044	1215.81	135.64
22.3472	1025.12	94.0423
89.0428	1333.12	149.904
1.45627
26.0281
39.5872
2.64104
17.3234
26.8911
36.7874
26.8861
18.63
10.8056
40.1174
11.7884
29.005
6.29743
33.3519
33.0817
28.5867
20.342
42.1123
37.2161
15.0119
31.3848
5.31763	0.29951	26.3474	8.58176	0.591093	31.9799	6.13776	0.533587	27.112	7.73663	0.98303	31.2972	6.63286	0.169233	18.8905	8.50455	0.849979	33.274	5.63199	0.635612	23.9007	10.3363	0.491766	48.6872	0.412745	0.331652	1.22005	8.92265	0.713721	25.8387	5.93133	0.627433	20.4718	2.8831	0.96956	12.424	7.8046	0.579936	24.6964	7.81181	0.835584	31.9275	6.95272	0.318598	27.1935	4.20271	0.887961	17.1621	6.71224	0.248901	24.875	8.50822	0.750956	31.2694	2.59134	0.498371	5.98395	10.5531	0.483716	30.4328	8.86448	0.185971	26.9958	3.80721	0.435	8.13291	
4.36734	0.854914	9.82289	1.73281	0.590395	7.24331	2.80186	0.85738	11.5458	4.58657	0.92974	12.1591	4.28536	0.267578	18.8091	1.67027	0.570585	7.51739	2.53083	0.121395	11.2918	5.34281	0.416561	20.6269	7.02194	0.204365	16.4712	1.83263	0.949628	8.47051	3.37001	0.694056	13.2363	4.50131	0.59168	19.2266	6.50281	0.49655	30.5667	1.89838	0.892285	5.51085	3.28552	0.98394	14.2258	7.30953	0.783246	25.8804	9.23141	0.427787	21.1043	5.49583	0.160712	27.1507	4.57545	0.852511	11.6785	4.89973	0.158154	22.6888	3.07992	0.76303	11.7387	4.38004	0.267484	20.0967	
4.79199	0.280344	13.8434	9.56305	0.362181	19.4099	10.3184	0.498567	48.6916	5.81394	0.966576	15.7753	5.26851	0.343265	21.4475	10.7976	0.504436	34.719	9.65394	0.306246	29.1228	8.33964	0.323534	41.3155	7.22606	0.218894	25.9749	10.5209	0.914231	25.3707	5.84968	0.636706	19.7553	7.97595	0.541315	20.1716	3.98972	0.783539	12.6726	10.8849	0.300343	29.7225	6.38718	0.511684	18.3983	2.69743	0.812791	5.57839	0.232816	0.969369	0.9476	5.7457	0.648207	11.5344	6.47786	0.154278	19.1858	9.16564	0.563937	34.6223	8.48987	0.17069	24.6786	5.25714	0.926181	23.8672	
5.36833	0.216876	19.0763	6.99757	0.511494	17.6129	3.68927	0.708916	13.1441	7.48296	0.852646	28.2649	6.47715	0.594064	24.998	6.44708	0.727818	15.1228	3.29784	0.619314	12.6777	9.6498	0.192902	44.0343	2.31751	0.502101	6.18418	7.06508	0.483267	22.8183	5.47724	0.273487	23.1973	0.926106	0.742028	2.14086	8.25224	0.393868	30.7185	5.56032	0.109665	19.4224	6.35481	0.555358	27.3873	5.81236	0.140875	22.4232	8.42597	0.913374	38.0609	8.40807	0.508202	25.223	2.20518	0.916783	10.3062	9.60939	0.750604	27.0377	7.76563	0.29648	37.9996	3.87031	0.485899	12.0227	
3.5493	0.110919	15.7367	5.95403	0.137651	19.9447	8.75242	0.948686	29.1953	1.85734	0.352836	7.9706	2.50377	0.385778	11.4615	7.72748	0.32923	31.3805	8.18759	0.912609	31.418	3.39449	0.41453	9.86617	8.95446	0.782571	26.3626	7.05808	0.12031	22.8474	3.61473	0.300974	16.8713	8.03974	0.605323	37.8978	1.13135	0.952423	4.72065	8.33596	0.977944	41.5063	3.1925	0.830257	8.48868	5.43741	0.228174	21.3765	5.26201	0.68974	11.7787	1.03931	0.188445	3.58337	6.77357	0.789271	21.8648	4.34	0.166286	17.5465	4.32717	0.875958	11.9252	5.10861	0.420227	18.3826	
3.96851	0.331773	14.3925	1.39908	0.804272	4.66336	3.39981	0.704888	10.8484	3.97478	0.700436	13.383	3.7461	0.530158	13.4794	2.05961	0.347339	9.02729	3.0684	0.919621	9.5874	4.72312	0.118653	13.8546	7.16316	0.178562	27.0192	1.89094	0.59453	6.42847	2.90967	0.782237	7.84376	4.75715	0.934625	20.9694	5.93533	0.453499	18.1542	2.50676	0.640999	10.835	2.70247	0.593437	8.93517	7.03957	0.636236	16.6081	8.83564	0.509437	19.0217	4.8696	0.531318	16.1535	4.62659	0.614224	13.2899	4.32685	0.189001	18.8759	2.47835	0.704686	9.33314	4.1931	0.120236	11.5494	
6.49098	0.204073	27.8638	8.31216	0.138375	37.2688	4.75536	0.736108	12.3935	8.70414	0.748233	39.3776	7.66741	0.746642	20.1573	7.6744	0.314067	17.2378	4.46515	0.419185	11.6205	10.9479	0.52319	38.8226	2.08098	0.892745	8.82519	8.33991	0.357301	34.1326	6.71187	0.847226	26.583	2.23782	0.814643	6.69641	9.31427	0.355325	35.1676	6.71862	0.574411	16.7652	7.62378	0.600366	27.7575	6.39791	0.582485	23.3104	8.99644	0.256909	39.008	9.60661	0.737541	32.7866	3.26656	0.86572	10.6124	10.9287	0.181015	30.8841	9.08943	0.700956	35.7512	4.93942	0.158559	15.7718	
5.52586	0.705819	12.1757	7.97065	0.34895	21.1629	4.98185	0.621711	15.2032	7.8368	0.32353	19.5841	6.76533	0.490412	28.1829	7.61555	0.624968	19.2482	4.54997	0.491599	16.4977	10.2351	0.860255	26.6096	1.03815	0.798221	4.04287	8.15631	0.788156	19.6309	5.88933	0.566703	27.7862	1.87181	0.438422	6.70706	8.27113	0.714223	40.0927	6.79714	0.830133	20.8442	6.85714	0.214123	19.7903	5.19808	0.153007	22.9128	7.79364	0.840587	36.6179	8.69951	0.236311	39.5241	2.35267	0.535818	7.48627	10.3143	0.189229	51.4966	8.52609	0.756295	28.4634	3.95461	0.887734	9.6776	
4.90278	0.706327	23.3418	7.89796	0.704321	33.921	5.4102	0.993512	12.4975	7.28657	0.21043	22.2722	6.19197	0.511633	13.978	7.77527	0.838636	16.0781	4.89754	0.633898	18.8433	9.81174	0.786934	36.9475	0.670321	0.149117	2.093	8.20974	0.34455	35.2564	5.4129	0.52369	24.8195	2.15143	0.20141	5.15624	7.5345	0.833601	32.2889	7.07499	0.784642	17.8791	6.41939	0.857643	17.4357	4.27148	0.887513	14.2483	6.85827	0.516009	31.2983	8.10184	0.249331	31.2937	1.95268	0.757721	5.99838	9.97925	0.974553	42.2089	8.25423	0.395632	33.3252	3.34675	0.217546	15.7284	
0.994852	0.285669	4.32788	5.89747	0.607379	16.3901	6.52118	0.790113	31.9667	3.11054	0.898238	13.2589	2.07951	0.23861	8.95308	6.94692	0.259092	27.2035	5.86259	0.733503	12.925	5.92065	0.77974	29.4916	5.19048	0.295951	17.1636	6.76378	0.201994	23.4333	2.1246	0.854281	7.77549	4.71654	0.155527	19.8752	2.89471	0.724415	9.6028	6.99151	0.809468	18.7965	2.95129	0.606656	6.4117	2.29865	0.470602	5.54288	3.95084	0.763227	13.1719	3.69507	0.327884	14.2533	3.26354	0.269381	11.2774	6.43534	0.350083	24.1172	5.20811	0.545191	24.2385	1.63874	0.477503	7.82522	
1.66459	0.182454	6.39398	5.36498	0.773694	22.6683	7.27451	0.302659	30.9164	1.52153	0.977726	4.72564	1.06442	0.825263	3.29322	6.85181	0.696559	18.6253	6.66203	0.541482	20.1838	4.27599	0.448983	20.6266	7.03717	0.488092	30.2424	6.39754	0.181739	14.1955	2.0615	0.745337	4.36393	6.18894	0.712851	21.0125	1.28734	0.209229	4.66764	7.21844	0.653476	28.2585	2.17308	0.790115	9.55799	3.84214	0.796756	16.0155	4.47997	0.261902	17.4316	1.84373	0.940203	7.61331	4.87317	0.686503	10.4405	4.95962	0.249905	13.9554	4.16071	0.45446	18.1516	3.19862	0.725831	11.9531	


# This instance was randomly generated with the following parameters: 
# SIGMA_MIN=0.1
# SIGMA_MAX=1
# CAPACITY_OVER_DEMAND=1.5