6	12
46.434	1077.21	96.1448
168.958	1024.35	95.8312
119.705	442.51	17.9795
102.547	599.707	35.8505
173.338	1151.49	129.048
146.673	845.271	61.3645
16.6892
9.58201
5.59869
4.39508
5.15173
1.75979
8.75583
1.81213
9.46813
1.07069
11.8231
11.1372
5.5823	0.616048	20.9297	5.09225	1.35791	24.6422	7.17555	1.34219	21.6254	5.07459	1.68914	18.1663	0.319348	1.01378	1.52346	7.66968	1.01934	30.0666	7.34493	1.74008	34.0213	8.58393	0.938502	37.437	7.07453	1.21502	14.7306	4.34486	1.19747	14.8544	6.33093	1.24985	28.9068	1.94356	1.62616	8.99344	
6.67648	1.06177	28.1636	3.41471	1.16414	11.4494	7.65915	0.883682	20.4053	6.53572	1.31958	32.1466	1.48824	1.36309	4.21342	7.22662	1.04988	20.7982	7.60052	1.87453	31.0384	7.93094	1.94929	38.5765	5.47812	1.32171	16.4144	5.94423	1.50178	21.1861	5.34338	0.625474	12.7806	1.09531	1.30342	4.71337	
3.91711	1.34074	9.71133	5.66414	1.61364	18.789	5.64454	1.44783	15.1957	3.54515	1.50043	11.2325	1.82062	1.7952	7.95737	6.71996	1.56618	23.6299	5.92425	1.37484	22.7465	7.77695	1.05191	22.4237	7.40371	1.38219	18.7633	2.98075	0.604674	12.0589	5.95253	1.24482	21.1589	2.45571	1.10796	10.8209	
1.55827	1.47001	7.21599	7.27316	1.00231	20.0228	3.85337	0.665593	10.0784	1.61482	1.10766	4.86483	4.19599	1.81074	16.2722	6.18809	0.964174	16.8816	4.43325	1.20339	20.7102	7.40933	1.40217	21.0983	8.64272	0.944933	32.7907	1.80706	1.55352	4.01052	6.43367	1.84524	24.8366	4.44806	1.48979	9.07563	
1.21065	1.86567	4.85804	7.92355	1.09371	17.1448	1.67228	0.766647	4.79221	2.9458	0.606583	8.46141	6.05119	0.915579	23.1965	4.89491	0.688635	14.3998	2.45023	1.02086	10.1644	6.14746	0.90139	14.3536	8.81068	0.923023	31.4251	3.72026	1.09177	8.95321	6.07285	1.19502	13.7492	5.77933	1.8635	19.6234	
2.85724	1.57044	13.0359	5.61473	1.51232	27.6003	2.91969	1.51199	12.0024	3.94002	1.66826	14.3809	4.37154	1.43843	19.8927	3.88659	1.30138	16.6062	2.96062	0.91326	13.7023	5.06692	1.07094	16.8811	6.60488	1.7919	28.5201	4.19248	1.61834	11.359	4.10446	1.69481	19.7561	3.67647	1.44941	17.277	


# This instance was randomly generated with the following parameters: 
# SIGMA_MIN=0.5
# SIGMA_MAX=2
# CAPACITY_OVER_DEMAND=5