8	16
1.09528	1182.97	128.575
60.2455	1207.93	137.411
69.8366	997.739	84.9888
71.6278	658.577	43.2012
97.0607	1140.11	121.664
18.6069	453.225	20.0873
11.5628	1204.13	131.244
84.6568	1285.62	137.744
6.44145
0.17513
2.39529
10.6014
3.78914
3.84655
4.68704
5.5172
2.40762
4.38912
10.1794
4.72211
3.93304
1.02098
10.093
6.29308
5.61758	2.78389	18.511	0.679208	2.41484	2.14313	1.01614	1.80824	3.96442	2.31745	3.51382	10.6344	4.15625	1.95882	20.2247	3.15877	1.02439	11.4381	4.69305	1.80007	18.9726	4.90044	3.32516	12.3355	0.28035	3.75132	1.2283	4.68499	3.02813	22.0612	4.47724	1.19813	13.2367	3.95007	3.88832	11.0693	6.07318	1.39102	25.933	1.76322	2.60311	3.79834	4.07518	2.50364	11.9402	1.61081	3.72491	3.45759	
7.42977	1.1872	29.4472	4.18288	3.78221	13.1116	5.52262	1.83562	23.2666	4.7106	2.01672	22.8035	4.16848	3.48684	12.9818	7.82077	3.46555	34.4353	8.95028	2.23866	32.6314	8.62844	3.7517	34.8899	4.86826	3.70118	21.2391	9.31889	2.66802	44.9256	0.216452	3.16728	0.810699	8.25356	3.13686	18.1185	8.09364	2.77349	31.7982	6.25356	2.56308	24.2716	3.71711	2.12444	8.34642	4.05356	2.04123	10.4529	
7.54647	2.59739	19.5116	3.65192	3.17544	15.3689	2.74798	3.52245	11.2303	3.14528	2.92787	9.908	5.21355	3.69356	21.1731	1.74836	2.462	6.42105	4.39141	3.865	15.7238	2.31486	1.65893	5.81265	2.9245	2.0152	14.2836	2.2473	1.40147	10.6601	7.16469	2.36552	30.0259	0.973698	2.67814	2.74478	4.81586	1.94336	13.9463	1.22064	1.48011	2.58291	5.39798	1.96077	11.0214	3.39291	2.35712	16.2556	
3.3578	2.94037	6.80269	2.29777	1.16414	8.83468	2.93553	2.91011	11.4921	4.92832	1.7459	22.1261	6.1449	3.17498	19.9068	5.12814	2.88947	24.6651	5.19583	1.54644	23.0349	7.77333	2.32336	32.3614	2.84435	1.59475	7.50164	6.80317	3.52634	15.4762	4.18319	3.4055	14.8097	6.63394	2.96451	26.5116	8.87604	2.94601	36.1262	4.49086	3.61474	11.5151	5.87656	3.09201	12.0072	4.00641	1.51951	16.9228	
9.60729	3.46948	33.877	6.04138	1.16534	28.864	5.10009	1.75757	18.663	5.03145	1.27658	23.8777	6.78262	3.48915	28.2761	3.33824	3.34757	9.90895	5.64665	3.56599	15.6804	1.59099	1.50281	5.12806	5.31678	1.30738	26.0563	2.28233	2.54852	8.51242	9.3818	3.29923	34.7385	1.41917	3.3394	6.97875	4.78512	1.40312	17.019	3.61181	2.0524	15.1799	7.0791	3.10623	18.7317	5.54209	2.86715	22.2279	
10.4801	1.10262	30.2163	5.36343	2.41328	20.6815	5.49388	2.26662	16.4159	2.70097	2.44833	10.6926	2.86502	3.53142	10.6504	5.77341	1.72749	19.9351	8.35803	3.69248	34.8202	3.09275	3.4866	11.8022	5.06078	1.20163	12.6258	6.08144	3.91762	30.0143	6.64839	3.66368	32.8595	4.13231	1.27767	15.6621	1.29387	2.16151	3.16445	4.21368	2.65162	10.8467	3.30356	3.76492	15.7913	3.64107	2.64774	9.10049	
7.62695	3.72696	25.0643	6.22012	1.7152	28.7106	4.89217	2.21736	15.1668	6.761	1.11202	31.0732	8.88351	3.92557	34.1243	2.57064	3.80796	12.8263	2.91061	3.76591	12.026	4.92071	3.19435	20.4353	5.51471	3.32821	23.4693	1.52583	1.3182	6.82322	10.2005	2.56421	30.4702	3.48279	3.40308	16.6321	8.08244	3.81204	20.6309	4.3593	2.42103	16.2061	9.03134	1.07615	33.9399	6.78134	1.35753	17.1133	
5.22425	1.14051	22.5114	0.112095	2.74498	0.538549	1.23619	3.10218	3.46568	2.68408	3.10865	5.71163	4.32405	1.16191	14.5169	3.57176	1.70542	11.3756	4.82026	1.5541	23.0757	5.47984	2.18356	11.0574	0.641021	2.03999	2.30724	5.15525	2.43107	21.2304	4.11412	2.4738	17.0088	4.51659	3.86377	19.005	6.55147	3.2091	19.7857	2.32466	3.00797	7.27766	4.18321	1.15056	20.8067	1.84994	1.95958	5.57079	


# This instance was randomly generated with the following parameters: 
# SIGMA_MIN=1
# SIGMA_MAX=4
# CAPACITY_OVER_DEMAND=10