4	8
107.118	1154.59	131.052
85.3443	1272.1	148.914
10.5662	685.478	44.2664
27.4486	589.103	28.9961
14.8261
5.13232
13.4709
5.46994
5.95076
0.458259
15.6618
9.67555
8.63329	1.67557	32.9365	7.89714	1.83723	23.0738	9.62447	0.966724	40.3374	6.9863	0.508062	23.3747	8.47974	1.16204	32.7251	8.86363	0.533924	43.0638	3.87141	1.732	11.088	7.9737	1.82485	22.8027	
3.32728	0.804672	7.23588	7.52634	1.43801	16.3547	6.11995	1.24615	19.9169	7.01936	1.78982	16.72	3.18271	1.53602	9.74862	4.3824	1.15552	14.7022	2.45344	1.57268	11.4748	2.67017	0.812442	10.6454	
8.13615	0.685504	33.9633	2.71917	1.22347	13.0965	5.51656	1.77137	27.0333	1.86763	1.78208	6.41292	8.04805	1.66099	22.4564	5.96835	1.92822	16.5515	6.34644	1.33502	28.7576	7.59785	0.970543	24.2901	
6.79107	1.74878	21.6989	7.87869	0.690742	32.7937	8.58807	0.857358	31.4228	7.0583	0.95181	18.5614	6.63424	1.03984	22.4552	7.46987	1.84405	33.8264	2.01377	1.68887	7.64064	6.1343	1.77798	16.444	


# This instance was randomly generated with the following parameters: 
# SIGMA_MIN=0.5
# SIGMA_MAX=2
# CAPACITY_OVER_DEMAND=5