11	22
37.9155	1039.5	90.8813
17.6448	589.202	33.6179
50.738	475.286	20.3966
111.913	845.985	69.9729
44.8558	761.584	52.6921
123.194	759.815	50.4261
48.5381	1153.95	113.193
114.122	804.518	56.7051
68.7678	570.603	31.0214
1.24594	806.881	64.5424
99.6375	945.32	78.1562
3.90797
7.27887
4.44714
1.2834
3.59145
5.40812
2.05891
0.983001
0.420678
6.61373
1.77681
1.18139
1.19452
1.00446
0.759557
0.517213
1.03099
7.46725
6.56457
6.67079
0.0128331
1.98688
9.04467	2.50585	38.9535	4.30566	2.74117	16.8034	6.24197	3.77292	12.4852	6.9836	3.18012	20.0739	6.17972	1.61881	22.8052	8.82275	1.28943	21.9493	7.67507	2.73291	23.7175	2.30954	1.12418	9.52453	2.50623	1.27611	7.01979	8.82503	1.2264	36.9914	5.65297	3.54084	26.3095	6.22815	2.77209	22.9907	4.1559	3.24469	16.2903	8.80456	2.06015	19.6756	6.94396	3.88463	28.8099	6.29767	1.94726	20.624	6.48618	2.00107	21.3431	2.4119	2.46443	6.45799	2.46439	1.68242	10.7973	8.15447	1.84645	39.313	5.58218	3.90177	18.2959	7.57056	1.79862	20.4294	
7.14015	1.01935	32.2675	0.803881	1.36193	3.61108	2.92109	3.90617	8.76821	7.26918	3.34737	23.9919	5.6387	3.06905	22.8265	5.50412	2.86626	11.5066	4.17305	2.81723	14.6097	4.35497	1.71397	15.932	1.112	3.34264	5.34101	6.04111	1.34356	16.3753	2.58025	3.37051	6.98395	3.35269	1.41531	16.0934	0.61251	1.4507	2.00822	5.55461	3.50676	23.2349	6.21024	2.25813	14.6143	6.30657	1.2877	16.1014	4.38716	1.75346	19.341	3.439	1.15829	14.6551	3.62079	3.78707	10.0498	6.47934	3.07691	18.7169	2.12786	1.44926	7.66324	4.02454	2.45525	13.3521	
7.03217	3.37953	35.0124	6.32781	2.65462	23.7097	8.4361	3.54466	39.2519	3.33534	1.95321	10.7464	3.45797	2.98157	15.0933	8.94332	1.10461	33.8803	8.49553	1.4003	38.0948	1.65351	1.80492	6.68707	4.63579	1.25722	12.779	7.98375	2.92818	31.0239	6.06785	2.35073	26.1711	8.90844	1.26997	39.5419	5.89907	2.55058	18.7139	8.77461	2.50339	25.6117	4.17005	3.54142	13.7178	2.99905	2.88723	11.616	5.3619	3.5126	15.5804	2.16119	3.07275	9.66752	6.38254	3.53529	27.1406	6.05747	2.94028	13.6252	7.58317	2.46563	17.8043	9.08956	1.92038	45.3649	
3.1543	2.09936	9.07614	4.21562	2.00493	20.5319	5.56657	1.58214	27.5539	4.58334	3.7992	17.9017	2.61577	2.96521	8.44648	4.02543	3.75879	16.0892	4.09038	3.01836	9.38661	5.04471	1.62887	18.0148	4.18173	1.00615	13.449	2.99543	3.55377	14.6642	2.09958	3.81982	6.40316	6.56404	2.18271	15.9286	3.74331	2.78075	7.88039	3.8089	1.09625	10.2073	2.78592	1.43111	7.73846	3.62667	1.09313	11.5272	0.428386	2.93427	1.35716	4.07339	2.94491	14.6655	7.30914	2.94885	29.077	2.46073	2.14845	7.06524	4.77468	3.52281	19.2657	5.24189	3.86926	22.7799	
10.8412	3.53497	42.4264	4.58405	3.55593	20.8977	5.9064	3.40695	17.8583	9.36096	1.57994	25.5279	8.36946	3.74219	35.2582	9.61052	1.46314	39.7387	8.15762	1.12011	33.5384	4.74863	2.48435	19.3338	3.54789	2.98248	13.7532	10.1201	2.76485	31.986	6.68706	3.07357	27.9463	5.43559	2.21638	13.6134	4.71095	3.91301	16.6358	9.67901	2.6696	45.8755	9.10627	3.29532	34.6123	8.61565	1.81871	37.566	8.12598	3.16539	28.7741	4.70801	2.54632	21.6715	0.584077	3.98388	2.40182	10.0311	2.56752	23.7633	5.53928	3.10246	22.5804	7.58485	1.87319	17.3882	
5.63814	2.07257	11.2993	4.19873	3.99156	11.5595	3.58033	3.0826	7.8801	8.81482	3.04633	31.3386	6.85123	2.60497	32.2011	1.16541	1.92787	3.5943	0.634131	2.25155	2.18708	8.29915	1.51974	28.8321	5.73537	1.72042	12.1998	3.14254	2.61527	8.61486	2.82385	3.57938	11.6097	4.72149	1.79662	22.5718	4.15404	2.82457	10.1137	1.45772	1.49005	3.91836	6.91289	1.13206	21.263	7.86795	3.38817	32.3934	4.16598	1.26488	9.82859	7.22632	3.61202	18.5628	8.22134	3.37341	31.5486	5.65719	1.22522	15.1915	3.42444	1.81175	7.55267	1.9902	1.57429	5.27005	
8.55741	2.52232	38.4317	2.07257	2.9705	9.25383	3.7547	3.61661	8.58999	7.96753	2.35086	32.3329	6.5878	1.59351	26.7731	7.06531	3.29176	31.3086	5.65151	3.55403	19.3305	4.13257	2.12044	8.51681	1.31345	1.97224	3.02281	7.61583	1.51413	30.3975	4.16174	3.7113	14.1229	3.68689	1.31936	17.1799	2.1616	3.60313	9.13777	7.12979	2.51534	24.1746	7.24975	3.52348	31.1299	7.07785	3.15241	29.7927	5.80064	1.42591	13.607	3.52112	2.71345	16.6352	2.03174	2.20031	7.00594	7.82505	1.19768	26.8432	3.19122	1.83408	13.7	5.24394	3.88257	14.0424	
6.69753	3.50793	33.1152	4.65904	3.85652	13.3775	3.50312	3.7777	14.0217	9.92197	1.43224	41.1283	7.956	3.28199	27.0834	1.99278	3.57749	6.27662	1.33905	3.27551	5.03321	9.16433	2.25513	43.4969	6.38117	3.31723	19.0499	4.13498	2.53938	11.5835	3.7668	2.1427	11.0159	4.52911	3.22796	17.5123	4.72899	2.7741	14.5217	2.33856	3.46544	5.10275	8.03179	1.69518	19.585	8.96803	2.9504	27.3137	5.28115	3.83067	18.9089	8.09869	3.32594	30.4574	8.57668	2.36427	41.0549	6.76137	2.82845	32.7032	3.62435	1.49396	12.7578	1.69398	1.34458	5.09133	
6.67313	2.69491	13.5327	1.53685	2.70026	6.18696	3.65427	3.71072	16.8502	6.48376	2.85212	14.6104	4.90099	3.0304	12.8085	5.61503	1.32762	15.7591	4.47245	1.01735	9.96419	3.65593	1.11148	17.7294	0.767552	2.09558	3.67901	5.85416	3.22964	28.0807	2.48692	3.86502	5.13448	4.15263	1.94179	14.455	1.13874	1.46331	3.651	5.61544	1.40645	14.2252	5.50507	1.02629	26.9886	5.53011	1.27513	21.0227	3.91737	2.75995	11.7006	2.68873	3.37804	12.0948	3.83219	1.85746	18.8504	5.94632	3.00636	13.5673	2.81944	1.16025	12.8584	4.56702	1.46156	12.401	
4.95267	1.71268	16.0738	5.4389	2.43177	18.4797	4.98354	1.68523	23.7354	8.80564	2.92818	27.6474	6.897	2.93241	14.4963	0.437775	3.96635	1.64352	2.01109	2.79074	7.94296	9.02777	3.91193	27.8971	6.79481	2.69026	18.3196	2.32429	3.9581	11.4945	3.62536	2.68203	10.7069	6.12453	3.85715	22.5597	5.31743	1.82225	24.6637	0.619783	1.55439	2.86902	6.80015	2.207	28.8545	7.92671	2.05507	34.6896	4.21165	3.85896	15.2228	7.9613	3.88208	34.8875	9.46818	3.62032	22.9649	5.2029	2.03887	19.4162	4.79016	1.93453	11.8461	3.35754	3.78724	7.95699	
7.23821	2.42327	17.778	1.28179	3.24746	3.7686	3.38122	1.46832	11.4997	7.0384	3.99364	25.454	5.49006	2.27752	21.7861	5.89291	3.96478	25.371	4.61689	1.23987	21.192	3.9044	2.95147	17.6102	0.628242	2.74196	1.62084	6.303	1.94373	19.2648	2.86885	2.58739	5.88146	3.73653	3.32753	10.7647	1.07056	1.86123	4.40334	5.925	1.27021	25.6556	6.10173	3.49829	12.5458	6.09571	1.96222	20.0855	4.47887	1.12932	21.4377	3.02351	2.96179	7.0625	3.33845	3.6988	12.1601	6.52866	3.56046	21.6098	2.60553	2.89312	7.67188	4.50959	3.46066	10.0972	


# This instance was randomly generated with the following parameters: 
# SIGMA_MIN=1
# SIGMA_MAX=4
# CAPACITY_OVER_DEMAND=10