8	16
11.0701	851.244	62.7127
136.246	1115.95	118.541
129.016	1271.61	157.684
74.7676	848.828	63.3845
141.52	521.768	26.4543
43.8596	737.746	50.0518
37.6135	851.189	65.5816
171.696	1067.45	111.368
2.68839
2.38559
7.60247
4.97339
3.60661
5.51052
2.69283
5.98379
6.22793
6.5425
6.58362
5.98604
0.612441
2.16453
0.265378
1.75174
4.85307	1.533	10.5887	0.780604	0.652705	2.86186	2.40208	1.80137	11.6237	5.62718	0.939613	22.0303	5.42301	1.65355	14.1926	3.25292	0.593904	15.5506	3.566	0.629657	13.4993	5.30246	1.28827	21.711	3.13358	1.3716	8.5883	4.14321	0.557524	8.59492	2.12027	1.14747	7.75828	5.56987	1.14291	17.1263	3.41319	0.986896	16.3414	6.14786	1.75648	26.5875	5.5332	1.91518	19.3235	5.26361	0.721379	23.8732	
3.94699	1.25155	13.4076	1.20501	1.27988	5.96483	3.87642	1.67139	9.5377	4.30323	0.962445	20.5284	3.87377	0.948879	17.3102	4.81794	1.57841	12.7889	2.20015	0.55389	5.19819	6.34593	1.78114	13.2153	4.63391	0.60408	10.3278	2.57798	0.93648	8.11713	1.15133	0.671879	4.11946	5.27009	1.94068	16.5072	4.87967	1.41926	15.6433	7.11591	1.75348	25.6444	5.04999	0.703064	18.5902	4.42607	1.15229	12.2434	
4.03825	1.61713	8.72909	0.0353755	0.996215	0.121453	3.16492	0.875888	14.3476	4.87703	1.82947	19.851	5.01451	1.31001	11.5109	3.85284	0.943351	18.6057	3.3965	1.43658	12.7203	5.1748	0.952012	25.3639	3.86806	1.3839	17.6743	3.67345	1.00843	16.6852	1.36127	0.658363	5.06698	4.82181	1.18523	18.3393	4.16939	1.08433	20.3805	5.9678	0.6032	27.3949	4.74978	1.77071	18.2103	4.44802	1.94509	20.5304	
4.82022	1.535	20.9496	3.94553	1.9518	15.8625	6.18714	1.45974	20.8817	3.97835	1.87074	9.29523	1.49084	1.61159	6.72075	7.34949	0.98992	19.0585	0.720929	1.01515	2.20728	9.01477	1.35671	32.7756	6.95062	0.603178	14.4367	1.18117	1.17018	2.40464	3.24302	1.85313	11.724	6.86335	1.28567	18.3257	7.11337	1.75185	17.9384	9.74004	0.731792	30.6004	6.41979	1.78862	30.374	5.31847	1.9663	25.5456	
7.81604	0.655024	16.1749	6.34351	0.694017	30.4389	6.03486	1.31197	21.2083	9.60059	0.94721	44.861	11.1118	1.06363	39.6753	4.82674	1.11823	12.5794	9.73377	0.980075	41.6474	1.34582	0.866873	6.30902	5.85602	0.654736	22.9696	9.73906	1.52428	22.9797	7.10597	1.82064	16.8836	6.27399	0.755481	20.5831	6.14796	0.618937	30.0649	1.24906	1.70337	5.65813	6.84358	1.63186	13.8356	7.8094	1.20981	28.5583	
5.03891	0.744475	12.6895	2.58167	1.24648	8.89236	4.37621	1.52741	15.3167	4.87381	0.509578	18.6102	3.27391	0.872525	13.2836	5.58654	1.77116	17.9836	1.10998	1.12545	2.2425	7.75976	1.7537	21.811	5.13567	1.77766	10.8429	2.35265	1.58943	9.60349	2.53588	1.47548	7.33919	6.65111	0.858993	22.1486	5.28974	0.841222	13.0766	8.559	1.96172	20.5145	6.35897	0.570511	27.0321	5.54489	1.74188	12.0726	
7.85088	1.18807	22.4895	6.63401	0.650004	15.9839	6.48582	0.808125	29.7079	9.66805	1.41353	39.7971	11.3144	0.890931	42.219	5.30368	1.21178	23.899	10.0095	0.522069	48.063	1.48785	1.65253	4.69422	6.33075	1.0684	28.2927	9.94586	0.556413	45.123	7.32106	1.90496	20.6175	6.19036	1.58763	22.7751	6.6286	0.970997	31.4581	1.05328	0.613131	2.42802	6.78384	1.90483	22.3321	7.81146	1.50377	34.0352	
0.816015	1.25541	3.6879	4.37037	1.35091	20.5144	7.32087	1.44825	20.0234	2.62239	1.44698	7.58364	5.48122	1.71224	23.907	7.54421	0.90071	16.7295	5.60544	1.56878	16.6681	6.01877	1.28357	27.5502	7.91559	1.55087	18.4837	4.4743	1.58001	12.8998	3.30533	1.3496	10.6818	1.50419	0.556241	4.32265	8.26473	1.94712	21.9471	6.30759	0.64144	13.0693	0.896035	1.32637	3.17762	0.496195	1.76443	2.44617	


# This instance was randomly generated with the following parameters: 
# SIGMA_MIN=0.5
# SIGMA_MAX=2
# CAPACITY_OVER_DEMAND=10