9	18
74.0175	1206.01	135.538
138.567	975.007	93.6854
20.9333	856.058	64.4253
13.0194	786.163	60.2006
178.002	403.011	15.0039
148.776	339.223	11.2822
35.2352	1156.56	115.32
18.2921	740.682	49.4101
1.1351	747.055	49.9081
0.371876
9.36051
9.16828
18.1132
15.7401
18.5179
7.94928
7.54061
11.274
9.43965
18.7869
8.41902
17.4284
11.6431
15.8992
10.9251
2.42333
5.25698
2.23717	3.32178	6.91023	2.16898	3.18857	4.82938	6.73154	1.44953	13.9381	3.65712	3.32367	11.4587	2.96387	1.78706	10.4391	2.67795	3.77574	8.80047	3.73465	1.85714	18.5538	5.72452	1.20209	25.347	3.88193	2.57707	13.8756	5.20713	3.75086	12.2386	3.45687	1.99232	15.6291	2.8107	1.2411	9.74069	2.13208	3.74365	4.3414	7.9635	3.45959	16.9818	1.53615	1.26052	6.00107	5.41575	1.46231	23.6627	1.55536	2.10229	7.10509	0.168073	3.03106	0.73027	
0.884481	1.97076	2.60743	3.68429	2.7148	12.9919	4.58389	3.25866	10.128	3.12253	2.49047	14.055	3.86721	1.22659	16.5327	1.76692	3.50819	8.17785	4.18681	2.7517	10.0292	3.96379	2.84315	10.1789	1.73151	3.66696	4.46988	5.69614	2.65488	23.8783	5.05782	2.49642	22.9475	2.71778	1.26868	8.75974	4.32361	3.79189	18.3163	6.06888	3.65605	26.5227	3.11949	2.00495	13.6241	5.76724	3.43238	11.873	1.36334	2.58168	3.69784	2.52705	2.93863	7.66058	
4.1072	3.67608	10.3218	4.36265	1.24562	19.2505	6.88055	2.19335	28.0285	5.95822	1.92117	13.9822	5.2839	1.91591	14.0598	4.81114	3.54431	11.6158	6.09537	2.31288	27.4322	7.64489	3.53471	15.6	4.47605	3.69903	19.6337	2.9761	1.91357	9.98518	5.43516	3.18259	13.5038	5.14874	3.88341	22.5295	3.66684	3.06669	15.9347	7.59527	1.3568	18.4612	0.836906	1.49427	3.2079	3.24157	1.95272	16.0742	2.38196	2.96408	9.94599	2.26583	1.13764	9.07099	
5.47755	3.23087	15.5658	8.45686	1.02818	20.5171	0.255473	2.06642	0.574998	7.10868	2.75103	35.2661	8.50566	3.46266	35.4804	6.06981	3.50764	24.2857	8.59321	1.5568	24.4104	5.75832	2.8023	11.9146	3.08631	3.70877	7.28819	7.09891	1.68342	28.8363	9.81648	3.89854	37.9708	7.13104	1.33356	22.3903	9.04062	1.7609	27.6585	1.8635	1.8053	7.84917	6.96623	3.94149	26.8286	6.91598	3.33233	22.3325	5.45196	2.91036	12.2889	7.0699	2.355	23.5299	
0.996132	3.98586	4.08727	2.21324	3.18712	5.00625	6.06265	2.63556	15.9291	2.52187	3.50367	7.03244	2.53744	3.17509	11.856	1.38947	1.80108	4.65067	3.05536	3.75595	12.7238	4.41886	1.46713	17.0693	3.20018	2.56551	12.4015	6.01811	3.0021	24.8045	3.59571	3.79086	7.30798	1.78208	3.33159	5.01458	2.90806	3.11062	11.3565	7.5121	1.47673	32.912	2.64867	2.11172	11.5975	6.17078	2.13164	16.1146	1.58425	2.46805	7.16264	1.47275	3.9428	3.94455	
3.19582	3.14228	7.37142	5.36415	1.4294	16.2766	3.92572	1.47039	8.85671	5.45956	3.22938	16.2902	5.86451	2.56946	28.8613	4.09802	3.338	18.7832	6.36234	3.92561	27.0119	6.00438	1.75619	22.8904	1.85351	2.27509	5.01048	3.674	3.17164	18.1	6.73024	1.99784	27.0372	4.96244	1.40998	22.6271	5.44639	1.68942	11.6056	4.76892	1.73985	10.4316	2.86987	1.45465	7.07002	3.65893	3.73789	9.12454	1.84648	1.80169	4.82809	3.39793	3.35059	7.06483	
5.49187	2.0849	11.9023	7.28729	3.52696	23.3023	4.7495	1.31015	22.1251	7.75505	1.37638	32.1102	7.94692	2.83347	34.3155	6.39477	3.48483	22.3374	8.54099	1.09983	42.0777	8.24549	3.06718	38.3562	3.91333	3.20877	16.4302	2.14666	1.26864	9.69769	8.57881	3.70035	22.1074	7.20307	3.18688	26.8638	7.02249	3.37364	34.3325	4.66583	1.37173	16.5011	4.03757	2.55162	18.4582	1.93019	2.8327	4.39579	3.90513	3.57954	9.49932	5.12383	3.96994	17.5967	
1.59401	2.48403	5.1729	2.42748	3.35963	5.97516	6.59785	1.35683	14.159	0.74056	1.72023	3.31894	1.92515	2.76243	5.348	0.723938	3.12358	3.56591	1.84889	2.34685	6.54692	3.14518	2.396	11.2147	4.005	2.08353	16.9376	7.77364	1.27416	26.5463	3.46577	3.50738	11.2099	0.443889	3.03024	2.00427	3.72404	2.43106	7.46184	8.28249	1.44073	34.4027	4.4072	3.48727	18.6088	7.90999	3.46417	36.0082	3.25938	2.31272	11.1564	3.09725	2.38023	13.2195	
5.67416	1.37187	23.9058	3.26976	1.9421	15.2451	10.3219	1.23658	35.4758	6.08737	2.37407	26.0008	4.2204	2.70824	17.8288	5.74986	1.2274	12.8574	5.10168	3.66041	10.2966	8.7572	2.50634	40.4164	7.50529	2.20519	16.2826	6.84259	2.68421	14.4429	3.1035	1.66772	12.6539	5.25075	2.78153	12.09	1.8951	2.05073	8.63444	11.4096	3.39967	35.8411	3.83463	1.83447	8.87084	7.16813	1.64961	28.9339	5.09968	2.08622	15.1715	3.50337	3.03794	11.9182	


# This instance was randomly generated with the following parameters: 
# SIGMA_MIN=1
# SIGMA_MAX=4
# CAPACITY_OVER_DEMAND=3