11	22
78.2067	1147.8	112.582
2.9706	1169.57	131.317
95.8562	1213.55	144.316
120.179	1015.53	90.3898
127.464	1126.35	117.165
68.227	1064.14	100.955
38.8196	1229.05	138.722
179.041	521.796	24.3007
13.9127	1225.78	148.355
91.9943	840.291	63.7141
166.684	1002.75	94.722
0.443148
10.5245
7.44637
6.6459
10.665
0.102384
11.69
10.3308
0.217915
9.07057
0.380733
0.926926
2.76018
4.89882
6.88827
0.965797
7.21381
11.3927
1.08718
2.38058
0.106065
10.5163
8.1823	0.978591	26.8349	6.09133	0.699135	15.1464	5.37572	0.963201	23.7333	4.33244	0.883475	9.54937	9.27136	0.198459	38.0891	5.28072	0.786739	10.5623	4.99826	0.51444	19.7525	4.16594	0.430479	10.8342	4.05367	0.693653	16.2309	3.39146	0.196627	8.25023	9.14028	0.931293	36.0244	11.1664	0.432203	26.2411	2.41666	0.714259	6.40054	6.27732	0.192966	21.23	7.40577	0.662581	25.5096	9.26588	0.766052	31.3104	6.80983	0.958411	27.8757	7.54727	0.409129	16.5485	8.94128	0.283146	18.087	1.7774	0.153293	8.12412	10.6634	0.404637	46.2745	2.25673	0.110577	6.07805	
4.14656	0.669821	14.7791	1.45046	0.201078	7.21239	0.940247	0.932669	3.00878	3.51432	0.225887	11.9556	4.30852	0.542803	10.2535	2.84599	0.31596	11.0479	3.79517	0.840877	17.1669	2.48075	0.894671	8.49585	2.04447	0.741364	4.76547	2.93784	0.534876	7.15158	4.95116	0.5156	17.45	6.54534	0.467581	18.129	4.91977	0.164078	13.8909	1.67078	0.906432	7.34625	5.33236	0.752456	14.4312	4.27416	0.64988	9.91762	4.15041	0.333635	13.0945	4.10747	0.947452	14.4118	5.92556	0.434962	19.7703	4.52285	0.979728	21.2747	6.16998	0.946894	25.9657	3.75788	0.219845	8.11423	
2.3847	0.576704	8.73323	4.58949	0.975532	21.6154	2.56205	0.809196	11.7378	2.00361	0.887987	6.09241	5.93047	0.668577	17.918	0.892122	0.591036	2.43565	7.12191	0.684619	29.3871	5.69857	0.682362	12.3251	5.22372	0.585027	12.2758	5.84863	0.415262	18.912	7.78414	0.272267	31.3421	8.72524	0.618996	23.0089	7.27076	0.696691	34.9354	4.77084	0.756935	20.7134	8.77585	0.870691	19.2632	5.14763	0.620802	23.318	7.58193	0.691286	23.084	1.46504	0.398799	7.01065	2.85511	0.489242	5.95057	4.69696	0.947145	11.6171	8.56641	0.533266	34.8616	3.95418	0.207249	13.7984	
7.50656	0.995148	29.4313	6.04361	0.820735	18.4565	4.97568	0.227771	10.792	3.42411	0.753988	7.92715	9.09539	0.644429	20.4421	4.51071	0.673877	18.5903	5.57465	0.134306	22.4831	4.51815	0.304789	16.3252	4.29703	0.124152	13.3495	3.85206	0.370574	15.1618	9.30883	0.953636	45.614	11.2066	0.616719	24.0907	3.37312	0.389811	6.90181	6.24752	0.92592	14.3793	7.97903	0.719552	26.5636	8.94992	0.501575	28.3286	7.248	0.821493	22.4514	6.78055	0.496787	24.041	8.06269	0.231001	29.8599	0.721324	0.736055	2.28376	10.7513	0.420325	24.1646	1.38907	0.482212	3.96027	
1.80228	0.768425	6.03111	4.71404	0.316878	19.1988	4.11315	0.602581	18.349	5.95658	0.649091	24.3804	3.31364	0.423168	15.471	4.61096	0.34886	20.1391	8.17163	0.943085	28.9975	7.12271	0.331529	28.1168	6.75068	0.979348	22.5297	7.70381	0.140434	35.923	6.15191	0.754338	17.6607	5.98634	0.204592	21.0929	9.70597	0.535354	38.9235	4.72789	0.920559	18.386	8.77801	0.453571	37.7558	2.10196	0.712254	10.0441	7.58808	0.366663	15.4341	2.88648	0.476389	12.5868	3.72027	0.736706	15.2659	8.35846	0.933894	40.4393	6.12535	0.130084	22.3603	7.53859	0.540607	18.9579	
7.7503	0.856981	36.2547	4.53459	0.990657	16.8073	6.45542	0.787832	22.9309	9.439	0.920018	28.2312	3.41779	0.513566	16.7657	8.48161	0.448255	36.3682	5.73595	0.775078	18.9024	6.02837	0.96531	20.062	6.11396	0.455192	16.0537	6.85451	0.157482	22.5625	1.04836	0.916477	2.25192	1.72206	0.878445	5.50409	8.79104	0.920419	38.8532	4.31394	0.39058	21.122	4.25911	0.179473	9.60974	4.63309	0.550184	16.9683	3.83763	0.297861	7.7265	8.49123	0.713245	24.1689	10.0587	0.905014	20.6474	10.281	0.726584	23.4073	1.05836	0.466452	4.87196	9.60595	0.693834	32.3149	
7.45668	0.706833	20.2449	5.40706	0.631109	11.0986	4.63216	0.770086	16.2224	3.72003	0.552041	14.4383	8.56122	0.13656	29.4017	4.58956	0.674248	11.976	4.62784	0.853498	23.1327	3.64124	0.155069	18.0435	3.47015	0.905734	7.00888	2.92904	0.107254	12.3499	8.54113	0.402166	17.9645	10.5198	0.780977	43.7478	2.4757	0.450773	5.80103	5.5989	0.713802	19.3452	7.03755	0.751345	19.6965	8.53204	0.55612	38.5768	6.34763	0.134714	29.3463	6.84627	0.270672	14.1593	8.28433	0.851297	34.8432	1.44948	0.18635	4.08793	10.0337	0.391067	34.0372	1.68318	0.57134	3.88658	
8.1032	0.425495	17.7451	5.80413	0.635894	17.7806	5.20381	0.378529	11.6123	4.39861	0.253741	15.7552	9.00806	0.897287	35.5208	5.263	0.957136	14.0516	4.59929	0.850605	17.407	3.79936	0.672043	11.8683	3.7097	0.227358	7.44509	3.01133	0.925179	11.1699	8.7931	0.89581	18.1165	10.8436	0.813654	51.0958	2.0437	0.860568	10.0585	5.98439	0.924439	22.0789	7.00518	0.655519	23.8485	9.04555	0.250671	40.2992	6.42236	0.893541	30.5293	7.51388	0.921489	25.9237	8.96421	0.313713	41.5199	1.99661	0.380174	7.15468	10.3308	0.314916	25.869	2.34857	0.432081	4.95397	
7.44207	0.294318	16.9357	3.70191	0.707209	16.23	5.72151	0.925991	24.8824	8.64618	0.940453	26.209	3.47003	0.215408	9.03419	7.78804	0.367488	33.3159	4.60336	0.728484	13.0338	4.93892	0.428391	14.1292	5.05448	0.840939	21.7837	5.75576	0.650117	20.3498	0.555933	0.776984	2.54669	2.68634	0.60189	5.49772	7.66508	0.69761	31.6591	3.48622	0.721804	13.1551	3.23497	0.762232	15.7035	4.64242	0.512273	18.6635	2.71199	0.500857	11.4175	8.06945	0.948974	27.526	9.73646	0.262896	22.6121	9.29449	0.461578	32.882	2.01192	0.70234	4.58525	8.65009	0.78954	18.9715	
1.27085	0.564029	4.00112	4.65081	0.539136	9.75278	2.85512	0.376555	6.94408	3.14716	0.474794	7.74794	5.31895	0.639242	22.558	1.92319	0.297961	8.31359	7.58699	0.799136	34.4684	6.22491	0.617275	19.7907	5.76093	0.826935	19.9091	6.50689	0.437096	30.3335	7.5124	0.943676	20.4349	8.16584	0.650991	36.5198	8.12056	0.44287	27.265	4.79632	0.71898	20.8682	8.98812	0.593272	22.1027	4.38403	0.942379	18.4627	7.76421	0.745044	26.7903	0.360726	0.751242	0.977166	2.13088	0.198665	4.84081	5.8096	0.808205	22.4077	8.08874	0.267639	21.5575	5.04447	0.19265	20.6828	
1.906	0.43332	9.268	6.25516	0.948175	29.3952	4.53067	0.629611	21.3785	4.31239	0.544166	13.4795	6.38805	0.684049	20.7299	3.35195	0.436905	16.4218	9.26383	0.413847	44.4163	7.9017	0.457515	22.4414	7.43671	0.593155	33.2533	8.1671	0.889628	32.6139	8.8722	0.530214	18.1869	9.21646	0.413109	34.4507	9.70894	0.561035	34.9105	6.38436	0.271987	24.2494	10.613	0.493433	46.7205	5.28653	0.469313	10.7129	9.38409	0.339459	25.9613	1.36843	0.782484	5.45311	0.457944	0.831414	1.79867	7.05577	0.864895	20.0514	9.23863	0.38861	22.6808	6.35897	0.466727	12.7653	


# This instance was randomly generated with the following parameters: 
# SIGMA_MIN=0.1
# SIGMA_MAX=1
# CAPACITY_OVER_DEMAND=10