4	8
28.2992	684.655	40.0073
152.836	886.437	76.0502
9.78481	404.727	15.2892
146.772	1286.82	150.721
39.4425
38.555
23.8182
35.5689
20.4857
4.36393
18.878
6.93303
6.28165	0.696232	14.111	3.05449	1.71187	13.8946	5.61392	1.4599	20.5168	2.85993	1.68649	11.0577	3.92653	1.2367	17.5698	3.62155	1.03397	8.07971	5.16414	0.865027	14.3486	2.71586	1.34681	9.92749	
4.21101	1.97554	12.9767	1.61542	1.6529	3.29178	3.38712	0.649422	8.85466	6.85966	1.36709	26.3724	4.79729	1.62814	23.0856	3.85768	1.82781	14.9499	0.870587	1.8161	2.82225	4.15253	1.11084	15.602	
0.948657	0.661994	2.76826	5.90882	1.70055	17.1786	1.63775	1.33576	5.33529	7.2195	1.50969	29.1972	3.11892	1.17227	15.1795	2.92049	0.666722	8.24135	5.42717	0.761414	17.974	3.97275	0.957865	13.3416	
2.68753	1.36211	10.8028	2.9887	1.35066	13.2443	1.90269	1.08256	4.80432	7.13092	1.24578	30.6882	4.15722	1.76453	19.4249	3.24384	1.75907	6.73274	1.88737	0.768498	6.29703	3.9235	0.623999	14.9398	


# This instance was randomly generated with the following parameters: 
# SIGMA_MIN=0.5
# SIGMA_MAX=2
# CAPACITY_OVER_DEMAND=1.5