9	18
162.069	627.36	38.7749
85.2919	834.885	68.8143
98.6097	334.973	10.0149
17.5039	1091.52	101.362
70.3335	912.874	69.6547
88.8799	1263.05	135.013
157.296	1073.77	102.657
155.023	969.824	90.781
29.0513	804.133	55.0032
2.12374
2.04455
6.13011
7.91931
3.83558
2.87004
0.263498
7.0254
4.92002
2.78616
3.76821
1.88852
5.37807
1.34212
0.729613
5.88894
7.7427
0.550876
7.24777	1.34791	19.9273	2.18338	0.748691	9.86985	6.86167	1.95769	25.605	6.89645	1.71	23.3785	8.5405	0.516895	22.2857	7.24084	1.40818	23.818	1.21122	1.00372	4.04736	6.7879	0.648177	27.1009	4.1332	1.67437	13.4356	7.36788	1.19128	18.0227	6.50374	0.909637	29.9546	6.09349	1.35672	22.2394	8.44291	1.73166	21.269	3.12661	1.1174	11.6238	1.35934	1.26611	5.48515	3.85452	0.919814	12.86	6.07276	1.54311	23.4934	9.30593	1.35089	35.003	
5.88901	0.649471	25.9308	3.86908	0.506453	12.9275	5.03055	0.744529	24.2342	4.14297	0.522804	8.61619	6.33646	1.02305	19.6371	5.6345	0.58404	13.6301	2.71231	1.06394	7.95608	4.0543	0.532649	17.5061	0.301434	0.744149	1.19476	3.57772	0.637261	16.3048	4.67737	0.995552	22.8864	4.64682	1.72911	13.3862	5.21075	1.6006	14.4694	1.28079	1.82235	4.99552	4.57702	1.74611	19.2436	5.06166	1.08708	14.1486	3.32361	0.914576	15.2759	6.18742	1.37578	26.3613	
1.37562	1.36952	3.5522	8.78643	1.06463	32.1631	0.747379	0.74384	1.93494	8.83357	0.775257	30.0005	0.994683	0.942217	4.92677	0.91468	1.64028	2.65675	7.05209	1.8549	26.7096	8.78283	1.30795	39.5193	5.44776	1.97801	13.1934	6.31584	1.36099	28.1432	9.87413	0.796436	48.5312	1.61366	1.98991	3.46023	2.78093	0.688683	6.01373	6.64362	1.24131	16.3159	7.21829	0.78378	14.5048	5.12859	0.640939	23.0328	2.23022	0.930086	9.78191	2.88483	0.978806	7.24177	
1.33464	1.11904	5.47388	7.55781	1.53624	24.2766	1.48885	1.1053	5.33634	8.96143	1.94675	30.8218	3.06384	1.796	8.10061	1.48003	1.90054	3.37611	5.74226	0.946669	23.065	8.88847	1.40453	25.9113	5.10859	1.96403	19.9921	7.06238	1.41528	34.6274	9.67405	1.19411	38.2773	0.748367	1.83972	2.04439	4.627	0.985943	20.8676	5.9223	0.538469	25.4772	5.35079	1.59698	18.4351	2.9787	0.857038	12.7904	2.82153	1.53493	11.0533	4.98022	0.568753	23.5149	
7.67044	1.316	17.525	1.42037	0.515156	6.91828	6.99345	1.43719	34.2886	4.60959	1.55722	22.792	8.49448	0.741245	24.6861	7.52065	1.4514	15.4795	1.23396	1.43799	5.00589	4.50056	1.87285	17.9872	2.66378	1.29227	7.79509	5.52574	1.60267	27.3236	4.23001	0.862752	16.8535	6.40957	0.940411	28.4139	7.64832	0.955104	37.57	1.2377	1.9809	5.54556	3.56547	1.34838	17.0028	5.38646	1.92649	18.9332	5.59322	0.501392	19.8814	8.61319	1.44854	38.9379	
5.28732	0.689685	21.0907	7.26413	0.97862	28.0636	4.22825	0.907821	20.0973	5.07895	1.96066	17.5274	4.60139	1.28462	21.0014	4.84757	1.51401	20.8006	6.07864	1.62312	12.2372	5.05608	1.7005	18.3033	3.18314	1.27585	12.3146	2.19366	1.67137	9.22569	6.43512	1.71192	30.0831	4.48147	0.972353	17.5215	2.28895	1.83307	4.81322	4.6165	1.9519	13.8559	7.55063	1.13721	19.7285	6.91897	0.97099	25.5361	2.36163	0.826735	9.24297	3.26651	1.83242	12.371	
7.40818	1.38639	22.4732	1.45528	0.994378	7.03771	6.77359	1.18602	31.0754	5.00197	0.587877	19.4653	8.31512	0.818835	27.2937	7.28011	0.832208	27.962	0.794983	1.76427	2.87382	4.8933	0.656165	23.9179	2.72615	0.688609	8.92062	5.74172	0.764419	24.1239	4.6661	1.93173	20.3314	6.15471	1.87817	22.392	7.61034	1.72452	36.8223	1.39675	1.50206	5.50024	3.13211	1.5668	11.6587	4.97494	1.94215	22.4921	5.47192	1.68115	23.4472	8.55903	1.08733	23.3919	
8.38023	1.0064	30.7069	5.10098	1.48298	21.5144	7.3855	0.934664	28.5065	1.24104	1.47313	3.34074	8.28024	0.80785	39.1189	8.03333	1.30449	34.0399	4.95658	1.01873	22.1083	1.18303	1.45837	4.12384	2.78437	1.3756	9.9819	2.26579	1.13977	8.30903	2.49583	0.955156	9.81756	7.23868	1.50046	25.4718	6.23933	1.81749	28.3978	3.06046	1.06868	7.59348	7.2224	0.65192	33.5442	8.07051	0.939014	37.4316	5.38859	0.723303	19.5675	7.21517	1.16167	26.7397	
8.89525	1.30843	37.3169	1.29135	0.832763	5.26531	8.18145	1.38184	24.7741	4.23135	0.854118	11.4125	9.63128	1.5094	39.6528	8.72726	0.978051	19.7264	2.36911	1.56295	5.83969	4.12474	0.810476	17.2819	3.52129	0.718165	15.6171	5.86818	1.99382	17.5792	3.43576	0.628954	10.389	7.63092	1.06737	27.9801	8.56786	1.18599	34.4726	2.10819	0.996612	5.29733	4.53791	1.23196	12.6086	6.60053	1.60302	15.3568	6.66873	1.81819	15.6253	9.55515	1.13479	31.5652	


# This instance was randomly generated with the following parameters: 
# SIGMA_MIN=0.5
# SIGMA_MAX=2
# CAPACITY_OVER_DEMAND=10