6	12
16.4016	1065.95	106.725
77.7404	1272.75	152.722
176.643	1167.9	124.62
86.0072	1008.38	92.249
119.284	1259.85	140.744
18.3988	1145.5	118.084
4.88377
10.6775
59.4117
23.8053
60.8178
2.35635
56.1074
35.9437
88.3319
10.292
84.5623
52.9061
6.76758	1.74458	33.514	8.13791	1.26513	38.9371	8.20914	0.752816	35.8276	1.83013	1.77159	4.46554	4.17118	1.69628	19.1226	4.40901	1.59047	11.8985	8.71179	1.4322	37.0659	3.11894	0.797265	12.2858	6.38322	0.86613	31.6495	8.63388	0.575635	28.7175	1.3326	0.74173	3.5515	3.08538	0.633256	7.84341	
6.28349	0.613749	14.7107	7.95878	0.793733	28.7067	8.05885	0.789395	29.2329	6.08375	0.802728	23.714	3.19277	1.94736	14.3992	0.606714	0.680874	2.2019	4.65117	1.92056	17.7686	6.10449	0.916499	19.7418	3.58182	0.744839	8.22549	4.25933	0.729543	18.4695	5.69915	1.72458	18.9057	5.76904	1.69557	19.9068	
5.01731	1.54582	15.6765	6.08919	1.57122	15.2682	6.14296	1.31061	26.8426	2.0222	1.82465	6.2272	3.59021	1.47062	11.466	5.81106	0.985624	16.6387	8.94082	0.772727	43.1091	0.629887	1.79566	1.95785	6.00897	1.81411	15.3142	9.44361	1.22882	35.8244	2.39566	1.94261	5.98403	0.55957	1.3367	2.78337	
8.00197	1.08908	28.6687	9.52254	1.20811	23.0658	9.60455	1.30482	19.375	3.62375	0.513851	9.69414	4.96858	1.6041	15.9165	3.51325	1.12281	13.9985	8.39758	1.96312	23.0568	5.03632	0.978372	18.6539	6.71351	1.38437	33.551	7.85782	1.12192	21.7406	2.99334	0.589252	6.14638	4.95147	0.978523	21.9365	
4.91177	1.98764	10.3361	6.49262	1.20202	23.2866	6.58078	1.21531	22.9055	3.84197	0.95606	11.6939	1.83941	1.17465	8.16453	2.88827	1.63846	13.734	6.32348	0.674991	18.5746	3.55405	1.82756	9.39839	3.88909	1.20327	15.7193	6.54235	1.808	26.6925	3.62899	1.53789	16.0454	3.22222	1.99057	12.8913	
3.50183	1.39582	10.6629	5.16133	1.62831	25.495	5.26385	1.41094	16.969	6.30063	0.683492	23.1812	1.27289	1.62336	6.16793	3.49611	1.74478	12.003	4.13306	0.932207	15.1586	5.24005	1.72346	19.1028	1.22314	1.13349	5.28466	5.0647	1.86561	20.3089	6.20845	0.944383	21.7102	4.81086	1.35713	16.7807	


# This instance was randomly generated with the following parameters: 
# SIGMA_MIN=0.5
# SIGMA_MAX=2
# CAPACITY_OVER_DEMAND=1.5