11	22
47.4604	905.385	70.0289
2.09458	1093.59	113.072
74.2047	1086.37	103.204
45.8404	1189.31	134.396
125.774	412.899	15.3863
44.8903	1079.57	99.9802
173.855	983.461	94.2797
62.0239	1023.11	87.383
17.8428	620.302	37.379
31.6026	1173.6	127.862
4.3633	1256.98	145.704
15.0026
1.36865
16.8346
1.76313
5.20801
19.2826
10.1314
15.9466
8.09664
4.18753
11.7063
3.75617
15.6905
3.37692
7.2594
7.09091
7.52082
0.821689
3.36093
10.4817
17.0936
19.7545
3.24593	0.59292	12.6745	3.85593	1.18213	13.2122	7.4245	1.65629	29.5131	3.30593	1.90166	6.69845	4.64273	1.30963	13.9777	3.06606	1.21293	11.7952	3.50696	1.19579	12.5404	5.31699	1.24285	15.693	1.46956	1.11587	3.47271	7.63036	1.93175	19.5995	4.88943	0.916704	21.6808	8.8761	1.30866	30.2569	0.703405	1.86512	3.20612	3.77849	1.82531	16.1717	5.66041	1.53752	24.6526	5.30774	1.15017	19.6134	4.47075	1.1036	19.1357	5.64813	1.29696	15.295	3.46775	1.29304	12.4647	3.08636	0.989198	10.8042	6.04068	1.96237	23.7076	7.03707	1.90914	24.6856	
5.9382	1.67283	22.6104	6.32796	1.82366	26.7722	8.97733	1.0206	26.2472	8.67349	0.896314	26.2463	5.70913	0.863536	13.2199	11.1842	1.15423	34.1952	5.45593	1.68428	22.4772	3.43524	1.22279	16.4845	7.67549	0.636119	34.724	0.963345	1.08771	2.35018	5.35729	1.87759	25.039	0.378387	1.90834	1.83048	8.303	1.88154	34.9388	10.7	0.889941	35.2228	3.35772	0.843501	10.2434	5.28705	1.84893	20.6215	12.0274	1.92232	44.2537	3.84933	0.950754	9.93795	5.64525	1.81004	20.1352	7.34817	1.85957	26.649	8.09908	1.75094	21.3228	1.51254	1.62492	4.14739	
4.70541	1.90536	22.3689	5.35573	1.48329	17.5612	8.06986	1.3186	16.3675	7.46517	1.9351	19.5475	4.57025	1.78983	21.2517	9.94304	1.12018	43.5001	4.21942	1.74988	14.2856	2.38647	1.88098	6.59803	6.50929	1.28082	23.8587	0.642951	0.688759	2.52326	4.50992	1.51805	9.22415	1.61386	1.26241	3.25213	7.06792	0.955079	25.7129	9.47492	1.76613	40.6081	2.18354	1.15553	7.86281	4.21457	1.93744	16.2527	10.7934	0.81681	43.7808	3.04278	1.92428	10.5438	4.56104	1.88045	9.90539	6.13372	1.42778	15.2994	7.08562	1.85054	27.0693	0.271186	1.05633	1.14281	
2.0521	1.78009	6.1816	6.27687	1.11761	29.9452	3.38404	0.621813	14.6836	2.97339	1.5886	6.3603	0.680504	0.692023	2.32707	6.24812	1.22421	17.3941	2.23409	1.98659	9.59926	4.8817	0.614638	23.6	5.34007	1.47159	15.9112	5.72582	0.605448	12.3783	6.43647	1.64041	14.224	6.5764	1.53722	21.779	4.3296	0.536826	12.7002	5.0671	0.826624	18.8332	2.96279	0.899058	13.4757	0.931351	0.6719	3.43501	6.50676	1.88738	28.1173	5.90895	0.706803	14.6772	5.14593	1.92319	22.7553	2.03868	1.05141	5.88832	2.09919	1.58375	5.38632	4.88434	1.82837	22.2344	
3.02133	1.69809	12.9174	6.08506	1.85599	23.9668	4.97914	0.878128	15.5948	0.712304	1.79781	2.74732	3.61182	1.92117	11.9086	2.72453	0.632041	13.1111	3.51941	0.929127	7.91927	6.40963	1.78207	18.9049	3.99146	1.97866	14.3847	8.21947	1.18927	27.1481	6.85564	0.917424	21.3071	9.32642	1.92856	41.5343	2.10102	0.87001	5.53799	1.75581	0.522484	3.90038	5.63239	1.43998	24.7129	4.28715	1.10005	10.2242	3.1024	1.10002	10.6503	7.11559	1.58679	22.1375	5.30065	1.22424	25.8915	1.65254	0.894698	7.29011	3.73289	1.95465	10.0752	7.45415	1.78112	15.8664	
3.89643	1.39379	14.4069	8.10504	0.560234	35.6197	1.92125	1.52427	4.72788	4.02089	1.81883	15.0397	2.46202	0.706052	11.1779	7.39667	1.02826	17.7027	4.06547	0.910959	15.0536	6.4603	1.58707	30.8813	7.1502	1.17886	17.5308	6.79396	1.13229	30.0476	8.19698	1.42959	35.8613	7.39538	1.87912	20.7313	5.96751	0.60528	15.7932	5.8739	0.850962	19.1143	4.23337	1.1734	12.2608	2.23733	1.28251	11.1633	7.28479	0.673288	29.5893	7.52505	1.16681	28.9693	6.96595	0.889923	32.3818	3.5681	1.03156	16.4422	1.37687	1.22301	6.57407	5.97101	1.11294	12.835	
4.36072	0.751261	19.6112	2.6505	1.81191	12.5344	9.18943	0.905268	22.5108	7.10886	1.67608	15.355	5.14484	1.67845	20.2926	8.67348	1.57394	40.4169	3.89632	0.855924	13.51	0.969539	1.90152	4.60921	4.47172	0.708747	16.5181	2.78954	1.66893	11.4165	1.62664	1.676	7.42665	3.97274	1.58401	17.8272	5.70899	1.10374	22.4103	8.76993	0.624161	32.0434	3.35709	1.05849	8.80873	5.19054	1.44212	24.991	9.86657	1.82706	41.8854	0.132318	0.979753	0.609307	2.26576	1.84769	4.78924	5.84481	1.93139	15.3904	7.91267	0.652271	20.1838	2.77473	1.8561	11.295	
5.73256	1.87251	19.1098	2.00073	1.60053	6.48576	10.8796	1.16629	51.1241	7.17883	1.57506	30.9165	7.20965	1.67776	35.3174	6.73149	1.75366	25.7208	5.61207	1.79768	26.1495	4.97411	0.710907	20.4004	2.75082	1.43794	10.5671	7.33903	1.6726	21.8744	2.97659	1.22904	7.63268	8.54596	1.31751	18.6377	4.63116	1.8047	19.0957	7.81151	1.9601	36.8496	6.81425	0.567639	14.1419	7.6697	0.948446	35.3928	8.30627	0.719889	34.442	4.4651	1.96327	14.966	3.00024	0.581202	12.0909	6.49828	1.33067	30.8715	9.44836	0.667412	26.6323	7.15683	1.09365	27.6715	
4.67656	1.69564	20.029	8.8119	1.56661	31.6385	1.86746	1.85315	7.83426	2.7935	0.666547	11.2406	3.9505	1.82267	8.79543	5.60656	0.66871	14.543	5.09316	0.595527	23.0774	8.0749	1.82844	30.7732	7.12725	0.75307	21.3865	9.06741	1.16948	44.843	9.27619	1.76293	26.5581	9.87377	1.73509	39.0883	5.40224	0.679006	22.1454	3.76591	1.7452	17.6015	6.30725	1.17202	22.1597	4.23655	1.78956	14.1941	4.99164	1.06976	12.3985	9.03641	0.78201	38.7118	7.79946	1.73191	24.4229	3.42131	1.37611	15.3515	1.51219	1.95807	4.43634	8.22531	0.782597	29.6539	
4.74322	1.04701	16.8637	2.04794	0.60064	7.82546	9.77755	0.730597	26.0966	7.35606	1.95722	17.9663	5.71363	1.52733	25.6907	8.57621	1.79993	41.5958	4.32303	1.04632	9.84039	1.74197	1.03761	6.24027	4.19029	1.76344	19.4139	3.63146	1.9578	8.77616	0.869544	1.40533	3.07077	4.7686	0.873283	19.6058	5.66572	1.03874	18.9519	8.86545	1.79383	42.4173	4.13739	1.99133	10.96	5.84104	1.91386	15.8695	9.86831	0.823491	40.6869	0.754537	1.29405	1.94943	2.05866	0.686271	6.80819	6.15858	1.00214	22.0565	8.45449	1.85156	19.7439	3.66005	1.88031	11.2793	
6.22541	1.90644	27.233	10.2215	0.725134	46.3346	2.97791	1.7249	6.58664	6.50754	0.96526	17.5532	4.70932	1.48004	19.5285	9.85908	1.45791	43.124	6.28667	1.16128	19.8371	8.10545	1.45043	27.6094	9.55124	0.609243	21.2541	7.69653	1.33124	33.468	10.1122	1.04252	41.5432	7.90653	1.41017	28.8797	8.47763	0.981797	24.1006	8.23413	0.660607	24.4682	5.70535	1.99654	17.6894	4.23227	1.8995	8.57048	9.59608	1.75623	23.0974	9.17904	1.1052	20.7229	9.0706	1.13894	32.2184	6.08561	0.88614	24.4058	3.58212	1.65174	8.49242	6.98226	1.83197	15.4037	


# This instance was randomly generated with the following parameters: 
# SIGMA_MIN=0.5
# SIGMA_MAX=2
# CAPACITY_OVER_DEMAND=5