11	22
19.8542	934.125	77.6093
1.5276	1277.95	145.14
56.9409	535.252	28.512
133.341	1096.51	117.396
130.817	505.248	23.5416
28.8868	1248.05	139.255
162.098	717.652	49.2418
17.4773	691.034	39.7499
68.0516	962.803	90.0013
64.182	547.25	26.1041
138.707	1226.89	143.38
19.4595
52.8506
6.90239
13.5721
12.5174
8.28663
29.2548
39.7214
52.228
25.2507
48.0375
15.9515
10.6756
20.5986
46.8283
17.5932
29.976
1.58831
35.0459
37.5749
18.4718
44.2361
3.8181	1.34422	18.2044	7.30193	0.700835	33.1167	2.13723	0.640224	10.4824	6.49975	1.0773	22.8747	3.92903	1.99584	16.4216	7.41809	1.71234	18.0489	6.50867	0.616846	26.0216	6.13683	1.21222	19.1686	6.99685	1.20938	20.6203	6.87134	1.29262	31.2677	3.96731	0.575915	19.6134	4.08356	1.30761	15.1085	4.72054	1.36344	10.4801	2.51458	1.91286	8.15041	1.20997	0.817983	5.14594	7.49042	1.86661	25.7373	2.66956	1.12761	5.38402	6.29098	1.70358	30.9849	3.06634	1.15829	13.9571	4.32019	0.978318	12.7767	0.7478	0.615659	1.73028	7.31559	1.2942	16.3804	
6.15681	1.74194	30.3185	9.54938	1.55107	38.4335	5.04554	1.74402	22.6672	5.77044	1.54071	26.2548	6.9743	1.0909	15.0472	8.05347	0.781758	18.5326	8.53573	0.85034	21.4555	3.65197	0.65806	7.62761	9.19508	1.03798	45.5792	6.67297	1.36279	29.5497	7.01762	1.81316	17.2952	5.49341	1.63739	15.6906	1.6751	1.35686	4.28291	5.26879	1.18525	16.743	2.75803	0.850311	11.1534	8.61713	1.20413	23.3508	5.44394	1.40589	21.4583	4.19356	1.84351	14.6875	4.76298	1.12621	20.7403	5.51976	1.86588	14.8398	3.63607	1.69225	12.7786	8.42418	1.65486	21.5145	
2.71351	0.763399	7.43054	2.00666	0.870729	9.53999	6.77265	1.16447	21.0566	5.66583	1.15497	24.1101	5.50812	0.892569	21.0954	3.08661	0.647432	8.00779	0.827235	0.571963	2.58671	8.72917	1.27627	32.2303	1.64415	1.98873	5.33582	4.71651	1.59597	12.2002	6.09637	1.94164	12.4407	2.62496	1.22101	10.5876	9.23704	0.533197	23.4957	4.25065	1.37014	19.1787	7.54106	0.643858	24.6986	2.02533	0.797305	4.33913	4.20173	1.37125	20.3833	8.07795	0.837473	25.7267	3.40849	1.849	15.9029	2.68455	0.564428	5.68493	6.60048	1.07207	21.2018	1.97941	0.737541	6.95215	
5.26515	1.74223	19.8858	8.65876	0.560866	40.8648	4.44145	1.74836	15.2143	5.33898	1.18014	13.1649	6.21036	1.07389	13.1014	7.33838	1.46269	18.0378	7.65257	1.79718	24.8248	3.90759	1.91571	15.0244	8.3056	1.5584	29.7713	6.11648	1.44791	16.9469	6.29789	0.861633	21.9228	4.63627	1.81237	10.3921	2.43442	1.70226	6.32471	4.4136	0.658779	9.80228	2.37083	1.85477	11.0138	7.82664	1.03181	24.5358	4.58997	1.91443	19.9694	4.24774	0.528982	16.2421	3.87787	1.23607	16.0843	4.68432	1.77567	14.8641	3.0113	1.09787	13.4543	7.63478	1.9762	28.908	
6.79286	1.34085	19.5073	9.95343	1.13709	34.7532	6.49602	1.71409	24.9544	4.76553	1.23387	16.6942	8.18283	1.89504	17.6091	7.59439	1.7537	24.8373	8.83875	1.56209	26.2224	1.99551	0.537012	7.0796	9.57922	1.29697	30.4297	5.87006	0.699879	19.4177	8.31056	1.78094	39.3857	5.68696	0.963629	23.2811	1.08545	1.95192	4.18369	6.22818	0.816237	18.5462	4.34649	1.22759	20.817	8.39309	0.710633	40.329	6.40504	1.42361	13.5637	2.63236	0.731149	8.18371	5.21256	1.87931	17.3811	5.5975	1.77977	12.6453	5.06585	0.99574	21.1725	8.20064	1.73887	34.823	
5.31345	0.815373	13.2358	5.54102	1.85783	15.6632	8.88665	1.31433	29.5043	3.06656	1.62976	15.3283	8.44383	1.739	23.4984	0.609276	0.804725	2.18539	4.47687	1.65271	20.9531	6.9786	1.81275	26.3919	5.22851	0.515866	11.0208	1.75962	1.45786	5.65167	8.978	0.73571	21.2447	3.73656	0.63693	14.2931	8.48716	1.10703	35.6693	6.51761	1.15729	26.2477	8.65939	0.974992	40.4557	1.96504	1.87211	7.39455	6.56469	0.511818	22.0477	6.06141	1.29534	25.5422	4.71418	1.94443	22.4559	3.39149	0.617667	15.6443	8.14528	1.95595	36.1205	1.87594	1.36797	8.08984	
1.47505	1.49044	7.09021	2.61841	0.538153	8.33221	5.53016	1.17313	20.1353	5.42764	0.649746	19.2044	4.46012	1.76422	17.1425	3.63725	0.899189	16.9633	1.53179	0.865604	6.10229	8.01211	1.24829	28.0706	2.24209	1.94846	9.73987	4.7286	0.50704	22.4301	5.03222	1.40883	16.5333	1.68291	1.62176	5.65246	8.23745	0.635205	19.719	2.99836	0.912669	8.04955	6.2836	1.91932	24.3172	2.94639	0.574312	11.2489	2.96134	0.989027	12.9001	7.47162	0.822972	26.0798	2.24469	1.33102	9.27817	1.89816	1.15217	6.69691	5.33019	1.43147	24.849	2.83396	1.08055	11.0195	
3.11719	1.90504	11.0955	3.24009	1.80638	8.55174	4.86756	1.59707	23.2035	8.98296	0.875402	26.1617	2.51902	0.822848	11.2946	7.2475	1.37857	16.6464	3.60007	1.63665	10.4253	10.8638	1.94363	46.1769	3.25164	0.971666	12.224	8.40938	1.55166	32.8401	3.00016	1.16285	10.8721	4.92805	1.67371	19.6643	10.3135	1.84686	38.6364	3.48297	1.82366	11.2866	6.8512	1.73396	29.7427	6.27365	1.01835	19.2166	3.30702	0.559762	10.7326	10.5475	1.75562	43.744	4.73441	1.32508	15.922	5.28279	1.35553	11.899	5.63622	1.27263	16.1209	6.22561	1.01319	24.1589	
4.90004	1.83238	21.8505	8.32474	1.32717	35.5988	1.92461	1.98393	9.28924	7.64901	0.865456	26.822	4.25125	1.52893	16.3418	8.69124	0.573775	42.4805	7.62029	1.319	23.8418	6.78706	1.0268	23.5523	8.0437	1.3839	29.6918	8.09729	0.746181	33.791	4.10729	1.16429	10.542	5.34406	1.24278	19.2488	4.93193	0.71671	20.635	3.45131	1.8298	11.5369	0.542695	0.546791	1.52692	8.74451	1.5831	17.8529	3.57486	1.85517	12.1013	7.09834	1.61679	25.9771	4.32037	1.55954	17.7693	5.5896	1.59064	26.8125	0.944433	0.679072	4.06134	8.57197	0.867377	33.0555	
3.88097	0.841436	15.3793	7.02545	1.18549	19.7674	4.7151	1.47997	10.7922	3.79714	0.573775	7.93237	5.74414	1.04377	14.6501	5.38341	1.44361	12.0713	5.93417	1.41002	21.667	4.02457	1.7109	13.3758	6.65449	1.34645	13.497	4.33333	0.522419	20.7018	6.01159	1.03816	22.5394	2.80622	1.55875	13.9736	3.82218	0.810371	14.2402	3.56816	1.19377	12.764	3.50911	1.77947	9.6739	5.87184	0.951488	24.885	3.73568	0.752359	12.5113	3.87008	1.00523	18.7283	2.27487	0.914521	7.42321	2.78782	1.73296	9.00143	3.46103	0.873539	8.98358	5.67931	1.7444	26.57	
3.56894	0.980098	14.1958	6.89751	1.83208	33.6752	0.962739	1.60104	2.78854	7.40052	1.91725	15.2454	2.81896	1.90149	7.57935	7.83501	1.51014	20.8131	6.27789	0.945675	24.1017	7.35239	0.864063	28.0073	6.6359	0.720467	18.2146	7.60666	1.58038	35.0505	2.78009	1.7801	10.8335	4.3939	1.49239	13.2316	5.9245	1.04259	19.8653	2.0473	1.09585	10.2332	1.86292	1.81133	6.86577	7.69378	0.919429	25.4994	2.14368	1.52729	5.84874	7.46386	1.31245	23.114	3.37919	0.593138	9.57835	4.70537	0.897343	22.6552	0.658785	1.49763	1.70893	7.53466	1.88122	31.8401	


# This instance was randomly generated with the following parameters: 
# SIGMA_MIN=0.5
# SIGMA_MAX=2
# CAPACITY_OVER_DEMAND=1.5