6	12
158.066	775.957	55.6245
143.704	708.891	43.8053
40.798	827.731	68.2344
106.698	438.601	16.9131
60.9691	682.522	42.3238
19.2866	1027.18	98.4536
0.319735
13.5327
19.3875
15.8827
13.0509
16.0549
9.10907
8.11402
20.0938
8.51865
18.056
20.5572
7.35472	1.37968	32.9294	1.23652	1.88373	4.97687	8.2643	1.40413	32.4955	2.52869	1.52978	6.28294	3.96531	1.09474	13.3778	4.04788	0.83887	15.43	6.05327	1.49619	20.9423	5.54358	1.23643	12.7832	9.86149	1.18141	32.7226	1.8676	0.877908	8.82315	5.03303	1.64714	19.5121	7.68421	0.89616	29.555	
4.99904	1.03008	16.9465	3.80071	0.801413	10.5209	3.25421	1.59078	13.3592	4.13543	1.45051	16.233	4.37287	1.22223	11.1115	5.98373	1.32814	22.0444	4.06611	1.90333	18.1813	2.48268	0.985158	5.94354	5.33761	0.506417	20.2904	5.3342	1.09872	11.4471	0.535802	1.42747	1.89215	4.18176	1.23518	18.2111	
4.27728	1.16943	16.5832	6.80401	1.94903	29.0853	1.15705	1.23572	3.06308	6.4179	1.07739	13.9537	7.40823	1.08712	25.9848	7.68886	1.2253	16.3546	6.4217	1.81693	18.8125	4.88217	0.84403	14.1361	2.249	1.48335	7.83035	7.81819	1.2289	18.8881	2.97825	1.65912	9.59865	2.66971	1.92852	9.82535	
4.06045	1.86836	15.7472	5.38017	0.546631	24.04	8.42717	1.11197	35.8925	3.14828	0.950967	14.4246	8.57679	0.713749	29.937	1.44137	1.06703	5.77144	9.77923	1.80753	48.7953	8.50366	1.22775	29.444	8.27188	1.93379	37.0451	3.60695	1.45228	8.5889	5.93942	1.57787	24.2052	5.46731	1.0163	13.1543	
5.96889	1.01532	20.7587	0.864019	1.35391	3.71821	7.01714	1.13675	17.1241	1.38253	0.57651	6.24247	4.12843	0.598411	11.7216	3.36649	1.74061	10.6446	5.75739	1.12062	18.3948	4.8927	1.35236	11.8536	8.46088	0.795609	39.0512	1.683	1.47972	6.5864	3.76271	1.80263	10.2	6.25231	1.68704	25.0134	
7.97031	1.81942	38.1074	3.5895	1.71716	8.52315	5.58361	1.18583	24.2841	5.34829	1.57669	20.692	1.57918	1.03211	7.8342	7.4659	1.42876	25.3756	1.50413	0.791944	6.47732	1.3303	0.980063	3.28963	8.20654	1.84133	21.1548	5.91101	1.27854	13.366	3.58818	0.552842	7.78516	7.28558	1.59162	21.6161	


# This instance was randomly generated with the following parameters: 
# SIGMA_MIN=0.5
# SIGMA_MAX=2
# CAPACITY_OVER_DEMAND=2