4	8
90.6478	1040.78	96.1715
160.574	411.33	15.1353
21.4145	643.349	35.2949
6.51901	1064.63	110.186
7.90545
4.09315
6.8109
2.75607
8.34063
9.64063
4.28354
7.52718
8.37842	1.65185	26.6954	7.56574	1.21943	17.261	1.0449	1.33468	4.50243	6.41085	1.79656	30.6621	6.0633	1.6109	23.6937	1.66492	1.34298	4.29261	2.48962	1.00226	5.25563	7.89458	0.99508	25.9887	
6.16614	0.892251	19.5005	7.23984	1.55384	29.127	10.6375	1.69596	46.2863	9.48406	0.886736	20.7409	4.91054	1.06775	10.2162	10.2882	1.7399	45.8256	10.0571	1.20065	31.2735	7.57257	1.25347	17.7347	
9.36942	0.962039	21.4677	4.77623	1.8064	23.162	2.15977	1.26278	8.0099	3.26075	0.719523	9.01149	4.96537	0.88594	24.5549	4.43364	1.76438	11.8909	0.678542	0.930647	2.17036	9.36905	0.86841	28.316	
5.16284	1.52875	22.647	4.96334	1.98796	12.2017	5.0458	1.0607	17.1965	5.84159	1.53121	22.7845	1.14942	1.31978	5.26959	4.837	1.03945	22.1215	4.69841	0.855891	20.99	5.65674	1.90065	14.9948	


# This instance was randomly generated with the following parameters: 
# SIGMA_MIN=0.5
# SIGMA_MAX=2
# CAPACITY_OVER_DEMAND=5