9	18
143.387	1117.45	120.861
75.3492	908.164	79.3145
83.8607	1159.27	120.851
66.2017	363.716	13.0008
77.3681	422.298	17.1791
112.847	735.218	51.9414
76.8875	375.599	13.816
43.7633	870.499	64.3919
94.37	1238.43	139.382
3.72986
44.2309
15.5724
1.58785
12.4622
30.4378
33.5214
23.3988
23.4128
29.8761
26.7833
36.0309
37.9819
24.3891
22.8106
6.8256
25.0561
15.7174
1.36348	0.863438	3.88095	4.11505	1.94873	12.494	5.81271	1.17894	14.9414	1.59912	0.593477	4.78668	3.30737	1.74385	14.5068	2.6314	1.89494	6.85705	6.19415	1.0974	15.2384	6.46615	1.27573	20.3774	7.80563	1.13284	15.9486	5.18315	0.59128	24.4978	1.30057	0.521334	3.98877	0.395945	0.867417	1.34853	6.64343	1.89347	23.4135	5.61997	1.05416	13.5677	1.23295	1.36415	6.02782	8.6757	1.86775	28.7533	4.48187	1.68836	21.5063	5.25978	0.515521	15.2561	
0.734533	1.38577	1.48197	4.51647	1.33002	10.4009	6.78685	0.932948	16.4778	2.00867	1.2133	5.60729	3.85297	1.30889	10.6622	2.12048	1.03062	7.71496	7.18481	1.6288	33.2661	7.26838	1.19571	25.5415	8.73458	0.920441	25.636	5.7234	0.903368	27.7158	1.39784	0.614706	4.63867	0.827027	1.83682	2.93411	7.62447	0.902481	35.4495	6.61592	0.913006	14.6354	2.21927	1.10485	7.04663	9.5047	0.77661	41.1412	5.45996	1.63907	11.3385	5.94564	0.538468	21.7588	
7.60405	0.940059	23.6829	6.7539	1.98943	24.7458	1.94309	0.585906	5.49586	6.44708	1.33678	30.561	5.47278	1.48299	17.0876	8.43905	0.68323	34.724	0.29236	1.66633	0.856452	3.79998	1.78081	17.9065	3.58943	1.30229	12.6432	6.3814	1.59253	22.349	6.75457	1.9375	27.7279	6.58232	0.998399	22.2934	0.769204	1.82518	3.39406	1.00074	1.07247	3.51723	5.18778	0.866997	12.203	5.57968	1.37699	22.9219	2.0151	0.599329	6.92421	4.64058	1.38224	17.9583	
7.35381	1.50311	31.8948	6.79287	0.840682	23.2632	2.26021	0.785547	9.65764	6.28333	1.19998	27.2923	4.99121	0.624614	18.4486	8.25604	0.532013	21.4718	0.241628	1.07909	0.995967	3.2992	1.10725	9.4241	4.07906	1.56292	19.5815	6.52667	1.55137	30.9132	6.38627	1.18927	14.4755	6.27266	0.525444	17.4971	0.613148	0.788874	2.08016	1.1684	1.89912	2.5813	4.93566	1.44407	20.1093	6.04063	0.832085	23.8914	1.62996	0.773221	4.74974	4.10734	0.5222	17.9976	
4.65567	0.58611	10.6115	6.95547	0.735139	19.8078	5.93473	1.47423	25.0958	4.80244	0.812782	12.68	0.162843	1.07611	0.43455	6.02193	1.46631	16.4191	5.08924	1.69773	22.6293	3.57034	1.96051	17.6479	8.21061	1.92508	25.5623	7.63141	1.02047	24.0127	2.65978	1.41238	9.54598	3.27417	1.39208	8.89925	5.22167	1.60591	23.2349	5.12953	0.910676	19.8525	3.28154	1.3497	8.98816	9.72716	1.32234	38.6619	3.45927	1.79736	10.6408	2.02267	1.60844	9.80793	
8.66675	1.60591	29.6034	9.52517	1.4781	35.9948	5.75617	0.584971	20.9072	8.19542	0.716961	22.8069	4.58925	1.53904	17.7226	9.89833	0.76975	29.762	3.73277	1.59415	10.1661	0.863741	1.82873	2.70373	7.55074	0.655018	21.1484	9.60072	1.76399	45.7484	6.95022	0.599405	33.3623	7.31147	1.50198	22.0346	3.26729	1.18899	15.0471	4.6253	0.935324	17.0853	6.554	0.90833	30.5815	9.552	0.989338	47.3097	3.77079	1.96683	16.0962	2.48244	0.738296	11.0431	
5.712	1.83126	16.6235	1.99109	0.628508	7.24628	4.0077	1.78221	11.534	4.0934	1.57272	11.2628	7.61092	1.89519	30.1779	5.46097	1.99381	26.4928	5.97273	1.32498	12.1263	8.71799	0.543039	36.3403	4.30908	0.933634	20.2643	0.710147	1.29245	1.53359	6.70302	1.17492	30.129	5.8558	1.34515	13.9236	6.6177	1.4968	19.9409	4.92183	1.46695	23.9437	4.64656	1.87603	11.0838	3.94791	1.35478	14.2725	5.53311	0.589691	24.329	8.5029	0.712945	39.9578	
8.87942	0.80072	19.2823	6.22528	1.50672	27.7291	2.46088	1.4216	9.32893	7.31233	0.519459	32.1751	8.46147	1.54838	21.0626	9.18316	1.19614	43.212	3.97543	0.9916	8.27468	7.50447	1.89282	36.6596	0.205615	1.01402	0.671387	5.17084	1.2809	11.6829	8.88396	1.19241	43.1978	8.35155	0.889975	35.9734	4.39093	1.58793	21.5696	3.38051	1.45491	11.8264	6.80707	0.787861	33.4312	2.00835	1.15614	5.99923	5.01483	0.621801	14.7143	8.17629	1.85806	33.6787	
0.745198	1.46197	1.80692	3.60221	0.936436	16.2132	6.10508	1.00454	19.3734	1.07998	1.80965	4.29729	4.14108	0.758587	18.7169	1.81832	0.987518	7.6277	6.72399	1.77253	16.2505	7.25066	1.2157	26.8768	7.95533	1.69652	38.4749	4.79504	1.64281	23.7292	1.97293	1.1864	4.14306	1.05978	1.89533	4.32139	7.21497	1.84021	28.4474	6.05587	1.31756	21.6466	1.69777	0.587121	7.56393	8.63337	1.47037	40.6732	5.07845	1.94725	15.2661	6.08413	1.6055	20.1532	


# This instance was randomly generated with the following parameters: 
# SIGMA_MIN=0.5
# SIGMA_MAX=2
# CAPACITY_OVER_DEMAND=1.5