10	20
157.056	537.728	26.2008
37.4028	1341.01	157.367
123.385	911.133	70.7277
137.404	1238.14	134.689
178.095	609.956	33.4679
103.205	771.217	58.6877
13.7709	1288.94	156.796
56.2258	805.05	64.2693
121.438	1066.57	105.027
148.351	1112.08	102.643
0.928865
3.01944
22.7915
22.9076
23.6042
2.86473
10.8259
19.988
14.213
15.0097
13.8249
13.8758
14.4209
16.7031
15.3918
5.59231
31.1346
28.4567
19.3133
8.42544
4.74239	2.04566	11.2682	1.03745	2.13866	2.13454	10.7169	1.07833	30.9887	5.37253	1.8206	12.2149	5.5731	2.87344	18.8467	6.79376	1.38284	13.8847	6.85112	1.95515	29.6322	6.46966	1.82275	20.0633	3.47512	2.49323	17.3448	2.18802	1.47661	9.98842	5.56603	2.60664	21.5609	4.60035	1.92343	9.51129	10.0059	2.59717	49.2223	9.33417	3.21153	43.1374	4.03531	3.53987	14.5523	6.69895	2.26251	15.1668	5.12947	1.70599	21.7232	5.87819	1.07597	25.6385	2.98841	3.31494	9.24482	6.97093	2.94333	33.2857	
6.35153	3.72037	29.6547	8.76092	2.27235	30.3811	1.1457	2.83395	2.48956	5.94848	1.15694	28.6135	6.64394	1.11326	28.5636	3.36343	3.53346	7.6096	3.00238	1.88031	9.4336	5.53499	3.43057	27.1094	7.64047	1.57668	36.4035	10.5246	1.60018	36.0816	4.78604	2.95127	14.0739	5.31098	1.52281	25.1152	5.39445	3.66331	11.0077	8.95793	3.92953	24.6654	6.89876	3.22706	28.7129	6.83062	2.77359	19.1834	4.97673	3.55768	12.1232	3.90661	1.24285	18.8403	7.00757	1.38854	24.9742	3.97135	1.27795	17.1517	
5.28202	2.37432	12.9411	3.23159	3.23287	11.7901	8.16828	2.60021	19.0817	1.83875	3.63616	8.06996	1.83545	2.87399	6.03981	4.12966	2.12526	11.4528	5.13242	3.29199	15.6795	2.87087	1.0686	7.78028	0.272633	1.85796	0.757158	3.2976	3.25059	10.4974	4.9569	3.0548	18.712	3.80105	1.65977	12.8184	6.37569	1.92196	29.1157	5.74335	2.20494	16.1785	4.92067	3.48068	21.7677	2.95507	1.57011	12.84	2.56899	1.86408	11.1903	4.13684	1.74183	14.5463	1.61394	3.20978	5.46432	6.20774	3.00063	14.3861	
1.08798	1.21319	5.4023	4.52635	3.01845	9.39313	8.06508	2.21387	36.2415	6.54664	3.51241	13.445	7.31385	3.24725	35.4504	5.67056	3.1262	13.0766	4.2712	2.4569	13.5143	7.30065	1.50541	31.0105	6.21461	3.15882	12.9325	7.29592	2.46832	21.1186	2.41937	3.39838	10.7863	2.93372	3.52877	13.2782	10.0362	1.37264	21.8991	11.4695	3.25586	34.9274	1.46818	1.09593	6.9075	8.3897	1.22304	17.7032	5.05378	3.39813	20.698	4.03418	2.02617	15.1981	4.73319	2.387	13.0283	2.9747	2.07228	14.1237	
2.82255	3.81825	10.0833	2.31345	3.51262	6.31816	7.40453	3.43174	27.2151	2.96196	2.44426	13.8363	3.59664	1.77118	11.8525	3.54514	2.49393	11.586	3.59083	1.42261	16.7494	3.94531	3.46337	7.92132	2.36452	3.34202	6.37165	4.31042	2.98724	13.5334	2.72035	2.32954	13.4763	1.55366	2.98308	4.77911	7.28185	2.197	17.247	7.80665	2.78937	28.1473	2.49705	2.74048	7.28863	4.75374	1.70652	21.5259	1.9986	2.13703	9.25539	2.5854	3.04979	5.42007	0.913848	3.82243	4.10649	4.10436	2.59768	10.2814	
4.32403	2.05586	11.8157	0.540241	3.23582	1.81727	9.97385	2.2449	47.6391	4.61232	1.22178	13.755	4.85049	1.27985	10.7488	6.02733	1.07465	22.9637	6.15462	1.76271	22.6542	5.71017	1.00379	27.9171	2.77516	1.43729	9.64397	2.23815	2.66838	6.52646	4.97682	3.98291	16.0194	3.94906	1.34198	18.5868	9.24325	3.07753	30.2329	8.71114	3.00991	40.2605	3.65528	1.97777	7.37296	5.99481	1.89118	28.4251	4.356	2.69835	16.0498	5.16376	2.09611	21.7524	2.21049	2.95041	9.24396	6.39423	3.27355	16.8462	
6.54656	2.1475	21.6756	2.85618	3.93841	10.249	11.1838	2.88777	42.0224	4.95679	3.56758	19.2053	4.78042	2.6356	10.5707	7.11698	3.14405	15.175	7.74806	2.93734	29.9074	5.94776	3.6235	24.2318	2.8952	2.20645	14.2346	0.244592	2.19501	1.20261	6.9434	2.08242	34.4437	5.80576	2.89894	23.9186	9.36349	2.50365	29.3358	7.79733	1.96924	22.4475	5.91662	1.63587	21.0006	5.68446	1.94363	26.0457	5.44006	1.55688	13.5008	6.71342	1.57482	25.7126	3.48737	1.65288	16.2416	8.35109	3.75203	25.3006	
5.37754	1.46683	18.6544	4.83252	1.00823	15.208	6.15169	2.09859	30.6742	0.353993	2.18577	1.68343	1.13635	3.1468	3.12496	2.28939	2.62242	10.4816	3.80235	2.93172	12.0851	0.944138	3.37697	2.53556	2.38615	3.46618	7.69748	5.44706	1.87767	18.3627	4.42821	2.66252	13.5333	3.53677	1.5978	10.5485	4.42689	3.38863	15.7759	5.01837	3.86528	14.0512	5.30112	2.90385	23.9204	1.95835	1.38562	6.65655	1.44697	1.19149	6.91921	3.03029	1.0572	14.8376	2.71256	2.23229	12.4358	5.3253	2.53648	20.0959	
0.525595	3.66601	1.42331	4.15343	3.51833	15.3226	6.96158	3.47724	16.8375	5.31344	2.45102	25.0579	6.11161	2.34408	22.6583	4.33878	1.87042	16.2292	3.02312	3.62108	7.60028	6.01103	2.96786	22.2408	5.23991	3.14814	19.0902	6.80096	2.70654	25.2979	1.12361	2.3125	4.11933	1.6662	3.37315	6.74583	8.70206	2.61026	29.8418	10.2179	1.53321	44.595	1.20769	2.22244	4.14362	7.14754	2.15526	32.3109	3.77038	2.75847	9.55451	2.7029	3.96798	9.03614	3.78866	1.62424	14.4312	2.08209	3.20182	7.44952	
6.3271	3.7861	25.6618	3.83053	2.31623	15.8122	8.98303	3.00713	40.7834	2.48348	1.55316	5.71555	2.07311	1.44648	6.20196	5.02084	3.88256	13.7556	6.17012	1.72972	27.6558	3.3092	3.19828	13.6304	1.14728	3.05983	2.57968	3.00432	3.4869	6.0753	6.05085	1.19395	27.1844	4.89278	1.389	18.784	6.60747	2.26402	26.0766	5.2507	1.39676	17.2101	5.92323	2.40871	18.2523	2.90307	3.97497	12.2727	3.57432	2.23267	9.42545	5.19387	3.78284	21.8071	2.62464	1.58503	12.2004	7.29749	2.02651	32.6288	


# This instance was randomly generated with the following parameters: 
# SIGMA_MIN=1
# SIGMA_MAX=4
# CAPACITY_OVER_DEMAND=3