8	16
45.2563	370.418	12.2704
56.4052	776.366	50.2288
95.3769	887.704	74.4791
107.617	1237.97	149.74
62.7305	650.897	35.3134
127.58	515.946	25.0196
130.725	1005.91	94.6962
134.941	673.826	44.4087
19.7454
2.6385
0.69917
4.85389
13.259
15.4511
3.72539
10.2768
11.9045
1.45637
7.91381
19.0239
2.78555
18.3701
20.8886
9.05992
3.63065	1.13621	14.2835	7.39744	1.25379	36.2929	3.41438	1.725	11.3824	2.9858	0.699642	9.50335	1.64231	1.75698	3.85121	3.59523	1.17185	16.3291	4.75353	0.540938	21.2113	1.51996	1.96791	3.69486	6.29707	1.03014	19.6712	4.40083	0.647662	16.6293	4.05281	1.09151	15.8303	7.69041	1.09993	23.2766	2.38551	1.48552	9.08334	7.19898	1.5967	21.1527	1.89519	1.46121	4.76096	1.15469	1.49438	2.57207	
4.70522	0.83011	13.1938	5.32457	1.24357	26.1849	2.30244	0.546194	10.5514	2.09865	1.95664	6.45532	1.05722	1.44453	2.60549	3.35791	1.94518	10.0165	5.95395	1.76915	28.9772	1.6626	1.76324	8.01602	5.40979	1.38216	21.3599	3.84643	1.37336	11.4108	5.23468	0.501718	24.9147	6.01347	0.900098	16.2268	4.30799	1.20017	16.5025	5.53172	0.606223	25.2976	0.362112	0.643966	1.10405	3.13718	0.967342	9.30821	
7.2596	1.96303	17.4493	5.17527	0.636775	17.3399	1.03078	1.02608	4.37341	1.05581	1.20342	4.21492	3.92334	0.962062	15.7909	0.51978	1.68786	2.50396	3.98416	0.538749	16.9458	4.39467	1.97197	21.7406	2.58349	1.55651	10.651	0.720615	1.85146	1.96395	7.72261	0.82685	26.2969	4.5015	1.42494	15.5925	4.10087	1.60655	18.6025	4.04257	0.710795	15.0024	2.98185	1.52034	13.3965	4.84769	0.510942	16.4593	
6.68419	0.734024	28.7906	3.39284	0.559601	11.3943	3.81024	1.50641	16.3985	3.97615	1.06013	19.8318	3.62156	1.56094	10.3273	5.26515	1.80168	12.9127	8.48344	1.64923	25.3764	4.11735	1.24086	14.7211	6.05199	1.57239	15.1255	5.30039	1.74333	15.5147	7.22639	1.40008	30.1438	5.1213	1.82338	24.8591	7.20383	1.5377	30.9478	4.75544	1.57818	12.2327	3.2734	0.928493	16.1099	5.90274	1.78321	25.6763	
4.66542	1.55659	19.9521	5.17454	1.01851	14.4848	2.78292	0.868317	5.6696	2.6509	1.98275	9.65312	1.20758	1.55492	5.76107	3.95544	1.6884	10.4188	6.61758	1.78436	25.345	1.76241	1.40476	6.50869	5.82412	1.38927	19.3685	4.37761	1.75605	11.9758	5.20803	1.83028	15.2916	6.12261	1.42377	25.4923	4.90437	1.97395	19.6125	5.65483	0.794223	23.9223	1.00788	0.720481	4.12283	3.47725	0.650517	10.87	
4.21946	0.62953	16.718	5.95849	1.26599	12.0774	2.57323	1.9789	10.0367	2.2689	0.939178	7.20238	0.652534	1.45772	1.69382	3.37979	1.16215	10.2022	5.62008	0.599849	14.3053	1.1821	1.22452	4.84828	5.68965	0.621018	17.3098	3.98905	1.39989	10.903	4.73447	1.1513	16.1977	6.54031	1.50325	27.8168	3.75671	1.75431	17.6672	6.05323	0.878666	19.649	0.417203	0.880898	1.26178	2.48729	0.980384	8.05238	
8.17757	1.98426	28.1134	8.43135	0.648961	30.8323	4.26456	1.76131	20.7244	4.03865	1.27905	8.99668	5.9417	0.682556	12.0548	2.83363	1.96335	12.5303	0.850403	0.53068	2.82698	6.13968	1.66135	17.1839	4.4859	1.73619	16.1026	3.23639	0.902258	9.43132	8.48582	0.582639	27.7181	7.29671	0.872672	33.6962	3.20702	1.23376	6.82162	6.91704	0.839461	25.1546	5.34463	1.87708	23.1912	5.48314	0.699501	24.3237	
3.10931	1.20645	14.5218	8.59598	1.05761	20.6078	4.54981	0.735946	11.2653	4.10704	1.15629	17.3842	2.6122	1.00795	11.8057	4.51533	0.7813	21.6399	4.8566	0.629689	18.8722	2.25293	0.868518	10.0994	7.29386	1.75998	17.9325	5.36525	1.45586	26.77	3.4112	1.04988	6.89035	8.85477	0.67735	39.9976	2.0847	0.697172	7.45548	8.36405	0.650298	41.1144	3.06958	0.788603	9.10476	0.510419	1.90875	2.10399	


# This instance was randomly generated with the following parameters: 
# SIGMA_MIN=0.5
# SIGMA_MAX=2
# CAPACITY_OVER_DEMAND=3