11	22
24.3818	717.703	51.2071
118.91	1062.63	112.063
135.017	597.362	30.5495
3.20853	931.336	84.6644
41.9377	1277.62	150.444
4.79119	950.064	83.0547
76.695	843.119	62.2129
62.2283	1000.29	99.903
131.007	1281.6	144.639
1.46707	1231.31	136.055
144.954	829.356	59.2239
13.1549
13.4659
14.147
12.1444
7.07149
4.77968
8.85742
11.4482
8.4992
8.08482
7.52498
5.12679
8.57634
6.15853
2.67813
15.347
13.9512
3.73539
15.0808
12.5223
0.641928
9.80678
2.01868	1.86951	4.39067	7.22218	0.886521	32.4392	7.07766	1.98514	24.8843	4.68765	1.61194	14.2534	7.72496	0.640192	15.4851	2.76496	0.97586	8.66054	4.3419	1.99562	14.8023	1.39411	0.754742	3.89613	2.49563	1.29739	10.8571	6.2473	0.93964	21.7763	8.04806	1.60006	23.3153	2.02294	0.574358	4.62716	2.32468	1.05721	7.64567	6.65986	1.73595	21.7135	4.98395	1.40005	23.1006	7.70653	0.965026	28.2884	1.00993	1.3263	2.88951	7.70829	0.625932	38.3033	3.69675	1.05018	10.5367	4.32779	1.58333	17.6073	5.60058	0.501543	24.5332	0.565732	1.24197	1.81111	
2.79888	1.59802	6.78511	3.6927	0.690712	9.7735	5.38823	1.36691	23.8082	1.28979	1.37447	3.84019	4.45264	1.96042	15.1009	5.41847	1.59779	11.1334	5.17944	1.09593	14.9248	2.48852	1.4843	6.56731	5.35473	0.763776	13.9046	2.7553	1.99176	12.7207	5.73963	1.77427	15.6181	3.47239	1.29028	13.355	1.96306	0.791487	8.40502	3.13152	0.561659	10.975	3.66161	1.35373	10.3126	4.16884	0.988443	18.1068	3.59198	0.514833	14.9389	4.88355	0.718898	18.4242	2.06609	1.66765	8.7299	5.75044	1.24573	12.8192	3.96533	0.828392	11.8701	3.1003	1.4894	9.19829	
5.86415	1.03044	13.035	7.39229	0.827613	23.0972	10.0625	0.539583	36.4865	5.86589	0.56693	24.2599	8.7835	0.667146	19.3451	7.25911	0.906944	21.2588	8.60023	1.08207	40.9123	5.03331	1.65866	17.949	3.62254	1.30342	10.7571	5.93665	0.527994	27.0046	10.475	0.536467	38.8282	2.49184	1.38062	12.3955	3.10487	0.681889	8.54828	6.47235	0.740414	13.5591	2.00092	1.47507	7.18989	7.66908	1.94118	25.8455	5.45075	1.40719	19.3359	9.52815	0.94516	44.3233	6.48904	1.26981	23.6142	8.75921	0.549465	42.6336	2.52213	1.63045	8.32206	4.71005	0.895922	20.6084	
4.13301	0.611802	14.5337	2.38575	0.595149	8.15684	3.40121	1.8614	11.9194	1.42691	0.781128	5.91778	2.0622	1.8606	4.20145	6.67862	0.835929	24.7913	5.28616	1.89305	22.8956	4.34501	1.66479	8.77354	7.84127	1.85188	28.4281	2.72346	1.99854	9.30448	3.27216	1.63773	10.6978	6.07109	1.22648	26.2294	4.58674	1.51389	10.2092	2.61938	1.62478	12.952	5.90549	1.33363	12.3334	2.89131	0.766656	11.2683	5.34498	0.543874	15.4008	2.25052	1.94236	7.62117	2.26577	1.20226	10.6346	6.11191	1.58666	27.5084	6.0087	1.37212	15.4636	5.14922	1.22336	14.9258	
4.64017	1.19715	20.0601	1.82343	1.86145	8.62921	3.77956	1.03651	16.9692	1.57511	1.05654	3.40833	1.62474	1.02714	6.19887	7.21985	1.57426	32.7576	5.86653	1.26384	24.3741	4.79224	1.52071	14.1639	8.17119	1.02363	18.4411	2.35067	1.03779	8.3291	3.42661	1.64147	15.3799	6.33218	1.39467	31.3467	4.82224	0.801887	11.2143	2.16189	0.97888	5.2684	5.86213	0.575107	19.4243	2.3203	1.99682	9.88254	5.8226	1.58919	27.0201	2.19493	1.12934	4.98524	2.80647	0.930382	13.8818	6.69136	1.59259	19.2901	5.90172	1.28056	29.4733	5.57837	0.543669	22.2166	
3.4955	1.84658	11.8695	8.15695	0.608206	31.4335	8.53882	1.84862	33.513	5.74991	1.1662	28.3112	8.88513	0.665792	36.2954	3.74253	1.05866	13.4179	5.73581	0.582753	24.6205	2.80499	1.38531	13.8486	1.01736	1.86333	2.40988	7.00859	1.78888	34.8253	9.45714	0.814459	21.9926	1.56249	1.94861	6.71524	2.76391	1.15086	5.60043	7.47676	0.933997	32.2965	4.79895	1.08201	18.0069	8.60544	1.72564	34.5512	2.42923	0.955599	7.09914	9.01882	1.35715	19.1095	5.07537	1.69959	10.5475	5.60824	1.28965	23.6983	5.45553	1.57694	24.8158	2.01637	1.87634	6.60417	
3.00437	1.44676	13.0172	5.35136	1.728	18.9489	2.07985	1.2696	10.0393	3.5469	0.685897	14.0158	4.55566	1.92895	12.8353	4.69239	0.606796	12.1206	2.5495	0.821853	10.0683	3.72175	1.21181	8.13552	7.51186	1.30312	31.7527	5.50264	1.43458	11.1551	3.30875	1.53727	8.20958	6.33998	1.96973	28.8913	5.23771	1.98484	18.7663	5.51616	1.23168	27.0325	7.56286	1.39833	27.8547	5.84982	0.956136	16.2331	4.22082	1.3383	11.8059	3.64	1.19888	7.69734	1.88437	1.97365	6.63161	3.44339	0.630048	8.04823	7.88462	1.21015	17.0638	4.47824	0.945432	15.32	
7.24668	1.77566	21.4834	2.80157	1.97399	13.0033	8.06243	1.68212	32.7968	4.05823	0.788798	8.31413	4.62362	1.89268	12.8099	9.85467	1.06363	43.6661	9.43008	1.96328	23.2268	6.88358	1.06112	25.2364	8.69305	1.92722	19.2337	2.02802	1.77391	9.32814	7.52036	1.18806	31.9755	6.65906	0.800488	27.8003	5.43098	0.956723	21.9719	2.12378	1.27733	8.95909	4.10009	1.85024	20.1342	2.64539	0.808585	12.3909	7.95987	1.11565	22.885	6.06131	0.573888	19.4589	6.088	0.726789	27.4905	10.1009	0.593697	44.5715	3.64903	0.810004	9.92938	7.35504	1.03129	16.0446	
6.09327	1.71847	25.6719	6.27371	0.72396	15.8791	9.65439	0.701164	25.4199	5.18635	0.693028	11.8253	7.82371	1.85468	27.0126	7.94187	1.07321	22.6676	8.85318	1.1809	28.894	5.32194	1.32434	22.188	4.9017	1.34957	19.6639	4.79991	0.904199	22.7402	9.85308	1.95699	33.0692	3.30359	0.690146	10.1364	3.20022	0.969509	8.68852	5.32372	0.562764	17.7809	0.703481	1.91554	3.34569	6.48427	0.843017	26.1271	5.99601	1.72294	25.4816	8.7527	0.559527	31.8094	6.26106	0.799691	30.8314	9.15744	0.920364	42.7055	1.03205	0.988441	2.5256	5.22973	0.764972	20.242	
1.42741	1.78429	5.34426	7.23306	0.522012	15.206	6.4458	0.874855	17.775	4.649	1.61684	15.5804	7.52168	0.838918	31.2997	2.01577	1.09165	8.29723	3.46094	1.17022	11.3262	1.18305	0.76042	3.73835	3.27247	0.764168	10.7505	6.41177	0.837605	29.5204	7.52336	0.988183	27.0758	2.88591	1.93226	10.7928	2.8943	1.58824	7.63783	6.77427	1.79968	25.8141	5.67615	1.19407	28.216	7.73884	1.5586	17.4808	0.147764	1.48946	0.341043	7.33308	1.39953	36.5127	3.29975	1.11122	11.8422	3.435	0.75783	15.7889	6.26556	1.95934	30.9338	0.728104	1.98831	2.04057	
1.97584	1.93094	7.57043	5.07321	1.82559	17.0823	3.11377	1.94014	6.27992	2.86703	1.80648	6.50559	4.67368	0.822054	18.3883	4.08333	1.11633	13.7347	2.56867	1.35778	8.27183	2.62927	0.569908	12.1828	6.44191	1.29854	22.0468	4.93001	1.40197	17.7093	4.13535	1.90824	13.1527	5.21544	1.91786	18.0176	4.12435	1.46193	15.9572	5.0448	0.65341	13.5013	6.53489	0.887622	21.9235	5.59596	1.99472	16.291	3.24716	1.11681	15.9328	4.10495	1.57212	18.5346	0.892792	1.16084	2.1636	3.36124	1.85295	8.86926	6.89572	0.746289	14.729	3.4138	0.698473	14.3692	


# This instance was randomly generated with the following parameters: 
# SIGMA_MIN=0.5
# SIGMA_MAX=2
# CAPACITY_OVER_DEMAND=5