9	18
24.3841	492.043	22.4168
155.665	1251.03	137.161
116.694	656.333	37.9392
133.378	1054.48	110.525
141.637	398.974	14.5042
31.9998	378.331	12.4334
140.246	409.359	14.1166
131.444	966.023	88.5258
62.1323	1311.31	159.981
6.37842
0.604743
1.76409
4.89437
1.91123
7.25807
4.10979
2.33893
3.2346
0.0961072
3.41402
0.854244
5.20769
4.05041
6.17524
4.4424
1.69698
1.32908
4.9347	1.72904	20.6802	5.80914	2.04334	21.4275	3.15053	2.70273	12.0016	7.15704	1.15462	30.3603	1.62241	2.61335	3.86471	2.53755	2.67196	6.27907	6.76259	2.66279	25.3095	5.00671	2.36088	14.0182	4.29424	2.04757	19.3272	2.64966	3.38352	9.90705	7.08455	3.46141	33.8805	2.30732	1.95719	10.0518	2.21244	2.39159	8.67605	2.37906	3.10728	6.87726	3.45338	2.33375	10.8748	5.17198	1.38076	15.2749	2.09243	2.70564	6.867	1.89685	3.12625	7.12477	
2.02722	1.62598	6.6897	3.22597	2.95884	7.40694	3.55188	2.28422	11.8074	9.73523	2.41832	25.7324	2.87112	3.10051	6.17608	2.95003	2.87186	9.52656	6.40437	2.46043	31.4143	2.71711	2.47639	6.98471	5.24207	3.73224	21.103	5.72467	1.14077	15.7154	6.76534	3.52371	29.6925	1.53823	2.87708	5.92368	0.902829	2.02025	2.0982	2.76404	1.05944	5.72624	6.49849	2.18255	16.5948	4.88584	2.14521	12.8917	4.17428	2.58177	20.665	4.89444	3.22891	17.6187	
3.52955	3.96676	11.6251	2.98491	1.22588	6.93568	1.97853	3.88507	8.10647	8.38642	2.01348	23.5859	5.85007	1.48184	23.1252	2.35236	1.57097	9.1951	2.48763	3.19576	6.62918	2.22608	2.97783	7.40585	2.77935	1.46691	5.68371	6.67298	1.03676	22.4845	2.8477	3.68528	9.62502	2.9207	2.73114	12.1645	4.19403	1.51586	16.87	2.47361	3.99119	6.97453	7.01235	1.88353	31.358	1.17401	3.95559	4.55152	6.84257	1.20172	22.3184	5.62502	2.44316	25.5238	
10.4604	3.86506	29.4827	10.9542	1.64634	40.1895	6.81785	2.5866	17.0423	2.79516	3.25795	8.56118	7.02194	1.03564	20.7616	6.79741	3.39791	18.4899	9.16347	2.91777	21.4668	10.04	1.46266	35.7277	6.22626	2.00307	14.4183	3.37973	1.84213	16.3866	9.3084	1.81822	41.3052	7.65149	1.34599	35.3623	8.0507	1.45835	17.2749	6.83089	1.4609	23.6849	2.46239	2.62656	9.18711	8.19483	1.26696	34.4984	6.26739	3.62769	23.698	3.97944	2.32774	12.7386	
7.67877	2.82952	22.0184	7.2601	3.84575	27.5	3.847	1.16443	13.2226	5.1772	2.80595	25.7611	7.96101	3.3207	32.859	4.50647	1.84943	22.2784	3.00029	3.70476	9.28226	6.48052	2.56221	22.3902	2.19734	3.37074	8.8467	6.54697	1.5786	29.4585	2.9743	2.40067	6.29483	5.89824	3.7715	12.236	7.18622	3.99695	28.408	4.71416	3.76603	20.3349	6.28888	3.71281	28.5133	3.13288	1.0492	13.0689	8.36425	2.00039	21.6393	5.7751	1.82353	12.5629	
8.70064	3.80801	32.3779	8.6019	3.20233	18.4786	4.51073	3.67838	15.7737	2.95875	3.80864	13.4807	7.63502	3.25003	31.6114	4.97604	2.38309	11.0772	5.10541	1.84337	25.2192	7.72681	1.93506	25.7449	2.97648	2.57735	10.9441	5.26909	3.31219	22.4492	5.13988	2.36315	18.0311	6.35829	1.84749	17.5064	7.44218	2.83668	30.0055	5.14347	2.34921	23.0663	4.75241	3.73001	16.86	4.74958	2.92325	22.1198	7.68207	3.1603	30.9913	4.78571	3.39162	17.695	
7.87501	3.79293	30.125	7.10013	3.92484	15.5145	4.87699	1.66686	22.3454	7.20013	1.74625	27.159	9.32285	3.77143	32.5061	5.57996	1.57072	14.0107	2.05636	3.43097	4.56416	6.51067	2.92498	30.0266	3.61743	1.91969	15.8678	8.47897	1.27886	27.5634	1.78092	2.56224	7.57375	6.80491	2.84985	30.3079	8.15652	3.07672	26.9664	5.78926	2.37534	28.8545	8.32006	1.76119	38.4003	3.26297	3.79351	6.79318	9.93835	1.88763	36.7606	7.6132	3.37103	21.949	
9.36933	3.98359	46.7302	9.73244	3.85888	30.3813	5.50158	1.47996	16.9579	2.1811	3.56952	8.46173	6.52701	3.58494	20.8395	5.58	3.18433	20.8168	7.64412	1.94738	18.9277	8.81174	3.26722	25.1044	4.74715	3.82213	22.3302	3.10743	1.84435	12.4602	7.78166	3.66584	29.7646	6.59907	1.30857	17.4265	7.20351	1.7696	33.5927	5.64531	1.83293	14.2907	2.24301	2.04669	7.34954	6.73293	2.46281	16.1729	6.03921	3.71249	15.7039	3.29557	2.88448	12.7817	
10.6008	3.6755	48.3609	10.977	3.79264	32.2243	6.74357	3.91599	19.0253	1.82962	1.74861	8.52776	7.54175	3.22822	31.2799	6.82324	3.98851	29.41	8.74335	1.58542	32.3832	10.0563	1.51304	34.7453	5.92455	1.42175	16.0226	3.96173	1.7116	10.5259	8.85597	1.98704	18.2032	7.81943	1.50219	17.4197	8.36753	3.79948	27.0501	6.88593	1.61888	26.9077	3.03259	1.9609	13.2075	7.91779	2.89616	24.1429	6.91153	2.73702	15.1929	4.36458	1.71916	8.88073	


# This instance was randomly generated with the following parameters: 
# SIGMA_MIN=1
# SIGMA_MAX=4
# CAPACITY_OVER_DEMAND=10