6	12
104.086	637.324	39.8678
78.0725	1296.36	141.588
89.9552	390.398	12.6465
29.5165	1185.38	129.04
139.583	1211.42	134.987
23.3954	648.162	41.4429
14.3674
8.1789
11.8324
5.03209
12.642
10.9454
3.28693
2.23309
4.41403
14.7036
10.0284
2.25019
9.51223	2.99761	35.7227	1.49466	3.01488	3.52374	5.14382	2.03681	16.1862	3.52085	1.93857	7.71423	1.30772	1.09308	6.4883	8.43561	2.59074	17.0648	4.09041	2.90561	8.72549	2.10141	2.03084	5.65272	7.10508	2.24431	19.1361	5.45605	2.08838	17.6807	1.07857	1.14946	5.2754	8.18157	2.19109	31.4615	
7.47868	3.49732	22.7834	3.85246	3.87879	9.03001	2.43824	3.46936	9.1996	5.97821	3.07495	22.2537	5.47376	1.78884	16.2088	7.5962	2.04892	24.2313	2.48724	2.79721	9.64225	3.27073	3.39648	13.7954	2.50524	2.58299	10.3073	3.24254	3.81157	14.7157	5.59804	3.63842	21.7902	9.84351	1.48545	39.7172	
1.72941	3.65705	8.09484	6.38479	1.01896	15.7469	3.42412	2.43846	9.15541	5.98175	2.50327	13.3012	7.64333	2.76555	18.8146	2.40989	1.11685	5.51789	4.05875	1.08191	9.78552	5.81366	1.00181	15.5461	5.29549	3.88258	23.9558	2.70641	2.60489	9.1087	8.93292	3.41054	19.0742	6.69647	1.92481	30.2979	
3.96685	2.90942	10.8096	4.73298	3.59674	16.4014	3.79544	2.38106	13.9056	3.36674	2.30743	9.65766	5.50224	3.29982	22.8124	2.32765	3.2859	5.94789	3.58547	2.3039	14.7192	4.40796	3.67804	9.86667	6.71444	3.22569	33.562	3.07038	1.14978	11.3857	7.07106	2.14253	28.5321	4.18015	2.99254	9.37059	
7.61982	2.23027	25.7683	4.32274	1.86659	20.355	2.70308	1.66557	7.79537	6.4471	1.83987	24.6855	5.93573	2.15265	14.828	7.864	1.617	22.8467	2.88994	1.29948	7.5789	3.74578	3.32518	15.3683	2.18132	2.31522	6.77804	3.51049	1.69119	14.0242	6.00578	3.31275	16.9909	10.2593	2.8268	35.709	
9.99211	2.30692	20.3873	1.98747	3.96142	9.78302	5.48063	1.11435	12.184	4.0906	3.94537	13.6297	1.80026	3.00865	4.62494	8.97249	1.12969	38.0656	4.4614	2.40241	9.70491	2.52701	1.30408	6.25683	7.23664	3.22174	26.8381	5.85188	1.72631	25.4643	0.844237	3.15576	2.15661	8.74558	1.71944	19.7762	


# This instance was randomly generated with the following parameters: 
# SIGMA_MIN=1
# SIGMA_MAX=4
# CAPACITY_OVER_DEMAND=5