10	20
41.5555	1161.48	115.176
150.31	410.126	15.977
130.069	1085.35	112.99
168.196	1233.39	148.947
113.707	1093.38	116.749
117.635	1350.78	151.198
167.47	629.953	34.5724
54.0209	632.803	38.4039
161.921	1205.36	140.528
62.0908	438.524	17.9801
7.40609
2.41504
2.52564
8.21713
2.04856
6.40781
1.99076
2.25193
2.54469
0.631624
6.56296
3.18801
4.06103
7.44524
7.5163
7.01642
5.25286
0.545005
4.43089
6.7942
6.33773	1.79087	30.3098	0.480642	3.38279	1.96952	3.05507	2.31904	13.0014	6.65435	2.83719	22.6131	4.5713	2.64007	12.4566	3.97034	1.45275	11.7988	4.98584	2.66834	21.7304	3.33044	2.44803	14.2073	5.57646	2.69637	14.1123	2.54706	3.42961	7.33981	3.01224	1.97314	6.48092	8.04783	1.6784	27.8926	0.592412	2.81016	2.64771	3.22869	1.91727	6.60929	0.838413	2.63821	3.18873	2.44095	3.16424	9.99025	5.87058	3.44372	27.073	0.458441	1.86643	2.26864	5.98415	2.21066	16.1688	6.75372	1.57839	29.5199	
1.99639	1.86447	5.36603	6.42843	2.31846	28.0228	6.54089	2.58273	28.4078	1.04419	1.22293	2.50011	2.97545	1.80077	11.4787	2.81803	3.73215	6.65142	1.80357	1.94165	7.54129	5.46083	2.97644	17.0106	1.24551	2.27654	4.00884	9.06011	3.56251	40.1652	4.65196	1.44106	10.683	5.51115	3.71611	21.4969	6.92749	2.8403	29.0054	8.76424	1.99561	39.7223	5.94747	3.01222	29.118	8.32669	3.40695	27.6391	0.972214	1.87246	4.64498	6.41702	2.76169	16.3179	4.56973	1.56672	16.4147	6.04348	3.14209	13.4926	
4.82238	3.65815	16.7813	4.57827	3.0118	21.9835	6.20734	1.086	27.8169	2.98064	3.91462	10.682	4.10892	3.40298	12.2051	2.40137	1.92779	6.01502	2.59682	2.57711	5.23174	1.97621	3.6001	9.46909	2.73166	1.4615	6.21276	6.27046	2.27811	22.9948	4.48561	1.80994	9.48518	8.17181	3.27853	20.9025	5.12427	3.97583	21.5916	7.66156	1.57867	28.609	4.00612	1.84146	11.2572	6.96989	1.97877	25.9231	3.37109	3.49003	7.4859	4.54167	1.58776	17.8172	6.46618	2.84999	31.337	7.88879	1.13775	25.7499	
3.5687	1.90637	7.17499	7.74581	2.99306	29.0684	5.82606	1.35256	22.3064	6.46049	3.88794	26.6876	4.26863	2.12194	9.0198	5.94538	2.12541	26.6273	5.65199	2.64678	22.2857	9.09207	2.41417	28.7933	5.72884	2.18317	27.7531	10.7438	2.0495	47.8534	5.24233	3.63262	23.674	0.256791	2.19463	1.25146	7.94822	3.38114	27.7964	8.09936	1.11488	30.3536	7.62405	3.68244	17.4363	8.17597	1.4056	23.8036	5.13094	2.52464	13.3533	7.77063	1.58158	21.2776	2.24229	1.47688	4.60816	2.12099	3.38394	7.95482	
2.08913	1.29962	5.74586	4.04569	1.7535	9.9573	4.17834	1.42756	20.6868	2.70548	3.11571	12.3057	1.02439	3.15833	3.96716	0.805289	3.52559	3.83545	0.900106	2.59801	2.04322	4.026	2.77595	13.3594	1.44961	1.31667	5.81193	6.85016	1.44654	30.4876	2.24577	2.91041	7.18001	5.09025	2.29566	12.9962	4.51862	3.44709	9.09326	6.32241	3.5443	17.8942	3.61289	3.19145	17.6537	5.87105	1.69601	18.5366	1.48844	2.4611	5.19677	4.03999	1.26342	9.34473	3.36635	2.89082	14.7264	4.81939	1.2325	13.3875	
5.06387	3.13647	15.4896	1.90477	2.16398	4.65163	3.92782	1.30937	11.6735	4.75451	1.75281	22.4955	3.51976	3.72811	10.3206	2.2993	2.20772	4.72379	3.26656	2.49563	14.8374	1.74963	2.45931	4.01559	3.80284	2.93157	15.6078	4.02011	1.04074	11.0607	2.72024	2.13295	8.05057	7.56813	2.34236	21.3033	2.44855	1.05243	8.06309	5.02689	1.16107	19.4972	1.33554	2.54157	5.52983	4.30927	3.79224	8.82827	4.22053	3.38337	20.3673	1.86704	1.39342	4.88281	5.55159	2.78538	11.833	6.69534	1.64892	25.9876	
8.32505	2.29293	19.2453	2.5895	1.37268	10.4304	3.80226	3.6365	16.6538	8.93964	2.88613	26.3925	6.52845	3.88612	18.3426	6.21439	3.24287	20.2903	7.22289	3.22449	30.5833	5.39837	3.40757	25.2978	7.8246	3.69318	16.3257	2.05632	3.34805	7.85466	4.76168	3.23229	16.9456	9.3842	2.35488	19.2326	2.07831	3.46422	9.97134	2.23459	2.74919	10.2744	3.11865	2.99251	10.957	1.62618	2.3911	6.77889	8.06401	3.37161	27.0326	2.60686	1.87591	8.71316	7.41718	3.0555	31.5168	7.7983	3.70797	34.7649	
5.3188	2.67989	25.6402	3.63901	2.44066	14.8301	5.60818	1.22919	21.878	3.98055	1.94237	15.3663	4.22799	2.21764	14.042	2.54425	1.43685	6.81932	3.12992	2.10003	9.2439	0.864469	2.59207	3.53234	3.45104	3.35871	12.9134	5.11337	3.90655	24.3028	4.11036	1.23699	8.5761	8.40215	3.69129	39.2625	4.16632	3.43714	14.3249	6.78452	1.08357	24.9429	3.0832	3.94546	11.9058	6.05148	1.17876	17.471	4.04244	2.66989	18.2287	3.59752	2.77056	10.9425	6.53429	1.3011	17.022	7.85862	3.38878	29.3165	
2.89443	2.82757	8.92655	3.19301	3.84971	10.9003	3.63183	1.22374	15.47	3.33896	3.09326	15.3668	1.40175	1.48005	5.13858	0.645376	3.88718	2.87675	1.51386	3.16559	5.44572	3.42531	3.20059	11.8953	2.12321	3.31454	8.19979	5.98819	1.21593	27.0315	1.71494	2.71997	8.24704	5.56918	1.53974	16.2032	3.67821	3.92344	18.0925	5.62015	3.15695	16.7563	2.74985	2.6827	6.13193	5.11582	2.04942	11.7994	2.30812	3.29668	9.17917	3.18549	2.68484	15.4741	3.66983	3.00485	11.0517	5.01637	1.43814	14.9069	
5.62613	3.93068	21.7895	1.73507	2.88498	5.33373	4.07475	3.85062	11.8121	5.27357	2.18698	23.3814	4.05405	3.9604	18.2918	2.86723	1.94944	10.2272	3.82829	2.61463	11.9044	1.66531	3.43504	6.58411	4.3559	2.29969	14.5682	3.48495	3.00344	12.9801	3.10195	2.03518	12.7999	8.05101	1.18236	38.3145	2.23651	1.57536	6.49483	4.8891	2.36782	23.1406	1.22747	2.45784	2.98527	4.13172	1.42922	16.0858	4.78503	2.79616	14.9656	1.68981	1.91946	6.902	6.01498	1.64573	28.5958	7.10015	3.59812	23.1592	


# This instance was randomly generated with the following parameters: 
# SIGMA_MIN=1
# SIGMA_MAX=4
# CAPACITY_OVER_DEMAND=10