12	24
48.3715	891.014	74.4654
99.1612	694.681	45.4865
154.765	1038.86	96.5542
169.02	1066.88	94.4048
61.0836	951.998	80.1714
15.9292	1057.38	100.514
110.839	651.074	36.7087
178.813	800.205	53.3807
80.2661	1297.42	158.083
102.635	1016.32	93.008
141.491	1240.59	130.79
113.26	1210.21	123.119
7.94635
42.5457
48.5858
19.7703
6.61497
32.594
14.3454
35.8827
34.3927
37.755
52.4244
45.4084
34.4685
19.819
26.4044
38.6818
46.9289
37.6226
43.7623
13.422
25.0745
31.3034
9.46277
19.2407
7.11314	0.332965	15.7541	7.02851	0.951325	34.1935	6.74639	0.303385	29.0011	5.58787	0.958149	11.3132	6.18078	0.124002	29.7667	9.62882	0.630057	24.1807	5.85963	0.70193	15.8992	6.40876	0.33733	16.5335	3.47969	0.224541	10.8229	6.89707	0.228395	32.6469	8.39419	0.18373	27.9528	4.94334	0.223252	19.6443	6.95815	0.972729	26.1329	7.11343	0.761187	18.8351	6.15209	0.24447	30.6973	6.31574	0.481177	31.3371	5.59752	0.465504	19.1108	4.30643	0.75824	11.8331	7.13794	0.143205	29.2257	7.4037	0.206218	36.3691	0.650843	0.760908	2.00124	7.87275	0.852116	28.5548	4.27564	0.527782	11.9713	7.70333	0.990396	33.7613	
6.08757	0.172875	29.8739	7.88507	0.23448	17.8323	5.80717	0.207481	16.5035	5.84614	0.185552	15.5986	6.43451	0.876149	24.9758	8.75797	0.599393	39.3976	4.38832	0.37454	16.0692	5.63715	0.68809	22.6072	1.61293	0.757128	4.21129	6.89874	0.62826	31.5755	8.76705	0.273881	24.4011	6.26806	0.519463	22.5427	6.57729	0.839707	13.8167	5.30798	0.160596	19.0145	5.92783	0.30929	28.0239	7.15475	0.240837	15.8292	6.65645	0.159374	16.5503	4.20601	0.293295	14.1419	5.94903	0.69644	24.7952	6.5273	0.984754	27.8639	1.92105	0.842423	6.10503	6.95092	0.349132	34.3053	3.62658	0.597909	13.7922	7.86921	0.3444	22.1967	
6.57851	0.231924	26.6599	1.43062	0.334596	6.35545	6.12932	0.871397	21.077	2.40401	0.21275	7.50559	2.5021	0.828582	10.8193	7.78626	0.664228	18.9194	7.21328	0.722113	16.8937	5.49615	0.926686	23.7619	7.13364	0.255207	25.2162	3.50815	0.83852	7.04995	3.48174	0.54167	11.812	1.31841	0.880534	6.46946	4.63683	0.293606	20.5963	9.26062	0.655988	26.3236	3.87924	0.453345	17.4685	0.838059	0.953402	2.48974	0.215257	0.317928	0.481771	3.51958	0.227774	15.3773	7.08377	0.551429	25.8848	6.30309	0.347642	20.8377	5.13825	0.442125	23.1001	6.72128	0.317026	27.316	4.71749	0.941269	10.5238	3.49297	0.377523	17.0178	
1.51851	0.497334	5.94086	7.85557	0.69061	31.8324	1.70649	0.8284	7.53192	5.15894	0.689201	22.6845	5.39963	0.575913	21.3381	3.92152	0.650807	17.2126	1.02523	0.856021	4.60574	2.22193	0.391356	7.01423	3.98046	0.657718	8.06428	4.95283	0.832033	21.2309	7.15273	0.32174	23.2777	8.01827	0.561518	19.1952	3.71947	0.499991	8.48159	2.35226	0.662038	7.68043	3.91321	0.786145	17.3979	7.32512	0.81282	35.8939	7.58325	0.567704	19.4425	4.02577	0.193536	11.608	0.920933	0.563336	1.97858	2.21018	0.691319	9.78598	6.2454	0.235514	19.872	2.34067	0.178629	8.2133	3.01132	0.837695	8.09103	5.97212	0.915933	22.0916	
2.42945	0.922097	8.87904	6.73251	0.104995	15.0546	2.5745	0.13749	11.0125	4.75852	0.27855	15.8395	4.54356	0.489613	19.8333	0.747095	0.589675	2.39462	4.68445	0.783873	17.9445	2.71702	0.281298	7.42141	7.31665	0.600654	32.1639	3.5539	0.712244	15.5051	4.99049	0.432447	19.7259	8.13124	0.31887	20.3738	2.48982	0.887463	12.4313	6.03939	0.674541	15.637	3.37571	0.148136	11.0665	6.52748	0.354051	19.2433	7.25371	0.386718	27.9235	4.97243	0.721513	10.1091	2.907	0.27887	6.25685	1.84025	0.807935	7.46431	8.46831	0.280102	36.6572	1.51253	0.622194	6.4994	4.83867	0.167743	11.4948	4.01792	0.791625	18.335	
9.23492	0.220677	23.0897	8.38691	0.2059	23.4572	8.86765	0.811342	26.0252	7.4203	0.533919	25.0807	7.99201	0.312275	27.6758	11.7408	0.393537	58.5508	7.90904	0.149385	20.8343	8.52104	0.151003	17.5315	5.28505	0.697058	15.6411	8.80435	0.894231	28.6122	10.0683	0.782838	40.6406	5.94708	0.868137	12.6998	8.99544	0.994441	37.4392	8.9801	0.284518	41.9405	8.15832	0.969273	30.9963	7.72635	0.307379	37.9784	6.84937	0.324269	17.191	6.32792	0.41252	16.6282	9.25085	0.312112	28.4958	9.52103	0.785799	28.2458	2.72875	0.312227	9.78962	9.9919	0.73535	43.135	6.39117	0.164072	20.3145	9.51378	0.47114	42.3897	
2.01812	0.323806	9.06887	8.41765	0.420035	27.8634	2.25274	0.370372	7.23231	5.71696	0.291244	25.8061	5.96477	0.764757	20.9125	4.21612	0.355716	19.275	1.15493	0.951039	3.43858	2.78549	0.859864	6.42717	4.03949	0.359111	18.9494	5.51727	0.665984	27.5694	7.71235	0.527774	22.3398	8.52826	0.574426	42.5051	4.27436	0.924047	18.1226	1.86102	0.870078	4.55393	4.48009	0.195054	12.7246	7.88138	0.286157	25.991	8.12091	0.790704	29.337	4.53669	0.117889	16.4165	1.37367	0.854079	4.93451	2.70022	0.750091	6.10821	6.53859	0.495726	27.0968	2.76754	0.223829	10.3728	3.475	0.707736	15.6582	6.5318	0.355728	31.4384	
7.41963	0.753621	18.0537	1.01404	0.12223	3.9312	7.02845	0.210289	32.2147	3.55518	0.701499	9.23769	3.20524	0.719244	8.39193	7.8032	0.94109	30.7857	8.64038	0.531985	42.051	6.41997	0.450685	18.3137	9.16385	0.91327	25.2753	3.77242	0.974876	15.1173	2.2331	0.349291	8.19298	3.47897	0.283487	17.0463	5.11376	0.266907	11.5669	10.7124	0.397353	24.1403	4.69058	0.490856	14.528	1.74372	0.505141	7.28352	2.4951	0.28015	8.655	5.20681	0.479264	21.4795	8.03023	0.865986	20.1674	6.94965	0.226071	22.1333	7.4989	0.262045	33.0093	7.25944	0.516179	14.5624	6.37753	0.599728	26.6274	3.05343	0.760239	13.1317	
4.64462	0.678042	15.8384	3.02357	0.547196	8.77561	4.34133	0.312259	17.7678	2.40619	0.834608	10.4858	1.82287	0.354912	6.20141	4.60463	0.969949	20.7798	6.36948	0.842695	22.8645	3.83141	0.712414	14.5893	7.81523	0.424591	35.9011	1.26498	0.349607	5.44091	1.16461	0.573366	5.17493	5.07363	0.117765	20.2755	2.3178	0.933702	6.08903	8.34028	0.669107	25.5824	2.39185	0.772903	9.82338	3.05031	0.714839	6.34017	3.99716	0.626352	13.6036	3.91523	0.194511	11.6337	5.30015	0.203923	19.0018	4.05677	0.30174	18.8118	7.35259	0.878738	19.5266	4.27097	0.665758	10.6657	4.73574	0.752822	11.2242	0.309945	0.263232	1.41411	
6.86286	0.40077	25.752	1.01135	0.424186	4.63614	6.48169	0.134946	16.3597	3.12987	0.454868	7.01193	2.7189	0.844988	7.82208	7.18783	0.703177	33.7245	8.16437	0.506427	26.1546	5.8821	0.651418	25.7465	8.84331	0.380335	17.9939	3.2	0.182768	6.47445	1.63542	0.198486	4.03586	3.63839	0.197452	16.0486	4.53918	0.488533	20.8973	10.23	0.439818	45.5815	4.16393	0.915081	11.6584	1.64307	0.250157	7.96998	2.5657	0.74275	11.5939	4.83387	0.659758	19.523	7.48239	0.803858	21.0261	6.37504	0.322843	31.5083	7.37845	0.822802	26.5194	6.67314	0.974566	23.9248	5.97531	0.222862	16.5981	2.44097	0.738416	9.944	
6.68057	0.754186	23.8359	0.641483	0.155646	2.45074	6.28584	0.602951	30.8549	2.8213	0.75326	13.0549	2.45779	0.480152	10.193	7.15538	0.815416	34.2825	7.89612	0.710144	37.1329	5.67518	0.168531	27.7066	8.48721	0.717653	26.5441	3.04738	0.648556	11.1184	1.7867	0.905707	5.15628	3.26342	0.850111	10.7214	4.38741	0.659518	9.82867	9.96726	0.712307	25.2268	3.94436	0.479011	15.9155	1.23774	0.582738	4.09293	2.17619	0.503693	6.63481	4.4979	0.749825	13.5538	7.28763	0.266334	31.4355	6.2213	0.68921	27.5096	6.97607	0.866233	20.9012	6.54154	0.589328	14.4072	5.65601	0.956382	19.1437	2.40727	0.182052	6.30996	
2.01796	0.205343	9.85717	6.24906	0.915104	30.2382	2.07817	0.69895	10.2543	4.17099	0.117321	11.3311	3.98862	0.661857	10.8115	1.31383	0.992236	5.38699	4.28064	0.119781	18.6166	2.13819	0.813884	9.89815	6.80432	0.11174	24.2741	3.02817	0.456982	11.2581	4.64509	0.678597	19.4114	7.54817	0.733945	28.5986	1.88979	0.529561	5.8223	5.7903	0.254421	26.9453	2.76506	0.432483	5.9591	6.00374	0.707213	29.3088	6.6952	0.218898	28.1352	4.34764	0.919408	11.1613	2.57833	0.907232	10.7218	1.36061	0.132717	4.85795	7.85619	0.905628	27.2521	1.16369	0.277134	2.54202	4.24072	0.993308	12.4327	3.60175	0.412342	12.3299	


# This instance was randomly generated with the following parameters: 
# SIGMA_MIN=0.1
# SIGMA_MAX=1
# CAPACITY_OVER_DEMAND=1.5