8	16
1.09253	927.967	71.3256
170.518	1085.16	111.22
105.35	1077.88	115.055
105.221	809.636	63.284
144.721	793.283	58.0454
69.5726	356.029	12.0245
162.935	1152.48	117.492
145.174	789.519	55.1733
4.76772
4.97508
1.37183
5.50324
5.12436
2.02517
2.01719
1.43371
5.93496
4.57958
4.66883
4.37419
2.98975
5.56235
4.4364
0.597635
6.09322	0.857818	14.0197	3.99972	0.798977	15.1764	5.80589	0.506163	18.0775	4.39052	0.734507	11.0232	2.52193	0.437811	6.56129	6.60731	0.206216	25.2524	6.34253	0.674358	14.447	1.35029	0.310203	6.40391	4.11984	0.266762	16.5843	2.92472	0.342326	11.0967	4.47714	0.50035	10.7132	2.71712	0.47743	9.20282	4.46821	0.270921	11.5462	4.12663	0.523379	20.2461	1.69335	0.482974	4.56577	5.58482	0.194533	14.8125	
6.69391	0.331668	30.1867	8.90509	0.280114	24.6642	0.61701	0.140169	2.50555	10.159	0.383201	48.3694	6.76505	0.348619	31.6698	9.10564	0.328371	25.7231	9.17136	0.86511	26.9528	7.01626	0.312941	28.71	8.21045	0.504024	17.2943	3.55286	0.572506	7.37333	1.29869	0.285292	3.71829	7.97692	0.742978	35.749	3.92707	0.162899	14.3374	9.302	0.845755	43.223	6.76351	0.269061	14.8469	6.16094	0.536517	26.9357	
6.92181	0.345297	17.8147	6.68781	0.559739	33.0323	2.02769	0.593218	5.81229	8.29263	0.99393	36.3534	4.54074	0.678352	20.7578	7.00144	0.59264	20.6754	7.02125	0.67576	30.6518	5.03512	0.226875	25.1409	7.20813	0.859009	27.794	1.31954	0.793235	4.34811	1.24493	0.37858	4.04873	5.83172	0.345912	17.7348	2.03205	0.309821	9.52435	7.11253	0.1662	14.9179	4.63853	0.437509	13.4359	6.33441	0.227925	23.7384	
7.16392	0.364667	21.3127	4.46589	0.332671	14.729	4.27425	0.708933	18.1433	6.22471	0.600014	23.9355	2.33422	0.421209	9.18175	5.53673	0.13792	12.1166	5.42261	0.962368	15.5166	2.93293	0.172207	11.4299	6.1272	0.463373	18.4612	0.952407	0.302338	2.7626	3.23097	0.107104	14.4108	3.58693	0.974974	11.4245	2.31329	0.200128	5.83622	4.86951	0.196047	10.1916	2.40742	0.945521	11.0481	6.58967	0.973938	29.4293	
5.6484	0.272232	13.4588	8.11248	0.825919	30.0811	1.63136	0.276905	4.18897	9.0462	0.637513	35.9848	6.01687	0.88354	13.9775	8.84071	0.720683	43.8393	8.83789	0.922138	29.3534	5.99542	0.409633	13.2081	6.9573	0.530795	26.5581	2.94717	0.237697	9.85882	0.633663	0.315771	2.66767	7.07976	0.445895	17.0383	3.86894	0.90341	10.5706	8.45195	0.361414	32.9252	5.86244	0.224814	23.978	5.08995	0.123257	16.4742	
6.10031	0.539592	23.9944	3.86083	0.534299	18.4187	6.5124	0.3786	28.3909	3.70435	0.229091	18.4049	2.7756	0.882331	9.48416	6.89405	0.565818	27.8773	6.58555	0.676908	14.2688	1.04331	0.121491	3.89527	3.63105	0.928376	13.0034	3.66141	0.450403	9.37633	5.16147	0.445358	15.5452	2.52805	0.793158	11.4028	5.17506	0.892129	21.7898	3.87275	0.259591	16.4392	1.79011	0.965646	4.7085	5.6338	0.531973	13.1152	
7.06689	0.691153	29.6928	4.33822	0.713629	10.3501	4.43466	0.953501	18.573	6.01469	0.740308	17.3386	2.22555	0.599794	5.11617	5.57907	0.611582	11.3897	5.44562	0.74311	14.7921	2.72257	0.197393	11.9526	5.93481	0.396948	27.7221	1.14249	0.628153	2.7472	3.3496	0.18007	15.8067	3.41914	0.476517	10.9251	2.52828	0.270377	6.36257	4.72306	0.107353	18.7211	2.22684	0.343268	6.96763	6.49681	0.956422	13.177	
10.0143	0.720186	22.7971	5.72447	0.89411	23.9245	4.62525	0.692022	11.6871	8.70836	0.523051	20.4321	3.96865	0.967253	14.3377	4.17581	0.25988	18.5242	4.36879	0.996548	14.6464	5.61855	0.257805	13.4929	9.30084	0.717519	25.4926	2.88971	0.747242	12.9376	4.53678	0.604483	16.5133	5.54409	0.561827	11.1918	1.31107	0.6187	3.61336	6.33016	0.707083	15.8436	4.75104	0.169649	17.9359	9.42501	0.365577	31.1169	


# This instance was randomly generated with the following parameters: 
# SIGMA_MIN=0.1
# SIGMA_MAX=1
# CAPACITY_OVER_DEMAND=10