11	22
107.057	1131.17	124.373
78.9028	765.911	51.377
33.5653	1352.55	155.85
175.931	833.702	58.0156
114.119	852.885	60.1369
156.268	988.817	83.885
154.616	925.664	83.4064
87.253	990.781	97.7593
96.6774	1009.18	99.4184
23.7999	947.675	84.5844
100.782	940.866	74.8255
8.1254
0.855055
7.22291
7.52029
4.00219
5.31441
5.9458
1.70236
3.83373
2.96846
2.9155
8.31067
2.47532
1.34179
1.601
9.91741
1.92605
0.0588944
8.72582
2.61299
1.57639
8.41079
7.50582	0.787331	19.3535	5.53187	0.761807	11.552	2.34205	0.138463	10.4712	9.13238	0.39875	37.5991	3.94688	0.158627	12.6826	1.61693	0.998558	5.84339	7.9562	0.318815	33.114	1.46922	0.961419	5.61596	5.50613	0.565745	21.9806	4.53677	0.916161	12.9386	4.38632	0.343741	21.9186	4.89268	0.596856	13.7903	8.4713	0.760577	38.9173	4.26222	0.557459	10.9631	5.84982	0.292471	20.7428	4.11788	0.994135	16.1147	7.35165	0.213944	17.36	1.96506	0.171968	8.96269	4.28071	0.742349	19.6639	5.58317	0.588699	19.1936	3.44037	0.917551	10.8839	5.15142	0.559449	23.3444	
5.75315	0.752236	17.7401	7.08819	0.690525	18.6847	4.26974	0.317006	13.8379	7.17576	0.697057	31.7782	3.83293	0.997079	15.4367	5.689	0.217186	20.1238	4.45003	0.669758	20.7929	5.47058	0.585585	17.3252	2.9418	0.104897	6.64512	7.49668	0.939213	15.9092	2.11943	0.994603	6.92622	7.93334	0.270672	28.8698	6.63254	0.68022	31.306	1.39913	0.752508	3.16323	2.30495	0.493052	5.76453	1.98815	0.289252	7.19838	4.84306	0.670674	13.3236	5.01892	0.53958	12.3356	3.15702	0.450744	11.6224	2.78068	0.193366	11.233	1.58496	0.771922	4.64623	1.03851	0.34512	3.8176	
6.35629	0.57717	29.7536	5.89475	0.928287	24.9566	2.62289	0.819069	11.0094	7.95166	0.496248	25.6443	3.37803	0.623177	12.6273	3.51662	0.218628	13.0681	6.18651	0.483562	21.1364	3.28837	0.989128	13.7898	3.94086	0.660168	19.2746	5.69498	0.508396	15.9404	2.79319	0.785411	12.5213	6.11114	0.855948	19.1214	7.32057	0.405319	21.6331	2.56043	0.501643	12.7248	4.09016	0.158598	16.0559	2.63111	0.896416	12.6746	5.90257	0.296269	18.7325	3.05397	0.150526	7.3825	3.12209	0.895595	13.4818	4.0454	0.182197	17.7089	1.8517	0.280669	7.16382	3.22856	0.780851	14.369	
8.13824	0.429652	31.5597	7.28617	0.826143	35.3142	3.94466	0.701842	8.9295	9.72512	0.37083	34.7087	1.93161	0.131611	9.37473	3.01752	0.454926	10.7443	7.65819	0.820402	27.3622	3.42835	0.974889	12.695	5.63424	0.690589	15.1817	6.55272	0.494574	25.1676	4.50464	0.80425	12.502	6.9183	0.211611	31.8553	9.09978	0.581837	43.14	2.76687	0.134362	6.20916	4.30403	0.441525	20.6693	2.39578	0.598567	11.0422	7.61795	0.411372	38.0758	3.91601	0.67925	16.0401	4.91144	0.1665	15.9541	3.79349	0.496404	14.3387	1.9503	0.600494	6.60634	4.12699	0.428135	14.8207	
4.893	0.630911	22.7251	8.41412	0.746102	27.9638	6.50273	0.135431	21.3878	5.76834	0.535292	17.5547	6.6016	0.137331	17.444	8.66254	0.995572	32.1097	1.8597	0.549944	8.98351	8.26386	0.507254	34.4947	2.77575	0.982801	9.73515	9.57445	0.732664	46.2083	3.20191	0.595597	11.4432	10.0146	0.873089	31.5443	5.4511	0.345349	13.5833	3.94702	0.727897	11.9584	3.36079	0.305321	11.8962	4.59432	0.399992	17.9836	3.49139	0.721837	14.6844	7.48905	0.330568	20.4858	4.22708	0.225541	10.5919	4.43263	0.188411	15.0266	4.53216	0.842017	16.2217	2.30735	0.858222	7.88324	
4.32037	0.916195	10.0387	4.92762	0.1213	9.86923	2.4751	0.47123	8.25354	5.91295	0.663495	16.3651	5.19215	0.561844	15.6202	5.05982	0.308374	13.2978	4.5553	0.605798	20.9472	4.40879	0.384196	20.1884	2.02877	0.918636	4.64864	5.61404	0.364633	23.2291	0.935499	0.243018	3.244	6.05647	0.194223	16.3194	5.28291	0.147724	21.1398	3.40588	0.906463	12.9838	4.47784	0.267421	21.5601	3.82588	0.564176	11.4138	3.91531	0.136348	15.5908	3.4748	0.15607	12.5726	1.14735	0.10524	2.45687	4.91025	0.53009	13.4411	3.12667	0.313984	9.00124	2.9843	0.848052	7.99822	
5.2421	0.36591	18.4377	1.26079	0.555975	4.79828	2.1013	0.663488	4.98278	6.65418	0.59205	33.0085	7.91958	0.798057	23.5005	4.95388	0.867845	20.0137	7.59099	0.99371	37.2882	3.76626	0.370491	8.33798	5.04519	0.480495	12.8012	2.11579	0.210043	10.4999	4.56277	0.707346	16.3478	2.50466	0.346461	9.14391	6.02101	0.882779	28.5658	7.04822	0.570737	32.6518	8.34799	0.78639	17.8027	7.27217	0.859637	19.053	5.94041	0.363146	26.5108	2.40348	0.426828	7.4439	3.48838	0.308679	11.4038	8.59388	0.46385	40.3256	6.48809	0.389338	23.2531	6.93369	0.989291	26.1328	
4.59781	0.683825	18.7861	2.94614	0.415254	11.1101	0.956938	0.266707	2.8177	6.19128	0.348809	20.7038	6.35664	0.566912	14.9342	4.40505	0.333538	21.952	6.16121	0.458679	16.9588	3.37926	0.999423	7.58368	3.51574	0.379162	7.88745	3.55754	0.214959	9.51681	2.8175	0.636853	11.2386	3.99739	0.358875	17.3552	5.52329	0.476464	16.1596	5.22516	0.614009	13.1903	6.49271	0.481508	13.1755	5.49326	0.934955	25.9528	4.8584	0.444139	12.019	2.01355	0.310575	5.59681	1.90218	0.741589	6.98807	6.77121	0.483664	18.9307	4.71668	0.85131	18.1823	5.08185	0.966569	23.4882	
2.29447	0.128495	7.28665	3.37488	0.768836	8.4715	3.27861	0.807939	10.0958	3.86904	0.989138	8.51577	7.85984	0.565631	19.1599	6.70524	0.910204	30.167	4.65551	0.476161	22.5687	5.7033	0.874187	15.3863	2.42098	0.887664	8.68861	5.19489	0.419883	14.6637	2.60366	0.470762	12.5054	5.58705	0.314614	25.9878	3.2017	0.843432	15.2437	6.02907	0.785736	14.4465	6.86408	0.479768	18.7837	6.4974	0.744943	29.9445	2.8619	0.401657	11.2338	4.32439	0.943883	19.7052	1.56056	0.185633	7.71609	7.46993	0.529457	15.822	5.81671	0.217766	27.8098	5.21913	0.403994	15.5365	
3.21349	0.128435	8.41149	7.36866	0.16802	17.9113	6.126	0.33744	27.9977	4.01034	0.445573	18.2811	7.69405	0.630566	29.7723	8.85736	0.649836	42.6144	0.736225	0.875812	3.17824	8.23622	0.326261	17.0089	1.91828	0.139487	8.96484	8.90686	0.474299	18.2519	2.89393	0.123261	10.6388	9.33282	0.437607	27.9353	3.70275	0.994461	10.4999	5.08824	0.43055	14.4435	4.90316	0.5917	21.0892	5.74389	0.354627	27.7309	1.77176	0.498396	5.00291	7.20896	0.380184	15.1755	3.52778	0.549945	13.4087	5.91176	0.144124	25.6872	5.46742	0.243438	15.3197	3.49504	0.484488	9.72563	
1.72151	0.614449	3.59946	6.0793	0.544546	18.6384	7.07297	0.65838	20.8168	0.56991	0.558799	2.61631	11.1165	0.578235	31.758	10.5031	0.631239	25.8498	4.61103	0.352687	12.8961	9.4941	0.927077	19.8837	4.49693	0.63467	19.4476	8.44905	0.23847	34.0238	5.46345	0.415297	12.0818	8.76381	0.480294	31.0102	0.811054	0.186405	3.80079	8.83009	0.379354	40.7185	9.11219	0.452523	33.8415	9.42365	0.229635	35.8056	2.77022	0.697361	11.9184	8.09452	0.837025	21.5887	4.96324	0.554911	22.0949	9.99919	0.925722	47.3136	8.89552	0.523377	39.8512	7.50526	0.383913	23.8833	


# This instance was randomly generated with the following parameters: 
# SIGMA_MIN=0.1
# SIGMA_MAX=1
# CAPACITY_OVER_DEMAND=10