11	22
103.162	1059.96	98.6752
106.62	1014.32	87.5261
2.26382	1015.48	93.5623
63.3639	741.763	49.9433
121.54	1192.33	120.253
159.415	1198.38	138.706
144.736	1011.03	100.21
166.578	1142.85	129.437
75.3639	906.235	76.797
173.581	1159.18	126.566
44.6194	812.236	55.182
15.9768
38.9505
35.6568
13.8652
7.04224
36.6133
13.2219
7.4182
9.27493
34.6053
18.8374
25.2876
6.25606
38.4931
42.9586
39.8535
29.9194
39.2869
2.66676
33.5677
37.5823
11.0944
5.98254	1.53635	20.8093	2.6088	0.875986	10.91	9.92911	1.25858	32.2139	3.00499	1.96687	12.3365	5.673	0.957418	23.3297	9.39981	0.972048	21.9793	7.54104	1.18137	16.766	4.12038	1.55363	12.3811	4.40924	1.52609	17.6308	7.64764	1.68188	37.4265	7.02159	1.2818	30.777	5.31007	1.74272	18.7499	5.51249	0.970366	27.4209	2.6439	1.27563	10.8365	3.80019	1.28371	14.4734	6.0881	1.3171	28.249	6.02104	0.758559	20.9845	6.49152	0.652879	25.2954	7.19572	0.831729	25.6441	12.197	1.1276	50.719	9.4236	0.502728	26.0853	1.89069	0.651797	5.93703	
7.37258	1.80079	35.5882	3.04596	1.74103	8.37556	6.90283	1.74916	17.8929	1.08778	1.03996	4.23268	2.28301	1.69567	7.82743	8.23957	0.933931	32.6319	8.43166	1.78052	36.8293	3.18791	0.654288	12.1576	3.14572	1.01614	11.8672	4.8983	1.05724	17.475	5.2233	0.671007	15.9589	1.97743	1.05732	8.82941	2.19839	1.56304	6.99629	4.94273	1.91909	11.504	5.16605	0.68184	19.9221	7.288	1.14897	29.9855	3.02055	0.649603	9.09027	3.53107	0.966458	10.2831	7.04089	1.78245	23.2867	9.73744	0.975657	27.5827	6.10519	1.16977	21.6243	2.27895	1.68046	10.4691	
7.12785	1.22067	18.2753	6.54749	1.98884	14.8071	2.66881	1.92682	8.68833	7.94205	1.89593	39.5465	7.9267	0.683054	36.2625	2.63054	0.847696	6.30515	6.63886	0.529746	19.8433	4.99823	1.15928	11.2849	4.6982	1.96091	15.0864	2.3133	1.26359	8.17405	2.11053	0.86375	5.01754	5.14398	1.6691	24.0035	8.03167	1.78269	17.5364	7.92022	1.66807	33.391	6.78146	0.660143	25.5501	6.7856	1.53728	18.1894	4.04351	1.26403	9.60367	3.59421	1.6054	14.7735	4.36718	1.80987	13.8338	3.12454	1.7981	11.4095	3.66681	1.23074	7.70431	8.75591	1.70199	42.0023	
10.0256	1.78076	47.3747	5.95083	1.16802	28.9522	6.17094	1.04162	13.3827	3.71204	1.71683	16.8631	1.24691	0.816891	4.81336	9.40563	1.07154	42.9855	10.8199	1.30897	44.2753	5.56832	1.05498	18.9717	5.36046	1.30656	16.1556	5.05605	1.28373	22.1827	6.36715	0.851058	30.3549	2.84463	1.03717	11.8625	1.45202	1.20924	3.06097	7.94191	1.72805	32.3363	7.98104	1.63842	16.6583	9.87913	1.33999	30.0404	3.63018	1.1446	11.9284	3.91534	0.532684	11.497	9.03095	1.04491	44.7497	9.46163	1.39767	36.6211	4.95768	1.15403	21.7738	4.967	1.09311	14.625	
9.14145	1.59229	34.6042	5.14499	1.08124	23.5854	5.66271	1.74021	11.8022	3.24165	1.18615	9.45109	1.41384	0.866452	6.77221	8.55967	1.65881	32.0609	9.91316	1.47565	44.839	4.67642	1.02637	14.7875	4.4592	1.53859	18.8368	4.30535	1.36747	11.7546	5.50042	0.773989	17.1022	1.93449	0.653321	7.28466	1.57657	0.672893	3.67706	7.16855	0.846071	18.7633	7.13326	1.55186	29.9078	8.98802	1.08753	38.6176	2.76068	1.53588	6.07731	3.08598	1.20141	6.18287	8.1224	1.12879	39.8669	8.87922	1.27401	29.4028	4.54922	1.9862	15.112	4.52277	1.79871	12.8716	
7.28476	1.97727	21.8468	6.85969	0.607597	17.113	2.77073	1.48589	6.94071	8.28995	1.08829	36.7183	8.26496	1.31579	22.6803	2.52234	1.69889	6.96411	6.71977	0.719673	30.0956	5.31393	1.39924	21.7589	5.02008	1.50225	18.2169	2.64126	1.00754	9.07255	2.41585	1.05536	7.10492	5.491	1.29171	18.7151	8.37171	1.12301	31.5587	8.19256	1.42717	25.5834	7.03027	0.89741	25.5904	6.93782	1.44785	15.3534	4.38973	1.46266	17.059	3.93706	1.87009	9.27011	4.47398	1.94392	11.2507	2.83982	0.992356	7.67336	3.85342	1.08678	13.025	9.09815	0.971787	42.2387	
8.08898	1.45616	35.1445	4.63019	1.66564	10.8239	4.21016	0.614389	10.1092	3.88294	1.3544	12.1821	3.03158	1.39703	9.2819	6.88907	1.03394	30.6787	8.64366	1.17023	40.2174	3.69379	1.28388	9.12558	3.38978	1.20033	9.31042	2.60975	1.58721	9.2914	3.86701	1.1672	17.805	1.01248	1.65824	2.31985	3.15401	1.35189	7.80391	6.6834	0.819481	24.6231	6.33277	0.737935	28.824	7.88689	1.36127	37.5051	1.16842	0.998566	5.43249	1.39826	1.36819	5.7214	6.68721	0.811896	32.4448	7.29265	1.85688	27.2663	3.30722	1.30523	15.3755	5.07178	0.638523	24.1919	
3.76525	1.66582	10.5009	4.88086	1.67023	15.6895	5.9247	0.988897	19.5761	7.45393	0.788567	30.032	8.56937	0.749954	29.5252	2.11387	1.62619	8.59493	3.20368	1.24452	11.6797	3.7114	1.13647	14.1959	3.65182	1.0596	14.3291	4.33563	1.09316	12.3426	2.38419	1.28108	6.97581	5.6984	1.25333	16.9261	8.59461	1.0079	20.2798	5.43891	1.67672	20.3395	4.09098	1.08752	10.5683	3.40984	1.50371	10.2901	4.92046	0.560101	16.8193	4.77818	0.60251	18.0717	0.91444	1.41181	3.02462	6.17075	1.02854	26.6346	6.55383	0.729952	27.0932	7.78541	0.516418	23.2307	
6.97499	1.11028	30.8347	3.33795	1.7078	15.4178	5.01466	1.79933	11.8062	3.00414	1.54946	7.03286	3.14823	0.526756	14.569	6.60023	0.688057	29.0965	7.68341	1.34928	31.8649	2.51291	0.547706	11.7765	2.25596	0.645732	6.30357	2.9595	1.79672	12.603	3.51419	0.770713	7.96335	0.328577	0.964278	1.04428	3.19383	1.37998	7.44442	5.39407	0.651325	23.0588	5.10175	0.938456	15.2591	6.80113	1.37515	31.4705	1.08249	1.09288	4.69881	1.59449	1.25303	7.78342	5.90451	1.93453	15.2298	7.79908	0.925546	19.4219	4.34664	1.03305	15.3845	4.05734	1.579	19.0704	
11.6819	1.58194	50.3648	7.72845	1.83342	31.1415	6.36781	1.59131	21.3485	5.50015	1.23197	21.2237	2.88295	1.03736	10.4371	10.4275	0.665898	42.0303	12.3585	0.766983	59.6258	7.21278	1.43996	20.0507	6.9669	1.69703	25.2778	5.90244	1.29091	22.8942	7.53295	1.45469	20.9821	4.38685	1.56376	19.9211	3.07193	1.76008	7.12756	9.74059	1.82205	33.2494	9.71494	1.94911	42.8445	11.512	1.64531	23.4404	4.91276	0.615028	24.3722	5.05206	1.53358	22.6188	10.4335	1.35232	36.8398	9.70509	1.27972	25.7058	5.03141	1.19286	12.3473	6.73186	0.780688	26.1653	
7.19742	1.04406	15.1598	2.83098	1.52545	8.78969	8.32745	1.35067	32.2753	0.56708	1.88346	2.50739	3.23484	1.74178	13.0883	9.07887	1.52049	29.6486	8.48868	1.19153	26.2254	3.66725	0.586278	13.474	3.77451	1.7325	16.6507	6.22171	1.40682	15.5593	6.21866	0.522093	15.7809	3.41767	1.59171	16.2504	3.07696	1.49598	10.1465	4.27234	1.01337	9.83148	4.88461	0.712748	10.9077	7.18657	1.21246	22.963	4.38099	1.45458	9.83513	4.89267	1.91556	18.7967	7.46817	1.33728	26.1669	11.0286	1.59685	42.9067	7.5873	1.29314	37.7671	0.774153	1.66196	2.80128	


# This instance was randomly generated with the following parameters: 
# SIGMA_MIN=0.5
# SIGMA_MAX=2
# CAPACITY_OVER_DEMAND=2