4	8
102.021	721.73	44.2423
158.407	860.104	67.9821
61.1052	692.12	43.658
8.35721	746.597	50.279
29.4663
2.27245
5.65662
34.7104
20.5005
24.4582
1.24783
19.1287
10.21	0.670321	34.859	8.9222	0.58314	43.2186	4.75626	0.273559	13.2451	5.4397	0.85358	24.315	9.85267	0.448293	28.1314	7.69402	0.605705	32.5543	10.3916	0.206111	46.0832	6.20746	0.2925	25.4058	
9.72459	0.846381	33.6181	8.82069	0.471724	38.5471	4.978	0.119141	17.4084	3.90852	0.403581	18.5907	8.53368	0.562182	40.3751	7.52437	0.490324	30.4169	9.8743	0.267742	29.241	7.01078	0.969703	22.131	
6.06555	0.538894	12.5115	6.96549	0.815962	24.2615	6.80688	0.143266	23.681	3.40664	0.814311	12.8172	2.02353	0.6496	4.24193	6.18013	0.596681	29.1871	6.03597	0.805747	13.2441	8.92402	0.2695	36.0295	
2.36039	0.861454	4.97611	3.20332	0.211458	6.47804	4.7739	0.960536	22.9646	4.46809	0.466173	17.6826	2.60499	0.984084	7.17212	2.73448	0.910052	9.92082	2.39825	0.236423	7.70538	6.14006	0.12033	13.7863	


# This instance was randomly generated with the following parameters: 
# SIGMA_MIN=0.1
# SIGMA_MAX=1
# CAPACITY_OVER_DEMAND=1.5