9	18
86.2678	1288.92	138.03
159.408	894.636	67.4355
147.793	384.333	14.4715
141.52	771.24	50.8279
80.983	927.587	73.0418
111.374	1137.76	109.097
145.575	994.37	82.9408
25.3739	705.758	44.7817
86.9263	976.739	85.1427
30.6454
1.96163
30.4939
19.1622
23.4155
14.3118
13.7488
16.478
18.026
24.2501
24.8653
1.93002
15.8962
38.9871
30.3662
1.98585
14.8011
11.5593
7.9593	3.41307	17.2467	8.42508	3.50367	17.364	2.7181	1.28097	7.99494	8.79228	3.05834	28.4179	6.40832	2.24187	24.7181	9.56131	3.84253	26.3572	6.30038	1.82138	16.3687	5.23988	3.76653	11.6984	8.76886	3.25671	30.3026	9.9764	1.69103	23.0031	10.0403	1.519	42.2419	8.6391	3.32439	29.6402	5.60065	2.1109	27.5622	3.13691	3.59173	14.3865	10.4961	3.80906	40.9272	9.04914	1.99253	43.7942	5.79471	1.47238	16.034	4.54713	3.87312	19.5127	
9.88561	2.2802	26.2255	7.40252	3.81355	23.9113	7.80007	2.53973	19.8262	8.51763	3.9494	24.6044	10.3944	3.39411	27.576	10.492	1.75739	52.1738	4.89521	1.62098	10.3092	8.94382	3.1606	18.8234	10.0663	1.77722	21.6093	8.84859	1.39892	39.1296	13.0099	3.4941	51.0115	11.0031	2.96686	28.7774	7.34388	1.67507	28.2698	2.17472	3.74209	5.98189	9.28261	3.79569	37.0539	11.7988	3.23235	56.7928	8.59472	2.01324	20.4552	8.27728	3.75811	37.3352	
7.47236	1.18449	25.7198	6.71338	2.20669	32.1127	4.72615	1.8024	11.8983	7.34797	2.44514	21.8097	7.20714	1.34755	19.3586	8.63935	1.16058	19.3195	4.35752	3.3201	11.2018	5.79826	2.07071	13.6159	7.9911	2.6221	20.0441	8.28936	3.52752	32.6749	10.2011	3.80346	38.8172	8.41557	1.5595	23.6524	4.88664	3.14016	13.6052	1.10746	2.73407	2.98145	8.79806	1.38856	32.4522	9.05938	3.08526	39.156	5.73423	3.7046	17.8591	5.10709	2.69604	24.8464	
6.04388	1.79479	27.1218	2.00596	3.91194	4.70098	8.9852	1.49059	25.4395	3.29888	1.47405	16.0949	8.71096	1.21464	20.0121	5.71709	2.11912	26.7285	0.843092	3.69431	4.10976	7.33335	3.22532	16.4301	5.63456	1.76476	27.2685	3.43023	3.77987	11.8725	9.59692	2.17854	21.3116	7.323	1.54351	34.6378	4.3424	1.55008	19.7451	4.93583	2.67736	13.7518	3.88125	2.55579	16.5414	8.3495	2.35196	33.7334	6.08316	2.72152	27.5169	6.96311	3.42529	21.1865	
3.26598	1.58047	7.1736	8.25176	2.07069	17.7707	8.49507	1.28099	29.2372	7.03386	2.76784	19.9772	3.68414	1.11104	15.986	4.80184	3.18355	10.6104	8.97837	3.24288	21.7972	4.35293	1.35225	15.9898	4.15642	2.11876	13.5802	8.64226	1.62526	28.0448	0.494987	1.24268	1.12559	2.01188	2.90308	9.22455	5.3171	2.79754	22.8271	10.608	2.85943	31.0736	8.93387	1.2631	19.8459	0.938227	2.45409	3.70134	4.00207	2.06522	11.06	5.01551	2.07062	13.1559	
5.33702	1.47349	25.4732	6.28754	3.1661	18.5613	3.56583	1.19108	14.5236	6.39666	1.10703	19.2737	4.63047	1.21458	9.29826	6.93756	3.74012	14.4969	4.65712	2.58123	14.8667	3.2027	3.57315	7.60888	6.13248	1.94461	14.8599	7.76047	2.90584	21.2001	7.69922	1.83652	17.0732	6.09243	1.29176	15.7782	2.97583	2.3287	9.20468	3.6206	1.25516	8.3273	8.27901	1.02758	24.4417	6.61266	2.86855	19.6803	3.28317	3.00608	8.0497	2.51798	1.79727	5.98357	
1.27935	1.43911	3.20628	3.71986	3.85975	18.248	8.1488	2.57468	31.0976	2.61356	1.56112	7.60092	5.28227	1.95015	24.8131	1.76875	2.23585	8.69839	4.72023	1.89469	10.425	4.45841	1.3095	19.3389	1.0248	3.99555	3.00351	4.3182	3.42843	19.7643	4.81095	3.23222	23.815	2.5329	3.45001	9.36849	2.1987	1.20609	10.9576	7.50898	1.17711	24.3229	4.70419	3.29037	22.5038	3.59974	1.86111	9.38037	2.85154	3.46451	7.13359	4.58643	3.09005	12.4748	
5.53322	1.0403	21.5831	0.821697	1.03877	1.82078	10.659	2.91822	49.8867	1.72103	1.15517	3.98744	9.22153	2.35969	20.4118	4.29877	1.74899	19.1654	3.20201	1.68671	14.6593	8.06571	3.70067	16.9465	4.63259	3.18916	21.6247	0.904528	1.84768	4.43279	8.96006	1.56198	43.4262	6.73385	3.89744	26.2032	4.96184	3.10771	24.6356	7.37868	1.11572	15.4488	1.36059	1.84226	3.75718	7.80828	2.84964	16.3816	6.53775	3.92661	13.329	7.90192	1.89084	22.3968	
2.80575	3.6999	7.22208	2.88295	3.5457	8.65462	9.79108	3.51562	34.5498	1.44123	1.43579	6.06043	7.04438	3.79443	33.8373	1.18883	1.20718	4.51851	4.79191	1.00778	17.8634	6.23663	2.60164	25.9924	1.63348	1.92274	6.39395	2.86965	2.77464	14.0606	5.94415	1.31426	22.936	3.82436	2.63957	9.85951	3.68196	3.64872	14.4948	8.33655	2.8396	33.7726	3.15225	3.52904	14.2431	4.87273	2.60757	15.1229	4.62488	2.10045	13.5659	6.33351	2.05764	25.1281	


# This instance was randomly generated with the following parameters: 
# SIGMA_MIN=1
# SIGMA_MAX=4
# CAPACITY_OVER_DEMAND=2