6	12
11.5854	1112.45	109.423
49.6456	419.217	15.4567
46.4874	1088.25	105.952
39.4527	1311.08	144.191
25.0332	1192.41	141.076
152.664	1249.28	137.198
1.38078
9.71513
6.98027
4.94508
3.63423
1.834
9.69363
7.06272
5.88472
0.531119
4.48501
9.18299
7.44164	0.199446	35.5961	6.70132	0.439324	27.5767	6.39119	0.163588	16.8512	6.93473	0.336071	28.0827	6.08562	0.91169	28.2744	8.98858	0.497714	39.6008	2.25711	0.471312	5.83681	7.51084	0.393273	23.3891	7.4045	0.123642	20.28	7.87677	0.322667	23.2004	2.35125	0.954902	8.97173	8.86899	0.570565	40.1014	
5.29186	0.308114	25.5255	3.45208	0.792266	16.9445	3.05116	0.649112	6.87532	5.78906	0.271774	21.4205	3.18766	0.704824	7.14623	5.88626	0.584801	22.4523	2.48171	0.26232	11.0764	4.35045	0.117447	13.21	4.31718	0.643861	12.0978	6.54598	0.499747	25.8786	1.05623	0.891491	3.98178	8.13604	0.514553	16.5019	
4.78264	0.836242	11.5413	8.36868	0.711046	17.6513	9.50352	0.876637	20.8793	3.11091	0.207349	10.1808	7.07782	0.3025	28.5278	8.05489	0.585691	35.0517	7.39796	0.84656	18.7779	8.00913	0.357687	20.2013	7.65243	0.43941	18.374	2.67786	0.878133	9.26595	9.20189	0.543285	43.6259	0.726053	0.671257	3.42153	
5.59691	0.457051	19.3033	7.88438	0.565846	17.4683	8.56366	0.419816	42.3032	3.56757	0.738164	16.538	6.54073	0.920788	16.7358	8.86375	0.793484	39.7298	4.33799	0.721444	13.0954	8.04893	0.760477	39.6317	7.73345	0.828971	26.3113	4.29932	0.263069	18.6986	6.47383	0.874213	18.8119	3.98047	0.184833	19.478	
2.8661	0.89366	9.43229	5.73072	0.209232	27.7086	7.04225	0.849857	25.2537	4.05702	0.135408	8.17079	5.03535	0.906038	14.2621	4.10857	0.34932	8.30216	8.0623	0.143154	32.8907	4.90542	0.822842	14.8417	4.63271	0.151002	22.9744	3.26359	0.765037	12.925	8.90702	0.271211	44.1666	4.48199	0.466986	19.9757	
3.77929	0.594062	17.4061	2.66149	0.183181	12.5421	2.88634	0.221468	7.88181	4.38216	0.815176	21.1195	1.89665	0.950394	8.93227	4.79936	0.786053	20.3618	2.46276	0.4165	7.4491	3.35377	0.757914	13.608	3.21969	0.618387	12.954	5.08308	0.566785	22.6899	2.34614	0.780734	6.09053	6.76119	0.573432	18.7227	


# This instance was randomly generated with the following parameters: 
# SIGMA_MIN=0.1
# SIGMA_MAX=1
# CAPACITY_OVER_DEMAND=10