8	16
123.09	1145.04	111.324
25.5874	804.531	59.1057
38.8736	1241.27	127.62
50.2129	940.242	79.2831
152.514	1213.32	147.079
122.343	1213	133.768
137.767	1235.23	144.328
137.189	458.909	19.2672
17.9584
26.8736
30.5745
41.9428
23.1256
8.51809
18.5992
17.5196
38.3971
40.6347
11.1645
31.1191
29.7477
23.5264
8.36214
42.8243
5.74125	1.39746	19.8415	1.37349	1.77416	5.46876	1.9597	0.934125	8.51874	2.27966	1.42467	5.49933	5.80183	0.754047	12.5114	5.82455	1.69288	28.616	5.01014	0.831058	15.2336	2.49832	1.56772	9.42291	6.51006	0.902507	15.2128	7.54118	0.732531	28.6251	4.24971	1.66357	15.3192	3.90019	1.38858	19.4479	4.37504	1.78146	21.3642	1.43349	1.27322	5.56848	6.36545	1.03116	29.4443	0.977737	0.605346	4.27782	
7.49654	0.888957	22.7773	6.49972	1.50682	26.4259	6.7069	0.743843	32.5327	8.17891	0.518069	20.4883	0.53971	1.27051	1.72634	3.31793	1.42345	13.3916	1.14395	0.63567	3.24467	6.16077	1.49686	15.459	6.2012	1.00414	13.9713	1.58506	0.881166	3.8051	4.53513	1.18519	12.4486	4.57222	1.28797	12.8813	2.35072	0.57569	11.0763	5.02044	1.77154	23.3552	5.92073	0.811345	27.1533	6.05829	0.690013	28.6897	
8.97382	1.04183	28.0966	6.30404	1.38954	25.7998	4.97394	1.78031	18.2717	7.63558	1.90944	24.221	3.26677	1.61429	6.67174	0.517185	0.709066	1.76709	2.57752	0.635631	11.4138	4.16021	1.65382	14.4465	8.31121	1.53728	18.5992	3.37978	0.682768	9.44404	6.06121	1.79385	24.1914	5.91944	1.63185	22.5737	1.44991	1.73305	3.85963	4.89021	1.05916	13.3029	8.0446	1.71322	28.2401	5.7641	1.01898	16.6818	
5.42287	1.19432	10.8497	2.86415	0.507312	6.8462	4.88059	0.762746	23.4873	1.3877	0.781984	4.56103	8.92342	1.26578	37.7222	9.47152	1.59693	20.3937	8.28345	1.88382	36.6529	5.73888	1.7043	11.6013	7.22487	1.17275	30.7763	10.8735	1.25544	29.7633	5.92298	1.90129	17.8583	5.63058	0.929322	21.7526	7.92255	0.861538	20.1972	4.36594	0.587163	21.4601	7.22134	1.1228	19.7138	3.34319	1.37118	15.3439	
1.85812	1.26667	5.90504	4.59826	0.512398	9.98623	7.4211	1.70351	25.1847	5.99497	1.11334	18.8312	5.28312	0.781306	23.4836	8.15373	1.37361	26.3101	5.35486	0.743021	14.692	7.61414	1.70927	35.121	0.937773	0.885962	3.86692	7.29781	0.699131	20.3546	1.65819	1.79803	7.93788	1.90974	0.864721	7.41643	6.22425	1.84267	14.3603	4.32501	0.586999	11.3692	0.843158	1.53206	2.03007	4.67478	1.54492	13.0967	
6.09361	1.08153	14.0659	1.61836	0.565724	4.5687	1.73648	0.994561	6.35736	1.99159	0.616149	5.4782	6.36284	0.616777	13.9871	6.18461	1.08744	18.1236	5.55416	1.52406	17.0422	2.45385	1.42051	5.60168	6.99472	0.946823	26.3665	8.06177	1.6626	37.8877	4.78991	1.00372	14.7711	4.43914	1.47845	9.15977	4.84304	1.22779	22.8461	2.01428	1.77605	8.72855	6.862	0.70886	18.3269	1.38521	1.15609	4.25945	
3.52817	0.768857	15.6996	5.65625	1.27403	17.0343	7.99809	1.81265	31.1042	7.2439	1.45636	31.5216	4.2557	1.22398	12.2338	7.56505	0.930414	31.4893	4.59787	1.07175	21.536	7.99861	1.96807	30.819	1.56774	1.92072	6.03064	6.07831	1.44764	16.7126	2.11792	1.93188	6.18267	2.46838	1.87816	6.52234	5.76164	0.928307	19.7279	4.95113	1.21174	16.2116	1.30647	1.19331	6.41205	5.58493	1.72081	13.9407	
10.0761	1.86501	45.7852	5.91138	1.78196	23.7624	2.76247	1.40628	5.77297	6.30936	1.63647	15.3843	6.90732	0.759386	27.5097	4.28534	0.704052	18.9347	5.99792	1.98163	26.5956	2.04056	1.00019	9.83851	10.3212	0.58543	33.9807	7.5436	1.07674	20.0862	7.84558	1.18738	36.655	7.55307	0.539344	19.1792	4.5773	0.668938	14.9688	5.26059	1.77214	16.0434	10.1099	0.753438	29.7769	5.46318	1.3336	14.9215	


# This instance was randomly generated with the following parameters: 
# SIGMA_MIN=0.5
# SIGMA_MAX=2
# CAPACITY_OVER_DEMAND=2