4	8
142.76	1038.11	91.9431
136.874	923.751	70.6085
91.447	1178.96	120.439
13.9201	671.492	38.0164
6.09171
20.8148
24.8902
16.6769
34.0148
7.64037
26.1855
24.1895
4.38116	0.740389	18.065	5.56834	1.56609	25.6684	8.51654	1.00243	20.3269	4.73043	1.02012	18.4092	3.00419	1.24148	6.02892	4.50501	1.76618	12.0648	7.0501	0.825839	19.5735	6.7158	0.976899	28.6345	
9.04202	1.401	37.7118	7.58082	1.07223	22.4378	1.86237	1.22823	6.35731	9.11339	0.648963	18.5522	4.97429	0.73994	13.7099	5.01745	1.77301	11.8302	8.75413	1.37502	28.42	4.03035	1.83555	14.3629	
2.41284	1.8393	8.92544	1.30725	0.610411	3.59393	7.94603	0.507778	26.2288	2.08031	1.20559	9.62892	6.33784	1.13318	19.5626	4.11709	1.44939	14.2162	0.792291	0.891571	3.07211	4.98517	1.78376	24.4367	
5.76599	1.43442	21.8526	3.42473	0.868081	16.3941	5.57208	0.642347	17.0637	5.53161	1.15734	19.8593	7.01076	1.2318	28.5501	4.33814	1.94932	17.0487	3.09893	1.51594	7.57346	3.21353	1.44463	6.54499	


# This instance was randomly generated with the following parameters: 
# SIGMA_MIN=0.5
# SIGMA_MAX=2
# CAPACITY_OVER_DEMAND=2