4	8
62.943	1250	150.251
115.143	775.892	56.8467
177.796	1146.67	124.975
160.039	884.117	66.5919
70.1768
7.71444
28.8906
69.8153
19.6515
49.9657
11.9981
7.56393
4.36501	0.877138	20.3905	7.34174	0.830469	30.8976	6.97929	0.888437	15.2923	5.1224	0.50124	10.4432	2.14803	0.684233	9.32942	6.21401	0.93009	13.2245	4.67307	0.580639	16.0242	4.56589	0.365309	21.157	
6.14892	0.300759	28.4379	8.56986	0.60819	32.9278	9.23587	0.769854	44.5595	1.07684	0.383258	2.62694	7.96425	0.381273	27.4615	1.9379	0.5119	8.859	9.80828	0.250748	32.6376	6.34036	0.195151	22.9788	
5.6367	0.492843	11.977	7.68288	0.574051	36.6628	6.70381	0.400994	30.2098	8.59707	0.746381	38.7165	1.48291	0.837364	4.27366	9.27374	0.868543	32.9952	2.31008	0.328219	8.096	5.71897	0.714567	19.1502	
3.82071	0.929022	17.4051	6.20137	0.22061	29.5625	6.85536	0.45275	15.16	2.45539	0.43588	6.44415	6.46106	0.437815	16.3463	1.3485	0.817197	3.89114	7.863	0.395469	21.7849	3.99819	0.693122	13.9942	


# This instance was randomly generated with the following parameters: 
# SIGMA_MIN=0.1
# SIGMA_MAX=1
# CAPACITY_OVER_DEMAND=1.5