11	22
154.413	1360.47	158.894
37.3442	1022.81	102.194
82.0513	457.773	18.8312
25.9128	1221.24	131.404
29.3706	547.07	26.5242
70.0331	831.681	60.2547
24.0215	758.487	47.6141
53.3745	707.043	46.0173
103.917	1144.29	113.332
77.7394	1136.05	108.43
168.723	859.621	62.4708
4.38566
2.95516
5.04928
5.67209
5.34343
6.45159
2.5571
0.486556
3.62631
3.48048
0.237498
7.18035
5.64025
3.97347
2.73949
7.10481
3.16349
3.08362
7.8888
3.93755
0.646179
1.99349
7.01322	1.9707	19.1593	6.69484	1.46674	15.2775	4.02137	0.59177	8.64147	1.2433	0.808697	3.61426	5.88208	1.06935	23.1433	0.443305	0.696609	2.07676	4.9031	1.98624	23.6035	0.827325	1.92779	2.4629	3.28123	0.703209	9.55637	4.53885	1.1197	12.8581	3.27184	1.816	9.11887	4.88663	1.91666	14.1306	5.2164	1.16874	24.0935	3.98402	1.26825	16.1444	3.09053	1.56051	13.1771	7.48047	1.63646	24.1666	6.86483	1.05449	30.0896	5.02853	1.3325	16.8147	7.06849	1.90504	14.5741	5.07784	1.68517	18.0992	6.64735	1.91836	14.2648	1.30383	1.1557	4.68585	
8.70305	0.979031	35.7728	10.9013	1.09698	33.5986	1.11133	0.539384	4.3613	3.77936	1.19111	16.5346	10.2179	1.15971	47.8681	5.00503	0.7092	18.9436	4.16457	1.61477	12.7664	5.36566	1.73125	13.0941	2.87219	1.79962	9.21132	8.99927	1.89251	22.5754	6.74979	0.601553	33.4316	6.74274	0.62793	26.6111	9.78752	0.86029	43.8736	8.29421	0.891041	20.547	3.6395	0.72533	11.0499	11.6261	1.48291	38.4872	11.5234	1.46465	32.65	8.14575	0.830451	33.0102	9.11679	1.34013	28.7324	9.75898	0.794271	39.9764	8.61577	1.24306	38.482	3.4412	0.693333	7.84175	
6.98438	1.10966	23.4412	8.36846	1.40593	35.9576	2.21236	1.83977	6.72993	1.21417	1.17689	4.08936	7.66323	1.41804	17.7479	2.49531	0.840519	7.78823	3.4017	1.55841	8.9482	3.02498	0.682447	14.0269	1.50026	1.47189	4.38038	6.43355	1.60765	27.4395	4.99772	1.71342	10.6251	4.84209	1.2459	13.1813	7.46686	0.724687	22.9818	5.73554	1.68215	22.6375	1.86614	0.521975	9.06842	9.1081	1.93244	45.3836	8.97904	1.11967	24.9688	6.64973	0.598595	22.0501	7.25694	1.99343	31.7983	7.23392	1.85906	22.7333	6.771	1.42527	32.5908	1.24704	1.67592	5.40962	
6.19831	1.38811	21.1674	3.88913	0.634059	15.8286	6.86368	1.61912	16.6403	3.64723	0.591666	13.7191	3.03002	1.91075	13.8849	2.48313	0.827947	7.10604	6.27539	0.901397	25.2216	2.61601	0.651705	11.3387	5.30526	0.932578	20.8295	1.65981	0.929535	7.19389	4.34709	0.757303	20.6645	4.57066	0.906094	14.8366	3.65554	0.973493	7.69069	1.25587	1.65469	3.75487	4.7409	1.18768	12.0317	4.68853	0.840559	11.054	4.14209	1.47639	14.4158	5.81861	1.94952	15.4718	5.96426	1.72284	17.1366	2.49082	0.786651	8.82936	5.69441	1.04438	16.5169	4.17023	0.651656	13.23	
3.56234	0.997463	17.06	2.50434	1.665	11.5596	9.90418	1.35347	47.5776	6.67165	1.31419	28.5271	2.87647	0.554005	10.3252	6.18153	1.33425	26.4887	6.96603	1.33767	17.427	6.74173	1.92745	16.9034	7.22862	1.89174	16.4203	3.51685	0.841415	8.13485	8.77978	1.43614	37.5558	3.8032	1.86647	10.4285	7.2333	1.73728	29.0072	3.25941	1.0509	8.963	6.45002	1.6232	20.97	2.63471	1.49956	7.00627	5.32342	0.524313	11.1246	10.2292	1.33205	40.9148	2.92758	1.37438	9.58891	5.08788	1.15327	24.4722	3.06202	1.77806	10.8312	7.63004	1.95552	35.0742	
8.19515	1.30013	31.0237	4.92576	1.68313	13.8416	7.32987	1.85068	24.8522	4.60444	1.129	14.7266	4.00057	0.799159	12.7238	3.24809	1.67076	9.98457	7.86204	0.6932	21.0762	2.75026	1.1322	9.99498	6.56244	1.98266	32.7217	2.74146	1.06169	8.19103	3.07489	1.9454	12.9277	6.53004	1.34709	30.3997	1.84164	0.624057	4.82646	2.91975	1.27285	13.3714	6.15762	0.6703	13.5781	5.69422	1.45651	15.9319	3.82901	1.07215	11.7096	4.1702	1.08581	13.5281	7.94625	0.900253	22.3862	2.06907	0.800762	6.51938	7.6883	1.59435	24.7169	4.67298	1.34425	16.7203	
7.7242	0.515775	19.2838	7.18014	1.99741	33.7943	3.85923	1.71598	17.2191	1.71781	1.93531	5.33519	6.33347	0.736411	20.9889	1.10275	1.98303	5.51376	5.42851	0.6084	17.4592	0.747797	0.533145	3.10595	3.69468	1.73309	10.699	4.95776	1.17465	17.874	2.68779	1.96252	10.3513	5.5935	1.72878	26.6591	5.11853	1.59269	17.5008	4.48292	1.74067	18.3642	3.62309	0.61592	11.0632	7.97505	1.92593	34.958	7.09429	1.12185	32.3207	4.42821	1.43546	21.4115	7.77919	1.87704	15.8689	5.28418	0.860404	18.171	7.35893	1.95025	25.1231	1.25609	0.952678	5.98923	
6.02894	0.693036	26.5979	0.164782	0.843125	0.713075	10.4014	1.58213	30.5458	7.07295	0.510204	30.5932	0.764126	1.21824	3.46241	6.1319	0.784017	26.8172	8.53604	1.94978	30.9311	6.35957	1.3897	20.5348	8.25276	1.5423	30.0541	2.14298	1.91337	5.81191	7.76967	1.25744	16.9959	5.66644	0.908869	19.4849	5.28262	1.45249	25.7931	2.5777	1.20195	5.5257	7.52762	1.5337	20.9223	0.955765	1.06763	2.14288	2.80305	1.07014	9.05404	8.91614	1.39193	25.9497	5.44465	1.58631	21.2247	3.07022	1.87623	14.8435	5.4966	1.54417	11.5449	7.79698	1.85259	31.2352	
5.26071	1.30662	25.2233	1.32496	1.66387	4.11219	9.20845	0.625124	34.0174	5.87536	0.682811	12.4442	0.898888	1.35616	2.78984	4.99623	1.60848	21.583	7.35052	1.90416	17.3842	5.3091	0.893255	15.4463	7.02576	1.76934	24.6208	1.37796	0.613856	5.38899	6.96651	1.01503	33.6647	4.58798	0.657628	21.448	5.03821	1.02414	10.1836	1.47876	1.36064	3.98587	6.30253	0.913232	17.7409	2.06729	0.741509	7.83398	3.34065	1.29367	7.61638	8.26952	1.44561	36.6759	4.75803	0.848902	20.1676	2.88077	1.72958	11.5369	4.71329	1.93465	21.4737	6.63843	1.79386	22.7306	
8.63219	0.729832	21.2992	6.25099	0.529314	21.9946	6.10855	0.955317	29.5963	3.83677	1.29139	18.2413	5.32668	0.925878	22.4752	2.57457	1.51752	6.50762	7.4253	1.78824	32.8884	1.77028	1.59322	5.84465	5.87408	1.68383	21.9972	3.97356	1.26898	9.70514	1.68698	0.913217	4.86426	6.72616	1.83666	32.7381	2.82313	1.36923	12.0161	3.90282	0.516251	7.95612	5.62913	1.89723	16.2469	7.04034	1.9929	15.0125	5.32033	1.31585	12.0208	3.13045	1.39582	8.524	8.49797	1.42316	33.0112	3.56212	1.0714	8.60547	8.1695	0.663811	20.5983	3.60015	0.740067	12.8869	
8.84488	1.03027	30.9268	6.95069	1.97189	33.8046	5.40886	1.469	18.237	3.48296	0.630429	15.965	6.0335	1.48871	23.8988	2.38987	0.610175	8.715	7.17191	1.10451	30.3228	1.47801	1.46547	5.84462	5.50165	0.784058	16.8777	4.65503	1.57216	11.3416	1.17304	1.77403	4.72625	6.83953	0.538762	31.0036	3.5771	1.35947	11.0535	4.48168	0.894007	19.5024	5.35903	1.41214	23.3639	7.74711	0.519962	19.0406	6.1392	1.72518	16.0799	2.87462	1.36151	13.6128	8.77351	1.88326	37.7637	4.37074	0.909727	12.3337	8.41155	1.35327	24.9301	3.04441	1.6466	9.4924	


# This instance was randomly generated with the following parameters: 
# SIGMA_MIN=0.5
# SIGMA_MAX=2
# CAPACITY_OVER_DEMAND=10