11	22
127.564	911.184	82.7572
67.4874	1319.1	156.523
103.684	1180.62	134.255
11.6177	1322.14	144.717
104.022	1282.18	152.782
161.49	1100	117.161
87.1581	804.155	62.4605
9.66806	873.643	64.7785
34.9057	811.754	60.5809
172.24	906.923	71.9199
48.7135	1097.09	113.515
29.4903
28.5292
54.9278
27.8523
9.07193
43.8282
29.9522
22.6359
11.6962
12.2803
66.2372
15.8199
17.9115
49.2696
0.294385
41.7115
43.9837
69.828
63.344
40.2089
31.8612
63.5653
7.18085	1.46969	24.1003	2.05577	2.72808	6.84136	3.86449	2.06355	14.6301	5.28362	1.87878	17.0377	6.02629	2.17784	25.818	2.44915	2.41653	7.03269	2.68742	3.00834	11.9376	2.22421	2.82371	5.7263	2.10359	2.1581	7.8861	6.09254	3.22367	28.0096	5.39254	3.54407	21.3566	4.48528	1.36918	9.53063	6.58593	2.53241	31.9687	3.98239	3.47381	14.3006	1.79489	1.23977	7.30782	1.5366	3.8293	3.3541	1.80855	2.45593	4.20193	4.54573	1.07001	21.356	6.1787	2.83164	25.7415	7.44841	3.05042	21.5438	3.80369	3.22892	17.9033	4.88268	3.5845	23.8875	
0.390198	3.5837	1.4739	4.91214	1.97166	18.9296	3.05092	3.04142	9.0769	10.3174	3.59936	45.9653	2.008	2.75242	6.60479	4.42409	1.34759	21.8515	9.23685	1.5284	27.6577	9.04863	3.5209	24.9831	6.30963	1.45445	23.4572	6.27248	2.87484	21.1535	8.15549	2.81021	24.0894	7.59831	3.44276	27.9835	2.98097	1.15433	14.0996	3.31414	2.24135	12.1252	8.48331	1.61494	25.0077	8.24668	2.35502	35.7358	7.19974	2.81477	17.2883	10.6478	2.332	37.2328	1.70259	3.95363	3.68646	5.31168	3.4363	20.9172	3.82549	3.00411	11.9949	5.65979	1.94961	25.642	
10.976	2.38713	32.7165	6.22691	2.6628	24.9643	8.39677	2.80817	31.4525	0.283505	2.55376	0.851953	10.6462	2.40891	47.6274	7.26549	3.32324	34.6678	6.33309	2.6442	27.078	5.12048	1.0342	12.4227	4.50647	1.5053	22.3053	5.7864	2.72487	24.1695	3.23049	1.39391	6.47935	3.23166	2.46993	9.77253	8.72695	2.30958	18.8181	7.29122	1.08509	36.2953	5.7925	1.95376	25.6034	4.44202	2.11203	17.5573	3.94724	2.69356	18.758	2.07635	1.42915	9.89173	9.2032	3.83518	24.938	7.94371	2.70959	34.2559	8.9086	1.85106	25.3627	5.43035	2.82516	11.8703	
6.16954	2.51095	29.7243	1.62118	2.46863	7.51481	3.59361	2.6768	15.9102	4.59154	3.03324	11.9738	5.79963	3.64492	28.6007	2.71824	3.2849	6.49585	5.19077	2.53503	24.9641	4.37222	1.41857	14.3491	0.693214	1.40519	2.27847	3.46684	1.3738	14.8735	3.27363	2.89726	12.0107	2.40243	3.51675	7.03974	4.51557	1.43666	12.7294	2.46659	3.83426	6.3527	4.27499	3.38051	13.615	3.24615	3.42673	15.5721	1.65764	3.3032	3.51034	4.92506	3.96517	16.3607	4.57584	2.05277	10.7821	4.91522	3.18367	11.4213	4.32962	1.63571	19.5592	2.25558	2.78264	8.15383	
9.56166	1.74119	27.0725	4.53384	3.96256	10.3954	6.73653	2.70485	23.4944	1.61889	2.51777	6.95868	9.00992	2.97236	43.025	5.51498	3.5265	11.2657	4.64368	2.94056	19.6351	3.42447	2.27596	12.6952	2.8866	1.8486	11.5217	5.36669	3.42396	20.2747	3.22818	3.02987	13.6971	2.70378	3.25601	7.0009	7.70697	2.42233	27.7964	5.86268	2.14729	17.7154	4.00513	3.55488	9.13933	2.60185	3.52383	11.4462	2.15443	2.83202	5.53404	1.62566	1.51927	3.84144	7.9484	2.83629	36.1078	7.41403	3.05416	36.6289	7.13511	3.23981	18.0637	4.63573	2.57818	19.7592	
8.38627	2.80824	27.4231	3.18085	3.26999	8.21822	5.37492	2.80209	12.841	3.11488	1.54748	12.7718	7.64818	1.69758	21.9808	4.08329	1.70906	19.224	3.61339	3.61223	8.85086	2.48377	1.55065	7.0457	1.75588	1.44757	6.08481	5.2633	1.45476	12.8606	3.75261	2.13205	9.98121	2.94536	2.13897	12.9593	6.92861	1.67889	28.9118	4.75247	2.13283	11.915	2.81914	1.83614	8.32751	1.38599	2.26895	4.71292	0.805975	3.77038	3.04309	2.67301	3.62028	9.71282	6.94557	3.79112	21.3528	7.08645	1.30428	16.4615	5.67244	3.16128	22.6906	4.26184	2.31853	20.9639	
11.0018	3.21918	47.6203	6.12966	1.18168	18.7715	8.31999	1.02353	20.4631	0.472227	2.0065	1.32084	10.5837	1.40323	40.379	7.14065	1.11955	20.4544	5.94126	1.53587	16.5028	4.73681	2.80767	23.5923	4.43183	2.1342	17.0023	6.04564	1.09844	26.8575	3.53115	3.57003	12.4573	3.42478	2.95528	12.9323	8.86578	3.39484	42.4375	7.30264	1.99869	25.3495	5.43643	1.31252	20.0612	4.12257	2.77348	14.8431	3.78929	3.82731	10.2688	1.61235	2.63954	5.40776	9.27714	3.2504	36.1855	8.19413	2.52815	34.4341	8.77167	3.18659	17.7636	5.60452	1.98237	24.8327	
6.52682	1.97768	27.1177	2.8502	1.91944	6.99181	4.51143	3.2484	15.8697	4.29148	2.56714	9.07869	6.55542	1.89651	28.3277	3.89984	3.56658	16.6742	6.33534	2.60545	28.6271	5.39454	1.39388	26.2383	1.80184	2.22076	5.65197	2.24353	2.55462	9.30274	2.17196	1.30739	6.89947	1.4661	2.25283	3.42348	4.22164	3.02404	16.2598	2.97298	3.0736	9.64841	5.43059	1.67467	19.9613	4.23349	1.83746	14.4127	2.53355	2.89572	6.23537	5.15588	3.86097	22.6334	4.6756	3.76287	18.5894	4.00057	2.66768	10.0214	5.42571	2.58321	12.7209	1.17054	1.7769	2.8897	
0.464695	3.04066	1.05076	4.95194	1.36893	13.469	3.14954	3.04817	9.42261	10.2856	2.56447	30.6191	2.20294	3.02058	6.9857	4.50452	3.37319	14.5003	9.32729	2.53228	18.9254	9.1149	1.75896	21.7584	6.31214	3.54883	17.5573	6.15248	2.07676	19.4324	8.07829	2.02954	19.9615	7.53867	1.04808	35.2839	2.81934	1.82232	12.9266	3.30265	3.05464	14.4821	8.56328	1.02971	28.3624	8.29451	1.59103	25.7567	7.21359	2.91789	21.6734	10.6534	1.2316	43.4579	1.57261	3.94951	4.1405	5.1452	2.11806	12.3747	3.96738	3.97028	18.6887	5.57126	2.17258	12.0879	
8.6027	2.50612	35.6044	3.3626	2.7757	9.47651	5.3216	2.52722	12.7725	4.38374	2.29675	19.1381	7.49922	3.99201	28.8409	3.91038	1.23592	17.7672	2.05028	2.41258	6.18789	1.02745	2.62326	2.95478	2.67139	2.00775	12.8443	6.61026	1.59383	23.1652	5.31536	1.00951	18.6483	4.48198	2.20263	9.55104	7.71936	2.46773	34.9599	5.23732	3.06995	24.6899	1.25124	2.16516	2.57148	0.194813	3.07476	0.938413	1.84384	3.41788	6.07973	3.25591	3.62925	15.8741	7.46951	3.90996	31.0923	8.2544	1.64147	21.164	5.26536	3.81273	26.0327	5.5004	1.8257	18.129	
6.22796	2.95601	24.6379	1.73604	1.21108	8.17126	2.85579	2.80394	7.13521	6.46484	2.58829	16.5855	4.87916	1.56573	15.0713	1.50221	1.71061	6.8307	3.33676	1.47924	8.63651	3.26507	2.6153	14.2104	2.74881	3.18972	7.98023	6.37784	2.0437	23.9508	6.16659	3.40345	26.7017	5.25489	1.31696	22.9085	6.15753	1.10892	15.0397	3.48291	3.67183	13.9599	2.60217	2.75482	12.6984	2.78781	3.11596	8.43496	2.8434	2.37946	13.7263	5.81771	1.34069	18.8207	5.51406	1.48761	12.6231	7.39841	1.11679	33.7023	2.57829	3.14545	5.97568	5.13592	3.28057	22.5317	


# This instance was randomly generated with the following parameters: 
# SIGMA_MIN=1
# SIGMA_MAX=4
# CAPACITY_OVER_DEMAND=1.5