6	12
165.768	713.797	47.8211
22.768	1102.06	118.632
67.0179	381.042	12.4009
159.012	1245.75	138.835
79.0895	1168.56	115.863
47.9471	573.675	30.8612
29.9497
44.4288
28.4073
11.7501
13.9868
4.47869
5.55551
48.3322
9.91604
10.1672
19.1054
6.12852
8.22667	1.87163	16.7907	5.06419	0.97816	17.6478	5.20451	1.06687	13.8693	3.77291	0.637402	18.6257	5.80594	1.4856	28.7384	1.30802	1.49984	6.38392	3.90582	1.67827	13.8785	6.11057	1.62791	27.2697	2.68161	1.64588	8.9344	3.34671	1.61168	15.476	5.4389	1.80523	15.5146	5.437	1.64853	11.5136	
9.53638	0.955786	34.4454	2.77943	1.30472	10.6405	3.29301	1.71689	14.3218	7.12617	1.23983	23.766	6.98408	1.39536	27.6733	3.31638	1.27781	10.2374	2.782	1.8272	10.459	8.22027	0.694025	32.4948	5.59225	1.82497	13.7464	2.97264	1.97667	7.8039	8.77124	1.86964	34.781	8.70015	0.968782	23.2382	
3.62246	1.05556	10.4542	5.12678	1.26084	23.9448	4.66729	0.960367	15.6321	5.81031	0.575158	24.5231	1.0871	0.794269	2.96761	3.49903	1.53268	15.6451	3.69816	1.15147	7.98213	2.60866	1.14226	7.45287	3.26058	1.15386	7.35182	3.12149	0.785384	11.233	6.42337	1.54825	28.8864	5.80608	1.81263	22.0031	
6.81004	1.01988	22.7315	2.76994	1.05175	12.5472	2.70344	1.4647	11.1202	5.77889	1.06155	16.6497	4.25002	0.597303	12.2542	1.5795	1.06628	6.24222	1.32002	1.47379	5.87829	5.52772	1.85849	18.9658	3.54067	0.644267	16.2823	0.669056	1.8292	1.34307	7.13219	1.40894	18.5455	6.84127	0.674441	26.0701	
6.09099	0.570693	23.1178	2.65543	1.10166	7.42322	1.99728	1.63934	9.68547	8.92697	1.4043	29.0013	4.18622	1.11855	9.09161	5.05981	1.13633	18.8548	2.52658	0.905929	11.8846	6.40359	0.702352	21.9869	6.37364	1.58514	13.0231	2.91022	1.87313	8.19608	9.95522	1.25415	45.8166	9.45919	0.889023	41.461	
7.90961	1.71275	16.2085	2.5719	0.517959	8.5203	2.77259	1.87685	9.27679	6.07258	1.05941	20.4441	5.34984	0.650988	12.7401	1.90069	0.684102	6.43282	1.64606	0.674517	6.20541	6.55947	1.89305	15.0812	4.16132	1.97465	11.4661	1.47473	0.976549	3.60565	7.58643	1.59517	33.9246	7.40266	0.743091	26.4931	


# This instance was randomly generated with the following parameters: 
# SIGMA_MIN=0.5
# SIGMA_MAX=2
# CAPACITY_OVER_DEMAND=2