6	12
36.1292	1296.39	156.542
167.074	918.154	73.1203
174.138	1252.45	156.113
89.1404	936.821	77.0087
70.8995	982.15	89.1845
6.12901	798.556	53.7429
4.42004
4.50872
7.68295
1.40628
7.89189
0.0478925
7.81757
6.19297
5.43268
0.712712
7.83455
6.62288
2.76454	1.89793	7.91653	2.08271	1.12223	8.3966	7.12817	1.54571	27.9989	3.15914	0.602855	13.4053	2.78186	1.30173	6.96364	5.71844	1.08535	24.865	9.13404	0.640801	19.2396	4.13958	0.551916	17.8385	6.01842	1.17085	20.5107	5.88572	0.976703	18.1082	2.07118	1.05043	6.64693	0.508338	0.557059	1.18941	
5.58971	1.76541	21.7888	5.17332	1.73091	23.607	7.0916	1.03283	28.1917	2.41066	1.86727	7.88483	5.65796	0.87969	24.2281	3.92454	0.87919	9.09831	7.83762	1.15829	31.2654	6.97443	1.58372	27.7797	8.08399	1.67911	32.979	2.9399	1.51772	9.38693	3.33997	1.84642	10.4281	3.83876	1.42884	14.6503	
6.81604	1.18327	14.1204	6.3737	1.66108	31.2085	7.99913	1.36758	23.0337	2.6384	0.534422	13.1309	6.88171	0.796791	14.9769	4.47192	0.861718	22.0908	8.33147	0.686475	37.3212	8.20585	0.714628	31.7259	9.29832	1.52863	46.2861	2.87671	0.508734	6.4969	4.57305	1.86611	17.1991	4.97761	0.973262	13.2873	
3.01876	1.88487	12.1064	2.78188	0.80809	13.8355	5.43522	1.5463	26.3718	3.81481	1.92476	8.63285	3.10305	0.987095	9.96094	3.83902	1.71138	11.6532	7.22994	0.683621	14.9722	4.35512	1.7515	12.5113	5.45119	0.910858	23.5638	4.35626	0.504649	21.7038	0.671358	0.766453	2.32699	2.01513	1.00331	7.85199	
1.07165	0.89613	4.43977	1.53542	1.08883	5.94162	6.53218	1.1486	13.5124	6.77067	1.05345	16.829	0.983987	0.670603	2.16757	7.23284	1.42541	35.5245	9.45945	1.3277	29.4288	0.682612	1.59854	2.77987	3.18996	0.967203	8.46584	8.33837	1.04304	39.8523	3.53164	1.42103	15.3972	3.10882	1.92854	14.3989	
8.05351	1.85544	38.653	7.65658	0.787794	22.286	8.51211	0.780197	34.2355	3.8378	1.81075	15.1726	8.12583	1.83987	25.0554	4.69924	1.86274	12.1359	8.32601	0.802356	33.4625	9.42321	1.93142	23.4694	10.3332	1.86161	39.9052	2.65807	1.89849	7.66749	5.71919	1.55771	23.5269	6.30234	0.760231	29.1435	


# This instance was randomly generated with the following parameters: 
# SIGMA_MIN=0.5
# SIGMA_MAX=2
# CAPACITY_OVER_DEMAND=10