8	16
21.5311	1336	153.732
83.2677	1161.81	121.45
25.7883	1073.72	110.768
4.68368	1235.5	131.461
88.7363	1097.96	110.164
94.1649	620.973	38.5053
107.814	876.564	67.7764
84.7899	883.5	74.5386
0.0378632
1.62691
6.42398
8.05786
6.13561
2.91353
2.36904
11.6697
8.3346
4.25261
4.86287
4.11017
8.91885
9.28381
1.6808
0.161323
5.40945	0.482207	18.5345	8.17874	0.942893	30.232	8.75634	0.153711	18.8876	10.3035	0.735874	20.7295	3.48804	0.751608	11.2674	8.86784	0.358394	21.3421	2.78818	0.363215	13.3111	8.60574	0.570506	29.7339	6.53978	0.427952	13.8649	3.87388	0.159293	13.3213	4.5007	0.488128	19.8586	8.6899	0.394941	41.1805	4.10468	0.463344	14.8525	7.62892	0.190184	18.0288	3.4449	0.898175	9.99405	2.31434	0.477841	11.3636	
9.0432	0.582154	33.113	4.99835	0.421475	14.2613	6.61075	0.186349	20.212	8.83979	0.881334	27.1311	5.34004	0.209857	21.8739	6.40558	0.586539	16.7422	2.69675	0.672864	9.33746	3.91955	0.5344	16.1041	1.28069	0.466845	2.98641	2.4067	0.824697	11.2411	1.47125	0.159869	4.9945	6.09188	0.689763	17.792	1.43588	0.75131	6.07361	2.93505	0.822944	11.9979	2.18258	0.274668	5.44935	4.41514	0.21369	16.9019	
6.6847	0.336863	16.8802	3.26502	0.709901	14.9665	4.16551	0.257381	12.7178	6.1681	0.492017	14.3429	6.77647	0.922764	14.138	4.14649	0.605308	15.169	2.48792	0.491997	11.9256	4.14759	0.637906	9.44782	3.48871	0.512141	17.0808	1.2912	0.467268	5.08616	3.94189	0.201351	10.6087	3.9118	0.346593	14.0955	2.10121	0.899062	4.69088	3.35474	0.305381	11.641	3.78898	0.440993	16.0907	5.43709	0.588176	13.6712	
6.62623	0.85544	20.6573	3.64101	0.931627	9.68952	1.98425	0.774178	6.88469	2.12224	0.766225	6.87302	10.9176	0.291921	30.2467	2.48222	0.811487	8.45095	6.65001	0.695104	23.7587	6.29718	0.103765	30.6018	7.38533	0.514289	31.8563	5.64235	0.644179	11.8629	8.3926	0.759964	20.482	2.6868	0.271008	6.54852	6.5532	0.491962	18.3331	6.1761	0.407493	18.1731	8.18918	0.611009	23.7945	9.50825	0.121524	25.2811	
10.3389	0.807768	37.3975	6.54934	0.58029	21.4353	8.25521	0.488248	38.5959	10.5076	0.357318	46.3315	4.87087	0.790452	14.5803	8.01855	0.330016	30.4807	3.81692	0.855185	14.2666	4.98082	0.597097	18.153	2.18173	0.741057	4.41495	3.9337	0.857875	9.83234	1.43586	0.80957	5.05545	7.69588	0.854476	33.1959	2.87638	0.380404	7.46815	4.12043	0.130806	8.52696	2.48394	0.880582	7.6142	4.38185	0.483482	10.8749	
6.73097	0.935629	26.2496	6.48924	0.907182	24.3195	7.47255	0.265403	19.6151	9.35809	0.753389	26.5368	3.49102	0.691927	8.71985	7.46914	0.293875	27.0496	0.836105	0.597945	2.19405	6.47432	0.372261	18.9171	4.25597	0.427771	15.8238	2.05139	0.870933	9.43139	2.34311	0.166216	5.51341	7.23216	0.268099	14.5231	1.89667	0.708646	6.28875	5.47467	0.965966	17.2095	1.36435	0.45183	4.20258	2.11819	0.494969	6.82374	
8.19938	0.109701	19.4093	2.34825	0.978047	8.18981	0.389723	0.599267	1.81077	1.90808	0.106202	6.23877	11.2206	0.271031	45.6416	0.841002	0.228136	1.7708	6.90722	0.198784	19.7324	5.01404	0.878375	20.9631	6.6691	0.616806	31.7494	5.74339	0.721687	17.0053	8.19044	0.83692	32.6949	1.14608	0.91893	4.22695	6.46008	0.116847	17.7241	5.13018	0.787076	12.1342	8.21229	0.398343	38.0359	9.85887	0.532368	34.7481	
3.08741	0.698978	14.03	5.99573	0.363199	16.8103	5.16448	0.718717	14.6639	5.58276	0.735643	22.7662	9.02417	0.779751	39.992	5.56135	0.701564	18.9252	5.39285	0.230352	11.0464	8.11244	0.419023	23.8125	7.93441	0.876273	23.6004	4.9798	0.872021	10.7148	7.76493	0.754231	20.2367	5.6084	0.187981	22.8782	6.03679	0.951238	26.3073	7.55932	0.540882	25.7142	7.13471	0.850891	23.091	7.63704	0.557617	32.5958	


# This instance was randomly generated with the following parameters: 
# SIGMA_MIN=0.1
# SIGMA_MAX=1
# CAPACITY_OVER_DEMAND=10