8	16
50.3884	685.731	45.1591
137.969	1007.57	86.0015
159.912	1226.27	137.682
134.269	509.716	22.9279
90.6939	830.655	59.8791
10.293	1049.51	104.867
36.6016	1068.46	100.764
72.0628	1224.34	130.863
7.00892
7.40784
3.81205
4.90232
10.6918
7.27776
16.4155
1.36645
11.855
7.4857
11.9193
10.6267
12.0747
1.67992
12.821
10.2838
8.05466	1.04461	33.5474	4.38485	3.35243	15.4797	1.85112	3.49428	9.07993	8.94737	3.79175	39.0041	3.48905	1.18303	11.6199	4.20742	2.2757	11.4846	4.77636	1.59404	21.6391	8.59687	1.26335	42.6961	8.85537	2.50376	23.377	3.66058	3.29222	14.9153	6.24291	1.65569	29.0858	9.64852	1.98684	24.8961	9.12582	1.62746	43.9991	5.14693	1.99483	25.6949	4.82614	1.29534	18.0448	1.13105	1.1288	5.15992	
3.91407	1.24433	15.3565	7.3323	3.03443	21.6407	8.25506	1.88222	22.8871	0.62902	3.93379	2.12482	7.42928	3.22928	16.9153	7.29963	2.99176	24.4508	7.17372	1.4822	16.3837	3.7966	3.92934	16.8106	1.49493	2.88405	3.02975	6.96698	3.13157	31.0025	3.62534	2.46225	9.2544	3.49985	1.57342	7.24844	0.584092	2.79999	1.476	3.92804	2.81915	11.9901	5.54089	1.01503	12.153	8.08378	3.86933	39.1033	
2.24213	1.33269	7.75871	7.64004	3.37337	22.2339	7.41181	1.21102	16.1873	1.06487	1.46475	4.5911	6.33229	2.51136	23.095	6.07857	2.791	25.4555	7.56735	2.09428	30.967	2.1317	3.17022	8.75837	0.359288	1.40544	1.70625	5.87611	2.31211	12.6516	2.44458	1.10818	10.1484	2.06383	1.14129	5.3083	2.23104	2.92736	8.02919	3.55469	2.08732	9.90152	4.36345	2.12693	8.85357	7.44485	2.34028	24.334	
6.59306	3.30062	20.31	1.80599	1.82506	6.42323	4.7053	3.97653	9.78641	5.79496	3.52666	17.3713	5.16855	1.67332	16.4422	5.62586	1.40127	18.2363	1.81826	2.16983	5.53282	6.98357	1.78787	32.0751	6.08739	1.38094	28.4137	4.89114	1.72991	19.2663	4.54138	1.37227	14.4429	7.65344	1.91871	18.0678	5.50156	1.32261	12.0684	2.57218	1.85449	8.42111	4.66501	2.96043	18.4655	3.89114	3.06677	14.2507	
5.5343	2.9308	18.4996	6.52142	3.65197	14.7548	8.64823	2.47759	28.813	2.41781	1.06334	8.13356	8.14681	1.03563	20.8556	8.16798	2.70265	36.1587	6.28007	2.75558	15.2968	5.50234	1.94893	21.5347	3.26815	3.70599	9.46658	7.69844	1.34648	32.3008	4.71578	1.82412	23.3739	5.30563	3.21026	11.7064	1.23594	1.75831	3.26438	4.21728	3.65625	8.74435	6.44904	1.90098	31.2517	8.25658	1.15084	17.072	
6.95822	2.70897	16.5626	6.06296	3.989	13.7083	0.780565	2.12198	3.51517	8.62672	2.23554	30.6376	1.82705	3.59543	9.05146	2.44349	1.90819	7.12775	6.41178	1.32589	23.9678	7.51644	2.81046	17.3466	8.32623	1.859	21.7142	2.20608	1.639	7.65742	5.53074	3.38582	11.4289	8.66091	3.98783	26.701	9.08918	2.16677	20.8017	5.15211	2.95929	12.8994	3.70847	1.84851	9.63403	1.72701	3.46684	7.06966	
6.39665	3.62427	25.7564	6.43753	2.78568	22.4312	1.12441	1.22614	2.45269	8.27607	1.43592	29.8772	1.24912	2.97225	3.30951	1.77307	3.80669	6.76723	6.76401	2.1901	19.7117	6.95339	1.42326	30.1865	7.91507	3.07112	19.8251	1.68741	2.351	6.64435	5.11228	1.89052	12.2628	8.11323	2.52584	30.7211	8.82243	1.24958	19.6279	4.98669	2.32697	24.5687	3.21704	3.66321	13.8774	2.18579	1.53262	9.02722	
5.88865	3.51383	25.1786	4.09062	3.14283	16.2478	6.84843	3.5558	24.428	3.80652	1.45306	8.96956	6.74176	3.78306	28.127	6.95753	2.82376	21.4971	3.86011	3.83577	8.74857	6.08581	1.34642	27.7209	4.402	1.15961	20.0574	6.34196	1.71397	17.2588	4.274	2.47376	19.5125	6.3547	2.34088	12.8165	3.10955	2.77157	9.14736	2.81411	1.6407	9.96057	5.44834	1.94084	25.1437	6.26459	2.35881	20.5257	


# This instance was randomly generated with the following parameters: 
# SIGMA_MIN=1
# SIGMA_MAX=4
# CAPACITY_OVER_DEMAND=5