8	16
84.2176	554.815	30.3497
129.023	820.582	62.4299
78.9407	1069.84	104.782
43.82	1118.98	103.828
121.378	617.525	35.615
147.893	997.96	93.2978
34.8889	872.769	67.9571
78.4839	850.369	61.8393
5.4538
29.9119
9.50204
3.07414
17.8865
41.8453
3.3793
38.7604
39.3433
20.8407
33.4295
3.60632
4.24106
14.1784
12.1454
2.45148
1.15354	0.981876	5.74186	0.994305	0.661639	4.88823	5.64451	0.7507	14.5587	1.93394	0.969826	9.39242	5.99978	0.201189	22.7621	2.10134	0.257885	9.59647	3.05273	0.785494	14.6158	2.06602	0.912254	4.55306	4.52906	0.577965	17.7288	3.41536	0.700331	14.6217	6.0533	0.187791	25.1053	2.58183	0.918972	5.67208	4.20868	0.133804	10.0559	1.3051	0.64249	3.57164	3.19605	0.20774	9.90656	3.51677	0.325117	11.8708	
3.2184	0.59081	10.4255	5.21522	0.75691	12.6142	3.64586	0.504251	12.0521	4.27302	0.513258	8.65142	4.99034	0.661989	24.8141	5.82383	0.180203	25.4302	7.21515	0.886593	35.3474	2.43156	0.650384	7.22092	7.01755	0.651171	33.3957	5.88408	0.787031	15.3207	4.2245	0.716428	18.186	5.67878	0.837429	25.185	0.096519	0.8623	0.443257	4.91942	0.236597	21.0003	4.46401	0.185604	19.2333	1.03727	0.555478	2.84417	
3.09407	0.68519	11.209	3.58545	0.28803	8.11465	2.7205	0.419792	10.5587	1.54791	0.917424	6.74376	7.65626	0.357719	31.0509	3.29243	0.414338	14.9989	4.97351	0.151906	21.4296	1.83842	0.52006	7.67266	3.54949	0.887488	7.12055	2.51772	0.893163	10.2917	7.23888	0.377288	32.0186	5.6698	0.332923	14.7644	3.56827	0.330827	8.1451	4.42398	0.668922	11.407	5.66288	0.344756	24.2224	2.51092	0.488084	10.2883	
3.27836	0.737688	11.6808	5.34355	0.27386	23.8673	6.22782	0.782148	19.5619	5.4416	0.881655	27.0046	2.38691	0.175075	10.2808	6.44529	0.77011	20.3264	7.36744	0.349368	17.1164	3.66021	0.828337	13.4385	8.41926	0.337925	17.4376	7.22232	0.353241	35.77	1.84407	0.15331	5.53433	4.46521	0.213824	13.3072	2.53331	0.449557	12.3817	4.31506	0.659712	14.7054	2.64628	0.513475	12.3229	3.20295	0.73282	8.92637	
4.48195	0.13542	21.7632	5.82099	0.771751	20.7035	8.88849	0.766708	27.2464	6.88757	0.416016	15.2346	1.67406	0.350132	4.64639	7.1891	0.33048	23.9905	7.46288	0.132907	30.7398	5.59878	0.577569	24.1215	9.70014	0.226658	25.5561	8.55911	0.905907	38.6634	2.65798	0.841247	11.5071	3.59408	0.187145	15.9076	5.37511	0.879992	16.8455	4.31836	0.107808	10.0086	1.98496	0.308207	9.78691	5.78364	0.66058	21.8133	
2.98144	0.737281	8.65901	4.28891	0.555682	13.7602	7.712	0.891575	35.4477	5.36509	0.210956	19.8105	2.67817	0.165622	13.3448	5.64777	0.398416	27.6262	6.00951	0.55581	16.3083	4.2074	0.892944	20.2307	8.153	0.620204	34.0847	7.01672	0.481295	14.044	3.22373	0.706486	7.65728	2.31706	0.285778	8.15043	4.48022	0.69909	12.5065	2.81565	0.214487	12.1064	0.442106	0.849264	1.10706	4.65309	0.840945	15.485	
6.20008	0.571592	17.2852	7.11324	0.55248	30.9565	1.00811	0.536158	4.49527	5.07014	0.294136	17.3577	9.5729	0.259665	37.0022	6.74456	0.456784	27.2145	8.43004	0.740409	22.6527	4.74524	0.695345	22.6625	5.98142	0.837113	17.5723	5.43206	0.906201	11.202	8.79511	0.366626	41.7924	8.96122	0.383939	41.2691	4.67635	0.477342	19.7834	7.79081	0.104316	34.8923	8.47404	0.790543	29.2033	4.10489	0.745497	8.84286	
1.14283	0.654545	3.53089	2.45895	0.561198	8.36607	4.13834	0.423353	11.819	1.65003	0.673101	6.59095	5.87852	0.215336	16.808	2.99204	0.911642	13.7929	4.39108	0.990474	19.4792	0.463822	0.794947	1.80838	4.62267	0.445028	17.5016	3.42636	0.548321	15.7984	5.62567	0.112399	15.2696	3.85828	0.939578	12.1285	2.81677	0.504202	7.77962	2.70471	0.399503	6.8204	3.69768	0.574156	16.8298	1.97291	0.397512	5.51767	


# This instance was randomly generated with the following parameters: 
# SIGMA_MIN=0.1
# SIGMA_MAX=1
# CAPACITY_OVER_DEMAND=2