12	24
69.7168	693.15	45.4384
129.536	521.569	25.8588
70.6664	454.577	17.4602
129.584	1296.43	143.135
9.69613	843.99	67.65
127.185	1173.59	137.417
131.404	1165.63	135.838
20.4926	598.084	31.1022
100.222	1232.74	142.673
117.674	910.705	72.5232
8.92497	921.805	78.4769
98.6963	1147.67	110.263
1.89922
6.80841
0.645999
1.9241
7.57918
6.10196
6.2771
1.67519
1.75396
1.87312
3.01279
6.10403
6.99793
7.58708
6.07216
0.700585
5.04517
6.34314
6.18279
2.45708
4.73289
1.83167
5.1199
2.05802
1.02688	2.05993	2.06202	6.59816	1.26403	26.0609	7.42415	2.45025	34.2046	4.2707	2.53947	14.9729	2.70243	2.84284	8.65829	4.35058	1.76322	17.2324	8.43956	3.06218	26.9683	1.77652	2.59795	8.22514	7.9776	3.98437	18.0023	5.67666	1.30848	27.8018	2.00899	3.42574	7.49636	1.86407	2.94362	4.51128	6.7157	3.5003	31.2431	0.408603	3.2937	1.01932	9.87644	1.12685	27.3975	3.96466	1.82825	11.1732	4.16515	1.57206	13.952	3.00477	3.18281	11.4995	6.24261	3.37508	22.2257	6.71942	1.33391	27.6265	8.81502	1.09438	42.5026	7.49217	2.55362	27.2581	8.43367	3.17333	31.9605	2.69127	2.86517	9.58371	
5.26202	2.3664	21.6001	4.6501	3.82058	10.326	1.60327	1.21299	7.96442	1.9706	2.83023	9.31827	7.60836	2.35484	26.7715	1.86196	2.12675	5.65671	3.286	3.19345	8.52758	7.10051	3.45664	22.2467	3.06249	2.02271	12.153	3.45455	2.86527	14.6512	4.05708	3.37365	15.9661	5.04923	1.73328	10.7282	5.17522	2.70526	11.0858	5.76094	1.23119	15.1837	4.62349	2.33349	19.1436	2.63701	2.87034	13.0565	5.4011	2.85513	15.0091	4.26484	3.16172	9.42319	0.671954	2.74386	2.59716	3.06451	3.69992	15.0716	3.28054	2.31798	6.82307	4.11221	1.2313	15.6307	3.60137	2.68989	13.6236	3.50491	2.32224	17.0712	
4.07326	2.74315	16.6593	5.25243	2.10105	23.2154	8.01699	1.27436	22.575	6.02788	1.81409	27.2019	5.81179	3.62191	28.3578	5.29635	2.33713	13.6774	10.2031	3.67474	46.5276	1.864	1.7136	6.49416	7.81627	3.16064	39.0288	8.17899	1.04335	30.0935	3.82667	2.52223	8.35505	2.3949	2.22337	4.82736	5.09311	3.37825	10.5933	3.63498	1.38225	13.2834	9.60351	1.3219	29.8668	4.50386	3.96494	15.4187	7.31259	3.57849	35.313	2.87401	3.77092	12.716	7.60092	2.58875	22.4915	8.931	2.14701	44.297	8.92095	2.81589	42.4213	9.88915	3.04475	25.9597	8.11601	2.05822	37.0383	4.91328	2.85276	11.9149	
5.89668	1.98046	15.9244	1.77504	3.49733	6.63992	5.79961	1.85198	12.362	5.65176	3.64507	19.8682	8.41818	2.98429	36.6042	4.34618	2.54254	13.855	8.93396	1.95345	19.189	5.15773	2.39317	21.9625	4.90697	2.33128	24.1826	8.16649	1.82584	37.442	4.72447	3.76579	12.0535	3.88998	3.42266	10.7886	1.45137	3.37647	5.50164	5.8264	2.47384	28.9757	6.4223	3.52967	28.0021	3.59236	3.5751	15.2692	8.51739	3.21955	36.6374	2.96836	2.46891	6.84066	6.3013	1.48351	14.5075	8.4005	2.22264	34.6697	6.10395	2.59506	23.3331	9.47834	1.49632	27.6496	5.03499	2.59048	23.4183	5.51675	1.05011	15.8889	
2.7331	3.41955	13.1467	3.9471	2.60706	11.9926	5.62025	2.783	27.5126	3.54362	2.48567	15.7914	5.29209	1.21416	18.9419	2.76931	2.60724	10.3699	7.67202	2.68103	21.1505	2.75116	2.76909	6.44523	5.7225	1.60532	13.9001	5.84822	3.9024	28.1046	1.69691	1.14588	5.65339	0.806901	3.51583	3.72832	4.05829	3.28979	16.054	2.69301	2.91511	12.7949	7.60148	2.83888	24.0569	2.00804	2.5235	7.55048	5.55086	3.71303	27.2558	0.42916	2.053	1.03079	5.06874	3.28784	18.0112	6.47822	2.71552	14.2819	6.7215	3.62103	16.6422	7.47637	1.86957	33.8117	6.11295	1.40009	19.7824	2.70052	1.34574	12.0374	
2.54139	2.55949	6.24357	8.42489	2.09307	21.5135	7.34395	2.86742	20.9725	3.83226	3.23002	11.2511	2.48627	1.74531	5.4219	4.86677	3.88714	18.3375	6.8079	1.0987	21.678	5.12287	2.45067	24.4505	8.55878	2.88241	33.6786	3.47101	3.63435	7.3897	3.44049	1.46242	16.8682	4.54979	1.05447	20.2944	8.72676	1.44863	31.446	2.99092	1.34025	8.17324	10.3093	1.56324	45.2268	5.08478	2.55284	18.6826	0.957713	3.91001	3.63661	5.20282	2.57208	21.5397	5.55837	2.10418	22.5251	4.75011	1.63412	19.1112	9.0059	1.57375	18.1824	5.13074	3.73582	17.1776	9.09281	3.9511	30.3746	2.81378	2.85777	5.8683	
2.27661	3.57361	8.38519	4.22507	3.24591	17.7482	5.04169	2.87018	23.2343	2.60487	3.3387	7.50018	4.96256	2.17187	14.9198	2.01954	1.71381	9.85413	6.79525	2.83037	17.2234	3.24676	3.4548	14.9274	5.42258	2.05778	19.8606	4.88337	2.87425	16.3382	0.921019	2.11272	1.9207	1.17703	3.4847	3.42369	4.44961	2.26989	15.8218	2.45662	1.40883	5.26525	7.32246	3.87968	18.939	1.43274	2.76041	5.44628	4.72414	2.59531	19.327	0.888584	1.68232	3.78692	4.25059	3.91096	10.6807	5.52772	1.12537	16.1982	6.31214	2.28707	30.8668	6.51692	2.55105	15.4802	5.86834	2.98287	12.0591	1.77962	1.99058	8.58808	
3.11585	2.91774	6.63598	9.27088	3.24059	23.6637	8.25951	2.76434	16.7031	4.75345	3.09609	14.3372	2.11542	2.79046	5.37115	5.77451	3.62025	27.8215	7.57329	2.34427	25.7278	5.44539	2.38759	23.3057	9.47922	3.45345	38.0664	4.20949	3.03107	11.8507	4.21277	2.36639	19.8429	5.18772	2.862	22.9494	9.55277	3.62485	44.8349	3.44171	2.72711	8.87279	11.2302	3.35892	51.651	5.95796	1.05454	13.312	1.5222	2.55333	4.05637	5.95245	3.79299	23.6422	6.45718	2.87457	20.359	5.49345	2.98349	26.5273	9.92458	1.29622	35.3219	5.75365	1.85896	20.3059	10.0128	3.80017	41.6991	3.69046	1.15626	8.71715	
4.15051	3.48024	13.4236	2.36349	3.58794	5.18553	4.12082	3.36907	16.5996	3.27503	1.83746	10.4369	6.83406	2.03986	29.2196	1.98665	1.78662	5.27314	6.78832	1.3907	13.8247	4.5525	2.10081	11.0136	3.94895	1.17077	17.5901	5.78976	2.6033	27.1806	2.75743	2.16027	9.98739	2.59526	3.04433	11.1533	2.64019	2.73394	12.8032	4.29531	2.72951	16.1292	5.80646	1.45328	25.1098	1.21667	1.13795	5.27383	6.30988	2.5079	18.6712	1.40137	1.44506	4.63892	4.10971	2.21086	15.0602	6.06092	1.0942	24.3167	5.00757	1.93224	12.3484	7.13287	1.18906	21.0766	4.31267	1.74442	15.8931	3.30866	2.70884	9.46615	
6.11206	1.86665	17.6028	7.10885	3.04533	14.5031	3.35705	1.83441	6.72514	2.9717	3.65476	6.58015	7.83381	1.66489	25.4891	3.84616	1.56219	8.4678	1.36934	3.31429	3.51636	8.51379	3.47762	40.6526	5.13591	1.03088	25.5487	2.13045	1.15127	4.50772	5.3551	2.46648	18.8441	6.66269	1.70497	17.7268	7.63281	2.85336	31.7599	6.71548	1.40002	28.8734	6.23129	2.53147	13.1625	4.69356	3.99003	17.9737	4.79438	3.33424	20.1099	6.19372	1.5087	22.8283	1.78692	3.23337	5.63845	0.975819	2.6288	4.11829	4.86671	1.26309	14.7909	1.77624	1.23291	5.92898	5.62534	3.75472	11.7987	4.41105	2.86537	9.68937	
2.69844	3.1397	13.4684	6.87732	2.08572	19.4481	5.29768	3.39541	24.867	1.85015	3.16359	7.92928	4.21146	1.49226	19.0204	3.07037	1.14157	6.94182	5.00137	1.41057	11.1379	5.38849	3.64006	19.4805	6.58727	1.55923	25.9965	1.95418	2.38578	7.74408	2.59856	3.60193	7.38923	4.01974	2.18386	10.0209	7.2562	1.7143	27.635	3.32176	3.24963	13.8269	8.29099	1.21771	29.8834	3.5141	2.71778	8.8185	1.78277	2.97172	8.39436	4.1957	3.19373	17.3409	3.50303	2.45301	11.0128	3.07746	2.96398	7.922	6.96996	1.33952	24.6511	3.77205	2.92702	13.4908	7.12734	2.49301	22.5973	1.54177	1.94529	6.90942	
5.72313	3.48104	17.184	4.08058	2.25664	20.0233	7.79473	2.94468	27.9846	6.74607	1.23825	15.6484	7.79761	2.15471	28.6963	5.66625	2.21738	11.5329	10.5789	2.44869	23.1347	3.94425	1.94133	16.0627	7.13072	3.78456	25.8985	9.15942	2.83004	21.0444	5.02107	2.97141	24.3825	3.7033	1.00935	17.3392	3.73975	3.06489	11.6612	5.41515	1.92326	13.4302	8.71724	1.92104	32.597	4.81913	1.06909	17.0619	8.82241	3.86457	41.1802	3.45779	3.22045	10.4146	7.89884	3.42437	23.3818	9.67293	3.64392	28.767	8.31608	2.65817	23.9838	10.7114	2.06617	33.7423	7.30403	1.92877	23.8985	6.05212	3.5537	27.5289	


# This instance was randomly generated with the following parameters: 
# SIGMA_MIN=1
# SIGMA_MAX=4
# CAPACITY_OVER_DEMAND=10