8	16
53.1845	728.591	48.8019
121.145	1322.9	152.457
31.5233	349.228	10.6889
55.4761	1208.16	129.271
67.1977	1059.45	104.565
163.565	1006.85	91.9002
21.9736	1055.5	108.433
79.0313	794.609	56.5699
16.8366
4.44489
14.8542
34.2853
24.8483
21.99
36.8885
13.9906
17.2325
30.4309
10.2046
29.2085
32.7264
24.1081
14.2065
25.0873
2.45406	1.31111	12.237	6.72355	3.33818	26.4447	1.6615	3.22491	7.21354	11.3478	3.8465	24.7453	8.41837	2.84264	39.9555	1.34575	2.55931	6.70078	4.09954	2.22545	12.2688	9.89829	1.3071	20.5641	4.74324	1.98532	23.1488	5.13862	1.20097	11.3555	5.75066	1.08849	14.2435	3.72778	2.79689	9.73618	1.84717	3.17257	4.86966	5.93808	1.19578	24.1414	7.21997	3.27053	24.5567	5.97575	2.09751	24.5728	
8.85385	3.82876	21.8418	6.93648	2.76237	29.1837	9.62654	3.33912	37.9276	3.57535	2.93213	12.3753	8.3741	1.03575	25.2925	9.11343	2.70198	42.3793	7.36034	1.19104	23.0231	0.467842	2.89202	2.21808	5.8213	2.62991	17.9738	6.87271	3.66697	19.4933	5.02504	3.21225	22.4488	6.81078	3.60602	16.4869	8.61284	2.32246	42.1842	5.61897	1.34445	25.2043	6.28498	1.27555	30.9468	5.29373	3.34804	16.5605	
4.95045	2.58307	13.5238	6.15855	1.54858	25.1225	4.36635	2.15834	12.4584	5.886	2.49508	14.7179	4.91129	1.59276	20.8579	4.11946	1.42326	11.4252	4.42632	2.93261	9.95268	4.96617	3.63811	11.4213	2.81018	1.19815	7.91938	4.81405	3.33207	15.1115	3.2159	1.87263	10.7877	1.75498	3.95215	7.37533	3.61464	3.43731	8.34149	0.884295	1.79235	3.88885	6.04935	2.63538	12.1021	3.94044	1.80234	17.6642	
6.80685	1.09006	22.0141	7.89992	3.36276	27.5139	5.6301	2.93957	24.7514	4.66114	2.63059	21.8539	3.36806	2.66434	10.7099	5.65367	2.07594	26.7871	6.33171	2.78969	18.6837	4.98341	2.70137	9.97724	4.6672	3.53107	19.4264	6.66494	1.22788	17.6806	4.89676	3.45386	17.1281	3.49192	2.60427	8.61326	5.18366	3.83309	20.943	1.10793	3.97412	2.7982	7.69569	2.47503	18.7806	5.62205	2.20558	27.3775	
9.55731	2.63746	40.365	11.7062	3.25622	55.7189	7.02941	2.87717	16.9156	7.03806	1.02174	15.1044	0.762668	2.70814	3.25967	7.62189	2.08664	21.1497	9.68638	1.65391	22.9412	8.77053	2.9469	34.3574	8.30142	1.50085	30.044	10.2703	3.74117	36.4311	8.7757	2.01044	28.0025	6.41147	1.71155	15.2	7.33278	2.40133	30.5355	4.71172	2.93285	18.992	11.6098	2.76289	40.3048	9.50154	3.14228	41.4713	
4.57126	3.54427	17.6635	7.4793	2.62738	33.4335	2.25725	2.97143	8.92572	8.09703	2.21525	20.4063	4.66636	3.37374	12.7031	2.62004	2.76885	6.05506	5.03439	2.2065	11.7309	7.60451	3.76666	35.5065	4.16722	1.1769	15.6318	5.84323	2.34793	12.668	5.02244	2.92485	17.9612	1.92366	1.58284	6.71969	2.30375	3.84917	4.76513	2.62449	3.61137	9.01852	7.61822	3.53624	27.4438	5.63704	1.1307	11.6158	
5.74767	1.46727	17.9826	8.79838	2.01919	23.9073	2.9048	2.35436	12.2681	8.4448	1.06136	23.5377	3.93437	1.17073	14.7706	3.59241	3.32446	13.38	6.33818	1.19921	20.8239	8.45869	1.31374	36.3291	5.47146	3.96501	18.1476	7.16105	1.69958	20.1266	6.29552	2.62052	15.4456	3.23111	2.75331	14.6711	3.39913	1.87503	15.4891	3.30059	3.36798	14.2194	8.93018	3.20205	36.8668	6.92948	2.87506	21.6375	
3.47828	3.11673	14.4747	7.43184	2.34324	35.7824	0.226043	3.02029	0.737009	10.3553	2.87097	28.6876	6.85052	1.33183	18.2086	1.20385	1.71667	2.71625	4.73675	3.65415	18.7494	9.38071	1.09695	20.131	4.75988	2.35068	17.627	5.75174	2.43547	13.8052	5.78117	1.39412	15.22	3.03823	3.88492	14.6021	1.48095	3.17628	6.06971	4.84443	3.0449	16.8151	7.7976	3.33276	23.0426	6.18804	1.38522	23.1919	


# This instance was randomly generated with the following parameters: 
# SIGMA_MIN=1
# SIGMA_MAX=4
# CAPACITY_OVER_DEMAND=2