11	22
39.2086	1295.13	152.019
60.9085	418.995	17.0957
124.172	925.064	77.1461
161.207	1124.55	110.537
85.3081	461.807	20.2114
81.3153	1144.43	117.672
1.62775	1107.17	102.659
8.53531	902.922	74.3105
2.50571	927.784	83.8427
80.5964	1089.57	107.788
151.41	342.151	11.4507
26.44
5.10021
33.3467
0.653176
25.9404
15.1913
4.83338
27.2474
32.1818
23.6422
12.9389
12.5669
34.1701
4.04393
21.751
28.4232
30.0576
21.1177
12.1395
30.2201
28.2119
7.14822
6.18398	0.264864	17.2365	2.37683	0.145384	8.52545	3.44006	0.518594	15.9635	3.55659	0.412188	12.6334	3.20654	0.170636	7.48593	1.98175	0.153189	6.74954	5.1699	0.27984	15.6699	4.07163	0.32553	11.8817	2.89548	0.60228	9.80978	4.47645	0.659194	18.6961	5.65306	0.149588	14.7793	5.11521	0.64534	12.0141	2.7663	0.495221	7.1115	3.64843	0.959291	9.01383	6.90135	0.140496	34.4216	4.63727	0.37212	21.9921	6.10134	0.91766	24.7721	2.43458	0.994183	10.5816	7.85504	0.714297	37.147	3.25865	0.407992	14.2834	3.12489	0.310846	11.8979	2.45122	0.33176	10.1289	
7.04126	0.421849	31.0952	4.04174	0.747605	10.1716	2.04215	0.64232	8.2889	3.06723	0.211539	12.319	1.65682	0.455831	6.4912	1.20238	0.185545	3.48291	6.85364	0.112569	24.4762	5.08503	0.253113	11.1004	4.45951	0.398401	19.6022	5.97956	0.290521	24.5164	7.01049	0.783146	21.2277	6.69692	0.966516	21.6526	2.61546	0.907464	11.5067	2.64212	0.106994	10.3966	8.18513	0.324912	26.7627	6.2597	0.814297	19.9038	7.39877	0.165347	33.4699	1.19114	0.683065	2.82836	9.28905	0.413724	45.5135	4.3918	0.365334	18.7129	4.51409	0.398937	17.3353	0.864941	0.738231	2.04764	
8.10036	0.671504	24.0056	1.85385	0.679151	7.74835	6.68659	0.178289	16.9854	4.16348	0.259206	19.1298	5.5921	0.933161	18.2026	5.32697	0.453663	21.5216	4.21579	0.875211	20.2902	6.06222	0.362065	28.5059	3.82937	0.503518	14.1684	5.04763	0.60898	19.9757	2.32052	0.33574	5.93595	5.11726	0.227767	17.6138	6.03305	0.481829	15.0143	5.02708	0.918932	17.9502	3.5412	0.106186	10.092	4.4999	0.882216	21.3266	2.74221	0.623632	6.8189	4.68864	0.971568	18.2896	8.09994	0.468099	25.88	0.690609	0.590937	2.64725	4.57568	0.846683	15.979	5.55553	0.11514	21.1101	
6.48526	0.100279	20.0643	0.326698	0.928636	1.2093	6.08433	0.639894	29.1249	4.8724	0.305292	21.5379	5.59535	0.846967	21.1096	4.57572	0.976515	17.8678	3.01488	0.71888	11.7184	4.47961	0.122344	12.9469	2.20935	0.99682	10.3964	3.45352	0.521727	9.7085	3.38863	0.266708	16.5511	3.62929	0.227061	7.45681	4.94008	0.583079	15.4308	5.48071	0.66809	13.304	4.6939	0.720815	10.4023	3.018	0.805528	7.73353	3.91862	0.161373	12.0815	4.70878	0.910784	15.8729	6.63082	0.384947	28.1664	2.11167	0.856324	6.54777	2.97241	0.630787	10.94	5.09982	0.135886	14.8795	
7.79315	0.222377	28.664	1.63193	0.209638	6.22979	6.95404	0.800385	15.6226	4.73781	0.300655	17.1273	6.03174	0.41627	13.2541	5.53047	0.172398	14.1795	3.63561	0.450701	11.0198	5.81305	0.131711	25.9861	3.52204	0.779476	16.4801	4.61292	0.261158	9.86521	2.13835	0.675496	5.48756	4.60862	0.329983	21.8649	6.10286	0.101328	19.3145	5.56351	0.124494	17.6579	3.42942	0.989993	14.1073	3.99419	0.316355	11.7794	2.63647	0.377848	13.1718	5.12385	0.744482	17.9735	7.56936	0.88386	17.9669	1.30396	0.320908	5.07739	4.29928	0.853638	13.7402	5.86277	0.210233	13.8875	
8.27335	0.394322	21.2539	2.09529	0.179241	4.75427	7.22753	0.340377	26.4937	4.68242	0.494653	13.6371	6.16077	0.620501	23.7954	5.84368	0.456677	28.3648	4.01158	0.24074	17.6475	6.28946	0.770011	14.9256	4.00172	0.882268	18.3578	5.0807	0.710979	24.8845	1.78654	0.114995	4.82565	5.04736	0.925803	21.2353	6.48727	0.539997	14.8083	5.57336	0.593071	25.791	3.04446	0.779431	10.6569	4.43613	0.910603	15.0924	2.24454	0.321458	9.00256	5.25745	0.644697	23.1629	7.98899	0.121718	22.2249	1.15996	0.505901	3.53764	4.77747	0.783513	18.092	6.10697	0.923757	21.3029	
7.8574	0.819033	24.403	2.45204	0.727194	5.65373	8.19173	0.51283	22.286	6.21551	0.671641	24.5013	7.46324	0.281805	32.4767	6.70057	0.389353	19.7618	2.80622	0.316581	13.2118	6.09699	0.577163	16.056	3.80558	0.487627	9.42059	4.40467	0.395259	12.0177	1.77771	0.919147	4.8945	4.10577	0.16969	17.8143	7.05115	0.346032	26.5367	7.04629	0.275055	32.2892	2.96228	0.458896	9.50231	3.54964	0.982408	8.623	2.32636	0.364673	4.8971	6.55599	0.986669	31.1233	6.86128	0.76413	25.9336	2.72567	0.815906	5.70235	4.59604	0.90788	20.5922	7.16248	0.552762	35.641	
6.52293	0.204005	31.5909	3.66402	0.942864	12.9638	9.11583	0.380085	30.8089	8.33014	0.119465	27.6232	9.03141	0.571826	34.7204	7.56334	0.15707	32.4662	0.989538	0.44167	2.06873	5.33346	0.292202	24.1724	3.59674	0.808406	10.7616	3.1193	0.259586	11.2406	4.20732	0.95862	15.2621	2.36265	0.686663	5.94005	7.40652	0.485706	29.8653	8.98252	0.969714	39.8437	5.10001	0.675879	16.0358	2.12596	0.292082	7.80572	4.68438	0.996242	19.6114	8.16699	0.503584	29.709	4.48348	0.356339	12.3385	5.08314	0.879654	19.6766	4.15644	0.412232	10.2976	8.31221	0.502662	19.2315	
5.45937	0.111414	19.9819	2.21891	0.929521	5.05587	7.41926	0.289978	30.3089	7.01497	0.639216	28.5746	7.4507	0.994583	33.2793	5.86815	0.256585	18.8898	0.902696	0.92099	4.23653	3.9105	0.762593	9.54974	1.92242	0.315073	4.26209	1.9552	0.265897	6.91369	4.24716	0.985766	14.7265	1.67191	0.65198	4.17615	5.71558	0.325112	17.9509	7.54944	0.174246	22.8782	5.41886	0.54372	21.5578	1.08399	0.218901	2.82755	4.79889	0.953419	12.2686	6.6133	0.793256	30.206	4.60148	0.90879	19.0624	4.13215	0.601949	17.4089	2.5642	0.50025	9.28991	6.64447	0.173864	25.7485	
6.55972	0.857851	20.2494	3.11627	0.220634	15.2238	8.67429	0.775023	31.7051	7.74229	0.446586	32.5354	8.49771	0.29111	42.068	7.12131	0.890542	21.7744	0.967885	0.676479	4.6296	5.19617	0.519825	13.1346	3.27524	0.459479	10.3314	3.06903	0.921979	13.5496	3.7269	0.441872	16.102	2.44417	0.269651	6.80736	7.05164	0.737454	15.5971	8.40953	0.605671	41.7595	4.70301	0.822465	22.1352	2.0653	0.574883	9.22947	4.22793	0.114911	12.9829	7.62499	0.88735	20.8595	4.88029	0.840717	13.8732	4.48572	0.923962	21.0522	3.90947	0.116222	17.9027	7.83137	0.1521	17.3704	
8.26031	0.799566	38.6033	2.01507	0.91874	5.24209	6.63583	0.597385	20.2887	3.96551	0.530553	19.6927	5.46525	0.917457	23.5462	5.3067	0.733449	11.347	4.44997	0.711129	18.3303	6.20631	0.106045	30.1627	3.99758	0.281298	14.1424	5.24875	0.984526	26.1118	2.39089	0.839573	7.56157	5.33698	0.597102	24.3342	6.06411	0.602081	22.2913	4.85077	0.326506	19.2554	3.57086	0.332371	14.2845	4.71945	0.318926	20.8372	2.77771	0.12598	9.04429	4.56612	0.236412	11.0072	8.3236	0.949865	38.3203	0.46201	0.624714	1.0482	4.73198	0.986643	20.0575	5.49013	0.371595	16.5447	


# This instance was randomly generated with the following parameters: 
# SIGMA_MIN=0.1
# SIGMA_MAX=1
# CAPACITY_OVER_DEMAND=2