12	24
77.4011	1035.24	95.7452
144.339	1140.12	122.156
9.0236	712.774	43.8245
108.999	1184.45	118.525
113.351	650.088	36.9175
29.469	1110.38	109.31
149.858	1288.04	145.584
14.0735	1121.77	122.899
78.4768	964.128	87.1758
69.782	851.264	60.7638
90.0739	817.232	66.6034
131.792	852.245	61.3621
8.22115
9.29249
10.0043
11.512
14.211
8.73966
13.6316
6.7041
5.27871
13.8318
4.72932
11.8425
3.23773
13.2523
12.8299
8.11208
1.35601
10.9356
9.61846
3.67992
3.01648
6.72737
11.7522
11.6563
3.68905	2.07093	17.4884	5.74778	2.6445	27.9758	3.17496	3.03272	11.0624	8.75154	1.66454	28.0303	7.32762	1.86087	30.7316	8.9207	2.38712	22.1394	5.59102	3.72941	12.4044	10.9241	1.25129	49.3417	6.5554	3.80449	14.6545	9.36299	3.79835	26.4294	5.50796	1.58623	26.5862	5.83166	3.56261	22.3282	9.91833	2.29874	39.3726	0.64322	1.39861	1.31666	5.88264	1.17426	18.4154	9.60125	3.59144	31.7066	6.64941	1.92972	29.0942	9.42443	3.10606	31.2398	7.89296	1.64315	39.1553	1.3826	2.5609	4.15557	6.13243	2.47195	24.012	12.093	1.61194	53.9077	8.51549	1.36431	21.3266	7.31583	1.83781	32.0607	
1.9285	1.80603	4.46654	0.58935	2.66235	1.34746	4.01977	1.56099	19.7367	10.1585	2.65545	46.922	6.03016	2.54226	19.7159	7.76992	3.46186	38.6833	5.25883	3.10285	23.0784	8.90441	2.5754	29.217	2.59036	1.1092	6.83296	6.58162	2.93065	30.3169	3.06325	1.93889	9.11885	7.85303	3.81568	17.3783	7.75143	1.14672	25.3173	6.22218	1.70597	14.2915	1.38111	1.33836	4.72244	11.0809	2.67914	51.359	6.0034	2.97634	12.6557	7.19883	1.44326	32.8458	4.36922	1.7129	10.9559	5.76572	3.8262	17.2862	7.49789	2.20847	15.512	8.55058	2.28849	32.4305	3.02603	1.79312	12.82	2.42488	2.34157	10.6054	
7.28508	3.34252	29.5654	8.18789	2.96204	16.4881	4.87826	1.35655	17.9135	2.04255	1.11598	5.05402	4.13613	3.55767	14.221	4.33997	1.53986	16.9007	3.50169	2.70619	15.7333	6.46264	1.36721	22.7805	7.09237	1.00321	24.891	6.47719	3.13292	28.601	5.78789	2.22653	27.9853	0.881033	2.09006	3.42442	6.01896	2.12481	22.2048	6.63294	1.49265	14.4272	7.60844	3.99209	34.8104	2.90696	2.85521	9.23165	3.4095	3.48092	12.1151	5.83546	1.59326	12.9176	6.8321	1.55982	28.1452	5.32865	3.63446	22.7257	1.08088	3.46381	5.36878	9.10017	1.16675	37.7355	9.98873	1.19602	24.2938	8.27994	3.72272	32.2856	
2.70948	2.3498	12.721	4.68941	1.62237	9.97723	1.83998	1.45838	5.54099	7.91055	1.56345	28.9034	6.03225	1.69977	16.9626	7.67164	3.35506	36.8396	4.31926	1.67172	8.68282	9.62976	2.58937	33.685	5.28039	2.31872	19.1161	8.02236	2.33521	23.0588	4.17804	3.9597	20.7243	5.01854	3.4713	18.1277	8.60543	1.55172	19.6605	1.81645	2.73042	8.62782	4.71054	2.37457	19.314	8.80014	3.23385	24.731	5.39057	2.62257	10.8098	8.10388	2.51297	36.4156	6.56016	2.72135	27.7789	1.16929	2.5352	3.19049	5.17249	1.64948	14.3492	10.748	1.31045	23.9596	7.42402	3.77904	31.2634	6.11369	2.98425	18.4523	
4.30649	3.90502	17.187	3.71625	1.57412	10.4466	3.62424	3.48734	8.48769	6.59505	1.25553	21.0903	1.87409	1.64909	3.84763	3.51159	1.25613	9.29039	2.17289	2.53936	9.93866	4.74067	2.89483	19.1238	1.88105	1.18051	5.06098	2.67611	3.52199	12.2952	1.46515	1.72582	3.06859	5.17619	1.80322	13.0444	3.59402	1.91175	8.56083	7.1907	2.07381	27.0458	2.92451	3.91611	9.97888	7.45111	3.23183	30.1848	2.21024	1.88364	7.36397	3.0378	3.00197	8.49279	1.40188	3.32516	4.57959	6.00033	3.81044	24.3797	4.48763	2.51202	12.3675	5.32451	1.0243	14.8817	4.60074	1.66497	18.952	2.94316	1.06747	6.03972	
4.0107	2.14162	18.8568	4.07296	1.70329	18.8635	2.65285	1.16823	6.31056	5.72522	1.75627	17.5605	1.68561	1.57964	3.46	3.48092	2.15091	9.45592	0.938707	2.47346	3.56666	5.20197	2.8554	21.4432	2.67686	3.4597	11.474	3.56387	2.98872	16.4722	1.50489	2.70102	5.77849	3.9739	3.93227	12.5854	4.13321	2.89501	19.0926	6.17907	3.56106	30.6485	3.36818	3.86828	15.8202	6.62551	3.67095	18.2475	1.45198	1.46252	5.15027	3.61806	2.26337	11.0522	2.68536	3.5969	9.61852	4.90884	1.43115	19.7459	3.34938	1.86999	14.8246	6.3651	2.76802	22.9751	5.56696	3.53951	25.2187	3.85909	1.77417	11.2086	
1.20122	3.70302	2.63877	2.18754	3.79661	4.735	1.6597	3.35121	4.53453	7.99758	1.4885	17.5153	4.48772	2.27086	21.1279	6.28882	3.10745	17.8804	3.23999	2.12858	12.5742	7.87598	2.58273	18.7656	2.56703	2.64681	6.76674	5.8714	2.96203	19.381	1.74728	3.72301	7.43361	5.53039	1.73295	20.0623	6.75053	1.6255	29.0343	4.54261	2.07676	16.0547	2.00464	1.92993	8.45214	8.92794	1.42808	31.0024	4.18484	3.71857	16.5477	6.20191	1.31036	15.1566	4.0484	3.75587	8.33025	3.72328	3.82199	16.4201	5.25098	1.84706	20.1041	8.38994	2.5278	39.6774	4.77033	3.52634	14.7069	3.37301	2.80978	15.5945	
4.94948	3.51865	23.8193	2.89131	3.5312	10.4154	6.33846	3.94445	16.8391	11.0068	1.98434	51.1178	6.21726	2.24234	21.7968	7.55257	1.96202	33.9727	6.35535	3.53124	20.5953	7.87448	1.0555	30.5836	2.78257	2.44309	9.04243	5.47446	1.9208	22.5875	4.18066	3.16313	16.804	9.36609	2.77192	28.7477	6.83235	2.40411	21.7176	9.22208	3.80579	41.3415	2.80146	3.27744	9.05308	11.858	2.12126	25.5115	6.61872	2.03294	18.7926	6.36441	1.2185	24.8515	3.48272	2.85059	12.8914	8.52624	2.71989	36.2805	8.77521	2.27989	28.5452	6.4469	2.51402	22.4182	0.337085	2.90242	1.4943	1.59794	2.89469	4.17795	
6.01955	1.58194	15.0746	6.44499	1.89818	24.2493	3.92841	1.9419	16.2009	3.31788	3.70084	8.34509	1.86463	2.03469	4.44511	2.53338	3.22513	11.4709	1.63907	2.08619	4.59199	4.73171	2.8483	15.5912	5.05351	1.66039	11.2331	4.27434	1.57801	14.3652	3.8976	2.60793	15.2078	2.20235	2.9957	5.35451	4.03737	1.33029	8.40535	6.78817	2.12715	18.0735	5.76651	2.57387	19.9623	4.21935	2.48948	12.2938	1.15244	1.20182	4.94057	3.74723	1.31996	15.5243	4.58297	1.3287	16.8254	5.39283	1.21632	25.454	1.37366	1.05319	4.92125	7.00494	2.75441	21.3379	7.90985	1.34395	30.134	6.21459	2.19479	28.0264	
3.62747	2.81273	10.1677	1.59839	2.57936	4.52945	5.38337	1.33988	16.9855	10.8327	2.71839	24.3277	6.2623	1.02051	23.1224	7.82824	1.29703	24.028	5.973	1.54241	25.2176	8.539	2.9296	42.1885	2.51295	3.96325	7.5845	6.11969	1.9932	26.8456	3.66043	2.19959	8.53472	8.85286	2.58506	38.3806	7.42443	2.83409	22.008	7.93845	1.51189	33.889	1.87148	2.68911	7.27807	11.7264	3.55765	27.7727	6.47315	2.66359	29.6536	6.90452	3.14771	22.2832	3.90907	2.74135	7.91812	7.37958	1.29039	23.3649	8.36611	3.53011	36.2413	7.58291	1.12294	26.5628	1.29269	3.9755	4.2341	1.57144	2.81281	4.9109	
6.63584	2.37451	16.4953	5.27697	1.43286	17.765	6.45729	1.687	14.2182	8.19335	3.86056	18.514	3.58254	1.7719	12.4473	4.09194	1.51441	19.6345	4.83038	2.69493	14.3258	3.7997	3.31137	11.0981	3.385	3.40464	10.8349	1.57112	1.23783	7.18374	4.05536	2.2831	9.20618	7.58121	1.89265	29.0459	2.87657	1.79534	13.052	10.008	3.00229	21.8301	4.55967	1.69051	9.94409	8.89431	2.6556	37.078	4.37143	3.5676	14.9608	2.53333	2.30596	7.79817	1.68347	2.22926	3.36709	8.85298	3.79428	25.545	6.78975	1.10012	23.6462	2.71825	3.66838	7.90676	4.46075	2.54086	18.4371	3.5514	2.12661	17.1751	
4.85476	1.58426	11.8273	5.18624	1.56092	15.314	2.98298	1.91132	14.1256	4.56892	2.81229	18.0818	1.44712	2.16037	4.03806	2.94628	3.6353	12.5254	0.442346	3.33956	1.57461	4.97472	2.9306	11.0639	3.83856	3.41064	10.5221	3.86965	1.22695	12.5663	2.64039	3.37345	11.8	2.92501	1.18375	11.7097	4.04991	1.12591	14.8659	6.22723	2.51284	27.2741	4.50918	2.81487	13.903	5.47602	2.68451	23.9364	0.669909	2.20698	2.10003	3.62211	1.19032	12.4626	3.60798	1.01862	17.7388	4.86377	2.77806	17.808	2.23057	1.67104	7.96802	6.70966	2.8233	18.4067	6.72107	2.99921	23.4474	5.01567	3.208	19.023	


# This instance was randomly generated with the following parameters: 
# SIGMA_MIN=1
# SIGMA_MAX=4
# CAPACITY_OVER_DEMAND=5