9	18
69.0899	683.299	43.9993
147.106	1020.82	86.1372
178.815	930.359	79.5456
161.43	792.801	57.7321
124.617	612.89	35.8694
167.26	881.669	72.0733
29.9072	668.892	37.3312
89.6543	1080.44	113.787
16.2623	1063.44	104.84
5.25255
24.1567
8.85923
15.8977
2.76046
3.99894
5.30155
3.84609
4.04012
10.6717
25.2218
14.2978
6.1342
22.4366
5.85014
15.3426
15.2767
21.0936
7.22873	0.414289	24.3684	1.90019	0.117845	6.90358	1.03775	0.267903	4.58054	1.78758	0.591546	5.49011	3.50388	0.336493	8.24384	4.56806	0.324648	9.37035	5.49514	0.808283	26.4421	2.90055	0.558212	14.3422	4.8105	0.394474	13.7698	9.05164	0.190676	41.5602	9.73643	0.824974	48.461	7.59226	0.731015	32.3528	3.83421	0.470107	13.9869	9.5646	0.830963	41.435	8.69759	0.94746	42.9325	6.29503	0.962921	16.2442	7.53021	0.303105	31.8471	7.29868	0.443678	23.5285	
5.49329	0.293045	18.5967	5.98565	0.292057	12.8097	6.19575	0.21391	24.2346	7.38303	0.133675	16.1821	6.27391	0.732334	27.2509	3.83306	0.847621	11.7778	6.06862	0.307728	14.6998	5.99832	0.430947	15.0186	4.37194	0.517979	11.3075	3.85537	0.307559	16.7158	4.8446	0.58177	17.1054	3.49511	0.64889	11.0954	3.05135	0.276971	14.0489	3.10016	0.897879	10.9526	3.03816	0.726207	6.85853	0.76106	0.540075	3.5362	6.28089	0.747477	15.1564	2.2214	0.718234	5.9835	
8.47576	0.324104	20.0046	7.02093	0.296643	28.9816	6.79875	0.6911	22.7638	6.70031	0.662985	19.639	4.7748	0.896792	23.7261	6.09307	0.33442	14.9711	8.50698	0.197276	41.1085	4.85735	0.223756	18.6773	6.73937	0.348997	19.088	2.12281	0.735605	9.20177	8.08141	0.218225	26.2141	0.587717	0.1906	2.64342	3.75924	0.695568	10.8572	5.90472	0.787919	22.3958	2.10998	0.633107	6.97731	2.71536	0.273415	10.691	9.23191	0.650336	33.6154	1.22671	0.583299	3.49072	
9.11099	0.614999	43.663	9.21956	0.589584	41.5268	9.18989	0.629818	18.6156	9.49806	0.626815	24.2418	7.65685	0.330237	15.3431	7.50351	0.998162	23.2105	9.79069	0.135712	45.4731	7.70128	0.616857	26.1286	8.07431	0.895709	16.4714	0.988208	0.871984	4.24913	7.49148	0.494636	21.4792	2.42257	0.694616	10.1398	5.9117	0.746611	23.3357	4.74995	0.457622	23.0366	0.880058	0.958527	2.40504	3.76005	0.59761	14.2364	9.90379	0.384131	30.033	2.2795	0.110533	5.6828	
2.41044	0.132622	9.89279	4.58689	0.477913	21.8231	5.20748	0.274136	20.2042	7.39226	0.659827	20.0848	7.2368	0.204296	27.5872	1.66214	0.927554	8.08238	3.13229	0.619185	13.1751	6.72214	0.568524	29.2455	1.78449	0.63907	5.88478	6.98168	0.300661	30.6968	3.56593	0.941827	8.16557	6.43229	0.556551	18.4721	3.55302	0.113241	14.3982	4.04519	0.680286	16.1691	6.16687	0.132347	25.0981	3.4013	0.682525	10.4383	3.18142	0.772	9.03994	5.24369	0.572122	21.193	
3.56786	0.193286	13.3333	8.25875	0.79637	27.2316	8.94813	0.242892	31.1924	11.1725	0.943051	26.7247	10.8505	0.551465	32.4813	5.37147	0.378264	14.282	5.66562	0.213325	13.758	10.3888	0.400202	22.322	5.24504	0.678432	21.1556	8.54626	0.847216	24.3548	0.468144	0.643487	2.1398	8.66988	0.974788	33.3305	7.13247	0.804451	32.1642	3.30082	0.551903	14.7799	7.6698	0.709657	22.4103	5.94151	0.953263	23.6122	4.02011	0.423401	8.39473	7.38032	0.806072	31.0576	
5.54853	0.796534	23.2993	5.37647	0.473553	11.0901	5.5247	0.864751	18.5654	6.62524	0.82646	17.7844	5.52786	0.287919	18.7221	3.4965	0.90444	9.38234	5.84407	0.853886	16.6588	5.2402	0.516051	15.1502	4.09206	0.374352	12.4941	3.96625	0.543172	9.52909	5.37547	0.105506	17.7778	3.2944	0.857653	12.2487	2.31723	0.194917	8.29736	3.84032	0.299337	8.70249	3.23683	0.931545	8.4434	0.275771	0.992345	1.0778	6.3179	0.426544	29.6141	2.12732	0.62056	10.3748	
8.0274	0.185103	25.2825	8.41973	0.945035	20.4686	8.46868	0.156867	22.0991	9.04888	0.418489	33.3175	7.38571	0.413366	23.8946	6.52271	0.130901	22.5554	8.76567	0.983385	38.0273	7.33862	0.341698	20.2509	7.07246	0.207095	26.1082	1.67535	0.36587	8.27626	6.45161	0.251425	28.7921	2.5236	0.277604	11.2719	5.1726	0.262268	20.3322	3.77472	0.917316	17.2466	0.875573	0.736613	4.25164	2.85243	0.123521	11.0559	8.82008	0.886213	30.1501	1.80039	0.459517	8.83068	
3.34381	0.240711	12.3971	4.01227	0.186488	12.6628	4.87145	0.492991	20.4068	7.56297	0.904981	24.2664	8.71934	0.593242	27.9628	3.79228	0.55182	7.63675	1.51815	0.151151	7.51344	8.06291	0.591035	29.356	3.19083	0.393295	7.56543	11.2405	0.272152	32.2154	6.99284	0.59389	32.9759	10.3272	0.914029	41.8085	6.21524	0.386735	17.8915	8.55493	0.404011	24.551	10.5125	0.791527	52.4156	7.55429	0.317359	21.4441	2.997	0.549495	8.40217	9.35262	0.586674	25.9603	


# This instance was randomly generated with the following parameters: 
# SIGMA_MIN=0.1
# SIGMA_MAX=1
# CAPACITY_OVER_DEMAND=3