4	8
59.3346	1231.49	136.701
32.9974	540.284	28.7192
121.595	473.565	21.962
152.783	368.117	12.8118
22.2645
0.265506
23.6319
24.9383
8.5157
6.02603
31.2229
16.5977
4.80821	0.829523	17.7425	8.54435	0.76434	26.3603	7.9082	0.845167	29.8995	3.04262	1.75874	11.4406	5.36438	1.02897	13.3568	3.74436	1.77279	8.11562	2.89041	0.63413	8.8436	4.32935	0.599511	11.6171	
7.90061	0.600534	19.6903	4.91147	0.901536	11.4619	2.318	1.95855	10.1904	11.1448	1.71215	40.3382	4.06557	0.920954	16.9468	5.77828	1.64566	23.7637	8.26799	1.06781	39.4858	6.36446	0.87039	29.1781	
10.2729	0.950281	41.9742	4.61547	1.38805	10.1586	9.16002	0.901291	43.2657	5.70609	1.56589	15.9395	6.11974	1.07948	29.4353	7.0765	1.47559	33.3926	8.82846	1.18798	38.0386	8.74222	1.6519	30.2088	
4.50634	1.07262	11.3676	5.34978	0.910727	22.4368	2.53985	1.23945	5.97308	7.61338	0.592996	37.5269	1.11283	0.95125	2.32288	1.80878	1.60214	8.74636	4.39745	1.31191	12.1396	2.73618	1.48646	13.5044	


# This instance was randomly generated with the following parameters: 
# SIGMA_MIN=0.5
# SIGMA_MAX=2
# CAPACITY_OVER_DEMAND=1.5