10	20
96.487	876.267	67.4702
118.144	1075.58	108.31
151.117	1278.68	135.727
118.721	1144.58	127.036
177.649	1191.44	119.922
1.17186	929.715	77.1583
107.548	869.989	70.5669
166.829	610.998	31.2145
70.0221	940.058	73.7413
178.486	623.869	34.4081
2.81516
14.283
7.73404
4.73802
11.5134
7.81805
3.00033
13.0288
13.0467
14.3789
1.68762
12.5211
3.56596
8.82328
13.7134
1.47395
5.49954
13.146
9.54598
6.77767
4.04995	3.22554	8.41678	7.39645	2.90471	34.0738	5.27562	3.83395	24.8352	7.62862	2.85677	24.3829	6.20879	2.94673	22.0868	2.54233	3.21765	10.6349	5.67089	2.26827	27.3191	3.56482	1.09332	8.59539	6.51933	3.34181	28.3071	3.51362	1.38985	14.8869	7.83628	1.09011	36.1535	2.47788	3.68188	7.05024	8.50817	3.53857	34.2123	6.47183	3.84446	20.0455	7.8727	1.02001	28.3043	6.44486	2.48187	26.7063	2.43084	3.59237	11.9458	1.70247	2.96737	4.52482	3.92317	3.26559	14.0809	6.23332	2.06497	19.9547	
3.65831	2.00028	10.1428	8.89265	2.82942	18.0204	6.77061	3.47154	27.039	9.35015	1.71124	28.3597	7.5585	2.19727	21.1585	3.60706	1.98743	8.90972	7.28289	3.32341	29.841	5.28614	1.25775	15.4576	8.2452	1.98118	38.0363	4.45716	2.23386	21.7329	8.73795	2.42838	35.3849	3.33746	1.22796	10.9739	10.1015	2.18418	24.4925	7.79426	3.51309	22.5309	9.60055	2.26179	40.928	8.12286	1.54798	17.4869	3.63772	2.45492	8.17652	1.9493	3.33454	5.84349	4.73108	3.97351	13.6825	7.86392	1.77588	32.9281	
8.37281	3.83747	39.3477	8.25763	1.53714	23.349	6.63201	1.05962	14.2513	6.42802	1.27136	18.1667	7.90961	2.94539	27.1427	2.0138	2.10616	6.81724	2.71093	2.49652	11.8783	3.91445	3.97578	18.0045	5.38809	3.86519	16.7038	6.84001	2.47739	31.037	10.4943	2.95401	49.9536	6.21973	2.07249	16.7698	8.62525	1.31705	40.4395	8.21385	3.81935	38.7525	6.09834	1.54074	23.3821	6.24063	3.14668	30.0448	5.70653	3.56866	18.1046	6.02118	1.97703	29.5714	7.34971	1.54967	20.9806	3.27387	2.07187	11.215	
5.82483	1.32676	22.2741	5.30967	1.69725	13.8767	3.39281	3.1137	16.7114	4.87256	1.4323	15.8624	4.62113	3.48705	10.1709	2.89412	2.74057	9.92992	3.31905	2.61937	12.2627	0.865615	2.70713	1.93617	3.74996	3.42376	11.1863	3.59226	1.49605	12.7654	7.08299	2.05299	17.8812	3.27461	3.62729	13.6292	6.11253	3.16491	16.3571	4.92389	3.78689	16.8381	5.09345	1.04547	11.4826	3.84915	2.1473	14.4153	2.59608	1.73238	5.2093	3.74713	2.11719	7.76461	4.10115	3.23844	12.5361	3.78481	2.39242	12.9089	
9.12189	3.53544	31.7237	3.52674	3.57461	12.6745	3.47086	1.35651	11.7338	0.755193	1.78395	2.10929	4.35745	3.28157	13.3497	6.51147	2.8812	21.7024	3.35336	2.88575	15.882	3.31545	1.75995	12.4387	0.401401	2.51387	0.937965	6.15066	3.53953	15.4416	7.28037	2.63666	22.0741	6.52917	1.30857	32.2994	3.11934	2.52749	14.6155	4.56625	3.45639	11.1938	1.28099	1.51305	5.67131	1.31091	2.51258	4.33971	5.79348	3.40048	28.8538	7.52326	3.0883	24.4461	6.5113	2.45865	31.4535	3.0978	1.867	10.9161	
10.8684	1.98161	42.6937	4.49889	1.5334	12.4592	5.04728	2.9232	21.7027	1.10765	3.48046	4.5142	5.72052	3.09585	18.2675	7.97556	1.35381	33.5057	4.25814	1.25901	14.66	5.03917	1.08507	15.1563	2.07752	2.18343	8.50879	7.86957	1.30039	26.9053	8.50238	1.03507	26.5039	8.28628	3.21195	24.6711	3.4542	2.22256	7.22212	5.87423	1.06842	14.1134	0.831484	2.71406	1.83046	2.80029	2.15557	6.18981	7.55289	3.71083	15.6977	9.28242	1.27964	42.2892	8.20752	3.58599	37.1384	3.79153	2.90724	13.842	
10.4894	2.18278	29.7901	3.23504	3.02063	9.7244	4.39463	1.67073	17.863	1.53871	3.85991	4.85799	4.72494	2.78023	21.9639	8.67398	3.44086	24.6903	5.43451	3.84066	25.1121	5.28237	2.03577	24.4118	2.58831	3.31751	6.07954	7.41736	3.63102	22.0951	7.26375	3.21065	19.2123	8.03787	2.68135	38.5742	1.90516	2.2705	7.51976	4.80941	3.19557	17.8545	2.21631	3.26332	9.96114	2.40227	3.58248	7.41611	7.35142	2.87613	29.3891	9.21265	3.53738	23.3291	7.67049	3.18138	34.6591	5.07562	2.99249	15.5878	
7.89183	1.95797	28.2291	2.11357	2.03629	7.69416	3.43676	1.98719	16.2129	5.68288	1.94714	20.2947	2.23808	2.87733	5.43026	9.6814	3.26549	34.0716	8.45785	3.36164	32.7262	6.14821	2.79859	17.0401	5.78705	1.83061	16.557	5.28994	2.73367	13.2851	2.47272	3.14595	10.0142	6.37222	1.96025	27.3593	3.20149	1.17991	6.79416	1.95117	3.9477	6.36653	6.65502	3.98593	30.5432	4.41475	3.67404	12.8247	6.05186	3.33078	15.4799	7.81144	3.4253	26.2801	5.1777	1.06497	22.0296	8.44158	1.52388	40.1038	
7.37036	2.37386	21.9928	8.28663	2.57564	27.6269	6.46196	2.7681	22.1437	6.95782	2.46887	23.4517	7.69925	1.74732	33.9907	0.839713	1.91441	3.33749	3.56738	1.2193	10.588	3.77841	2.24655	8.18255	5.85107	2.02915	13.1031	6.15376	2.21465	25.4426	10.0786	2.18958	37.9712	5.40087	2.64378	19.1509	8.86605	1.25739	36.7793	8.00209	1.6096	32.1806	6.77467	3.76817	15.3965	6.48315	1.05862	27.9541	4.98265	3.17163	10.1864	5.01419	3.64241	22.8547	6.65131	3.94703	22.6257	4.16928	3.7856	12.6014	
5.54092	2.69831	14.6549	6.13965	1.62337	22.8391	4.15325	2.40306	13.303	5.71773	1.54536	18.6174	5.33032	2.3846	25.8624	2.12278	2.16432	6.07337	3.69382	2.33235	8.45857	1.75165	3.17256	7.41902	4.58447	3.34622	19.435	3.75736	2.62956	18.2928	7.60783	1.4677	30.8298	3.17601	2.24525	7.25673	6.99067	2.72406	31.4157	5.62801	2.88749	18.993	5.87829	2.1282	16.6086	4.73509	1.15162	13.6632	2.6239	3.5636	6.07732	3.29712	3.40006	10.0757	4.2661	1.91783	12.9676	4.23121	3.92335	8.78336	


# This instance was randomly generated with the following parameters: 
# SIGMA_MIN=1
# SIGMA_MAX=4
# CAPACITY_OVER_DEMAND=5