4	8
13.0153	1217.46	127.308
44.5543	639.856	39.0478
97.4151	1194.49	140.777
58.5983	1271.17	157.726
2.44213
19.3196
25.2128
50.9433
7.78914
32.1616
44.1806
50.3803
2.91187	1.47555	8.1589	8.93847	3.78207	42.0175	9.28471	3.14085	23.7923	4.85566	3.61796	17.9481	8.14911	3.17366	19.3311	3.04425	2.33283	14.5553	9.75808	1.60967	23.7666	4.22178	2.53528	8.68245	
3.39026	1.95941	16.496	3.96284	3.20394	12.6302	3.62347	1.54192	7.35217	7.97099	1.22129	21.7531	5.16428	1.48224	25.1087	3.81693	1.68263	13.8907	3.67372	2.65626	10.4581	4.51659	3.24966	9.04315	
7.95178	3.02366	27.469	4.49401	3.43296	21.7146	5.69737	1.46253	22.6485	6.66754	2.74058	23.3211	2.25701	3.37309	11.1836	9.40614	2.96068	22.268	6.8565	1.93379	24.7338	10.9172	2.09734	39.8802	
5.93312	2.5003	18.3459	0.496074	2.85281	1.04687	1.61561	1.21067	6.36968	7.89528	1.78352	38.1098	2.16966	2.05797	5.48183	7.03386	2.4729	18.1326	2.76767	3.0145	6.76391	8.15931	2.32113	38.2416	


# This instance was randomly generated with the following parameters: 
# SIGMA_MIN=1
# SIGMA_MAX=4
# CAPACITY_OVER_DEMAND=2