10	20
124.881	1039.52	101.968
161.916	1183.51	136.593
161.78	882.073	64.4203
52.6149	823.677	58.3295
17.9363	1172.16	132.642
106.401	939.622	75.2443
44.8601	1056.55	107.283
39.8124	1187.44	132.59
11.3267	1030.15	102.799
142.946	676.72	41.8783
24.2428
38.6103
16.1572
44.2738
9.74818
6.91917
44.1284
32.1724
22.96
4.21567
24.9907
1.53889
21.5478
39.9205
0.233883
37.0465
8.38696
20.8042
45.7885
33.1883
7.82342	1.30303	23.6484	4.86368	3.87503	18.8502	4.70874	3.53379	12.8631	3.8466	2.15383	17.8364	3.56787	3.73742	8.11651	5.37437	2.6726	13.991	2.56417	1.15253	7.84424	5.44679	1.29796	13.9205	8.22247	1.89185	32.9756	7.3847	3.49109	22.4268	6.19126	3.80193	21.6576	3.12974	1.05333	13.4659	4.42087	1.48665	20.8462	2.82833	1.34918	12.1113	5.67246	2.44607	25.4751	6.48591	1.39999	15.1958	7.8579	3.26975	35.3492	2.39791	3.73646	6.32753	6.34171	1.97374	15.2532	7.46426	3.18496	26.4817	
3.215	1.47771	8.3087	4.94335	2.94968	22.6995	5.55643	3.67685	16.3038	5.71608	2.25851	18.4849	5.18892	3.37952	21.53	4.01826	1.83061	9.08096	6.52359	2.4025	15.2322	4.94836	2.6979	15.9885	1.65396	1.07893	3.8766	1.04025	1.99168	4.98724	2.76115	1.60213	9.19	7.22634	3.54643	25.3636	7.39796	1.45162	23.2486	7.83111	2.51114	19.1902	5.77717	1.45191	19.8438	2.57379	3.92004	9.64363	2.53809	2.76157	10.1545	6.70021	2.12842	21.8761	6.80686	1.86105	27.9869	1.73	3.5557	5.5494	
6.66117	1.28624	21.6373	6.87516	2.30331	21.8452	3.14544	3.74323	11.5768	2.81534	1.04286	7.07452	3.54079	2.00616	9.75918	6.96238	1.61566	30.0068	2.37935	2.19622	5.16367	7.51144	3.45509	18.7756	7.68211	3.99191	28.8508	7.60862	3.27714	31.4819	7.22592	2.01976	15.0302	1.32774	1.13074	5.17423	1.62882	2.13495	7.37033	6.00131	2.21124	16.0818	3.59826	3.87554	8.9333	7.49953	1.13298	27.8042	6.98517	3.71214	25.6879	5.00724	2.46428	17.285	3.67703	2.16729	15.0523	8.23697	1.18275	32.8773	
6.63334	3.66584	19.328	3.50051	2.48643	16.2041	3.9072	1.00383	11.8776	3.01222	2.02438	11.3222	2.40293	1.9223	8.02898	3.9244	2.25157	18.6178	1.89484	1.9075	8.68024	4.11421	2.23715	9.34766	6.86918	1.50203	18.0351	5.92757	3.77532	13.5686	4.70249	3.53142	12.6334	2.92857	2.07698	12.4419	4.21727	3.32594	15.7184	2.37671	1.22345	7.07339	4.95178	2.73354	14.0138	4.99739	2.82858	24.076	6.58891	2.51289	22.9374	1.26451	3.67906	5.24323	5.83803	1.79464	12.3793	5.97467	1.92132	28.3543	
2.7389	2.39523	9.73695	8.07171	2.45436	20.3768	3.29422	2.13423	7.51272	4.18831	1.53254	12.4486	4.89914	2.15009	20.6581	7.48181	1.78981	21.5748	5.4336	2.90461	16.618	8.52552	1.49324	38.324	4.3422	3.22813	12.6852	5.62566	1.9358	20.6827	6.76005	2.29286	17.6513	5.01375	1.24389	13.9876	4.05399	1.25213	16.1161	9.35404	1.54982	42.0451	2.30322	3.84664	5.44559	6.86406	3.53959	29.3075	3.41256	3.40682	13.9793	7.9354	1.8794	36.6505	2.06926	2.17839	5.94181	6.87846	2.70184	25.7872	
2.88813	1.41577	6.95673	8.90064	2.90322	44.3193	4.54914	3.88603	17.1711	5.42871	3.80389	20.4895	6.03391	3.82919	16.9425	8.21945	2.52277	34.4044	6.69839	3.27912	16.4304	9.29445	1.6064	25.7304	4.3545	3.56126	12.06	5.92683	1.1541	19.1418	7.34304	1.28086	17.161	6.35018	3.48099	20.179	5.41238	2.75237	10.9852	10.4673	1.19369	31.5016	3.61471	2.40086	17.6517	7.39724	2.40951	23.8651	3.52734	2.48579	7.96081	9.04232	2.4098	27.2895	3.40894	2.72819	16.2988	7.22484	2.98428	19.9922	
2.4997	1.68987	9.55523	8.79191	1.54167	39.1211	5.19666	1.17166	14.2161	6.01315	1.23649	21.7753	6.42018	1.35009	14.6681	8.01943	1.74073	34.0114	7.29507	3.10247	27.5056	9.10607	1.8308	23.5389	3.61631	2.84212	12.4359	5.3567	3.41548	15.4018	6.99874	3.31389	26.7031	7.14614	1.44404	15.3819	6.37454	1.47662	16.8734	10.7228	3.58126	29.0838	4.42288	1.37704	21.3627	6.99896	2.14843	33.0767	2.98341	3.84318	11.0947	9.30914	3.89733	19.9859	4.50995	3.95503	13.5466	6.64589	2.70943	26.4721	
6.9196	1.70869	25.1858	8.38106	2.77655	23.0977	3.7498	3.75916	8.33742	3.82506	3.87511	14.2245	4.7754	1.29163	9.64519	8.35183	3.73417	34.2322	3.86432	3.9396	18.3243	9.0107	1.04136	31.5426	8.19699	2.12135	29.2572	8.48104	2.02389	22.5861	8.42912	3.6416	36.9953	2.67678	2.40694	7.79457	1.91727	3.89373	4.16368	7.73105	3.33498	21.2794	3.70545	2.68951	15.4327	8.68139	1.28974	17.5971	7.37822	1.97186	34.0077	6.68806	3.60725	25.6947	3.20892	2.81368	6.78211	9.29552	3.87599	36.2874	
3.84646	2.99124	16.0587	8.05301	2.44613	25.1193	2.70328	2.7491	13.2167	3.54412	1.83233	10.1893	4.47592	1.69927	9.2022	7.61498	1.37554	29.0754	4.63408	2.17864	17.9487	8.58168	1.51355	23.4951	5.39961	3.23784	17.0494	6.35752	3.07257	30.9147	7.12489	3.83129	15.6335	3.94215	3.68517	8.46052	2.78294	1.28009	9.44372	8.81225	2.22562	21.8985	1.67656	1.29267	5.83989	7.28526	1.37357	18.7314	4.46704	3.72673	18.0569	7.43863	3.68864	31.2202	0.711423	3.89146	2.39871	7.50872	3.82985	24.6025	
2.04524	1.10545	7.02993	4.25	2.27266	17.1767	3.12878	1.6784	7.20435	3.30607	1.31001	12.5493	2.92075	3.67998	9.93121	3.48123	3.95785	8.51114	4.22726	2.79219	14.2583	4.56738	2.38056	22.0869	1.82731	3.17466	7.1258	1.63868	1.19052	7.31457	2.56701	3.69211	12.4755	4.82326	1.93791	24.0637	4.96915	2.6537	19.966	6.47424	1.90072	31.1846	3.4566	1.19767	10.781	2.64679	1.39902	9.60836	1.69461	1.79702	5.64964	5.13659	3.95454	18.9227	4.57586	2.21719	21.0759	2.7301	2.66797	9.24849	


# This instance was randomly generated with the following parameters: 
# SIGMA_MIN=1
# SIGMA_MAX=4
# CAPACITY_OVER_DEMAND=2