9	18
169.771	1154.16	114.788
178.999	1235.55	150.952
157.406	826.904	65.5375
175.397	1318.97	158.269
139.941	893.054	79.4349
126.574	769.726	58.272
47.7211	1115.19	102.919
143.307	926.031	76.0879
108.985	1131.97	123.485
5.10714
8.14431
5.26207
2.85538
5.59779
0.889076
8.93119
0.994385
0.154313
4.72096
7.64752
5.0431
7.66967
2.62468
6.68037
7.12415
10.1568
3.37161
7.99074	1.42045	38.6494	3.35169	0.958864	14.5699	5.38844	1.99005	11.5927	6.37391	0.828257	30.6434	2.06456	1.67362	4.55703	4.18861	1.47822	16.4087	7.88122	1.45215	17.8577	9.91544	0.578495	40.5199	9.41671	1.98535	21.1311	6.54963	1.63617	26.2038	8.33348	1.62086	35.8496	9.1196	0.547494	41.4259	3.02213	1.1598	14.4401	4.60012	0.893412	12.6107	2.47235	1.98531	6.30017	1.85801	1.23416	7.12792	8.33197	1.262	20.0635	10.7442	1.81848	52.9358	
3.7011	1.3369	7.92905	2.6871	1.49523	12.5022	1.91405	0.689877	4.99946	5.65339	0.807741	14.1171	3.38539	1.89272	13.6196	3.79877	1.42372	8.13968	9.1154	1.04988	29.9003	8.17436	0.605327	28.8416	8.14249	1.10091	16.5514	5.15907	1.56163	23.7799	4.70191	0.714203	16.8471	4.97168	1.98146	12.2039	2.07588	1.78892	10.3572	3.35426	1.55479	9.76827	2.92705	0.647219	10.1525	2.83605	1.94366	12.7131	4.49574	1.85516	12.9284	9.38467	0.639588	44.1375	
5.18826	1.36651	12.8618	1.46957	1.44804	6.0912	2.67556	0.962868	10.0992	2.08802	1.10216	5.923	2.45863	0.829572	7.4742	0.355015	1.53124	1.47303	5.35604	1.22319	14.5585	5.43626	1.41489	16.3452	5.04151	1.49913	14.2906	2.04869	0.643941	4.42066	4.57922	1.62917	10.2643	5.85819	0.966122	22.0425	2.28347	1.68155	9.02375	0.519436	0.786266	1.32449	4.99456	1.55571	12.8454	4.22348	1.0051	11.3628	4.78921	1.27806	10.6255	6.37294	1.02594	20.6996	
4.4859	0.503462	20.0068	3.50534	1.60933	12.3311	3.08101	0.579593	6.58732	1.57028	0.602568	4.30134	4.69187	0.69923	11.0381	2.61227	1.974	12.4285	5.59416	0.998055	25.2144	3.37194	1.08996	10.0419	3.25243	0.644081	11.8493	0.652493	0.990193	1.96773	3.09908	0.724696	9.11294	4.64322	0.51785	22.7878	4.17525	0.944583	11.7029	2.17761	0.96196	4.69482	6.89926	0.95549	20.6681	6.23283	0.70922	25.7084	3.49374	1.82403	7.15238	4.50854	0.972193	12.2974	
1.80509	1.00888	8.49215	6.71283	1.61534	30.4538	4.38471	0.88341	15.9876	6.83705	1.37621	19.2682	8.00518	1.76605	23.1547	6.82526	1.09941	20.9528	10.8472	1.39598	45.001	6.615	0.502934	16.1462	7.26506	0.895379	14.7614	5.91999	0.510187	23.5572	2.17601	0.53951	9.89667	0.667653	1.99365	1.65043	6.74634	0.682502	22.956	6.06328	1.07898	28.9624	8.43099	1.17314	38.0241	8.27722	1.28905	25.6066	1.79157	1.2796	5.28094	7.93411	0.54068	18.7516	
10.8905	0.698861	28.6286	6.94177	0.977112	31.9964	8.62766	0.655518	30.669	5.00782	1.6954	15.1015	6.78183	0.7556	31.2578	5.86185	0.868432	15.0982	1.26495	1.96227	2.56336	7.06443	1.82602	22.488	6.0615	1.30172	27.829	5.92512	1.34513	25.8418	9.67584	0.997903	33.9122	11.2134	0.781187	46.7981	7.67919	1.45815	20.8763	6.48104	1.93081	17.4724	9.69635	1.59745	45.5409	8.81813	0.845896	29.9157	10.0634	1.41053	23.5473	6.81079	0.713364	30.6845	
4.71575	1.73449	20.5686	2.78787	1.25689	11.2049	2.83456	1.00526	8.7961	1.30029	1.38423	6.28297	3.92079	0.71713	16.2901	1.81633	1.51123	7.85934	5.30631	0.805507	23.2325	4.02897	1.67451	19.4593	3.75906	1.2788	14.9585	0.687297	0.676263	3.32264	3.60321	1.78815	13.2901	5.07312	1.99463	18.4511	3.5104	1.43605	9.73989	1.45403	1.8572	3.71838	6.25552	1.01144	20.3039	5.54939	1.5599	13.0527	3.93199	1.11642	18.6786	5.06693	0.939918	13.7599	
6.81811	1.00335	18.5622	5.08474	1.72159	12.0513	5.38895	1.44828	26.6608	1.52916	1.54197	7.51752	5.91466	1.50559	17.6606	3.83144	1.12013	14.3146	3.70032	1.14685	7.83384	2.46471	1.3707	10.9433	1.65897	0.689526	6.63445	1.93409	0.858847	4.75592	5.20079	1.50544	21.7097	6.78081	1.66562	17.332	5.89013	0.715661	17.9673	3.85621	0.95479	16.0998	8.60949	1.1308	24.276	7.82647	1.35512	27.7096	5.66461	1.43386	27.2704	2.93758	1.99361	13.8122	
6.57684	1.72447	29.0311	2.15788	1.59321	10.6732	4.00908	1.65231	15.6675	2.33196	1.42816	6.15253	2.37706	0.815006	4.98419	1.15209	0.927129	2.32142	4.37447	1.52252	18.4045	5.94301	1.96707	21.1438	5.33358	1.17942	12.5755	2.79455	0.967371	12.9374	5.91043	1.35124	24.2809	7.23508	1.05426	18.8181	2.93355	1.78201	12.0176	1.89273	0.879959	4.73187	5.31718	1.11086	25.1596	4.45665	1.37145	22.1744	6.14997	1.29706	27.7128	6.64491	1.81967	20.5258	


# This instance was randomly generated with the following parameters: 
# SIGMA_MIN=0.5
# SIGMA_MAX=2
# CAPACITY_OVER_DEMAND=10