10	20
54.9375	778.148	53.1967
165.081	1040.31	105.048
110.681	1068.16	95.7021
100.674	925.189	77.771
109.763	739.2	50.8405
145.594	540.19	25.3413
145.023	372.492	12.6773
89.2878	484.23	22.0732
88.484	752.255	51.6172
122.97	1285.44	147.423
16.9881
32.4294
7.16803
2.51303
37.0121
37.9967
7.14455
30.9223
22.0484
27.1416
0.955994
25.3115
1.01431
16.5509
25.5201
15.5403
20.3856
28.5681
31.6925
40.8899
6.19252	1.69605	28.9101	3.00282	1.73586	10.3773	2.67767	1.04579	5.46864	3.25305	1.01313	13.3254	3.30245	1.41905	9.25336	3.67948	0.532427	15.8091	6.22867	1.21812	20.8136	1.49435	1.82031	7.34957	6.48961	1.78873	15.7423	7.67943	1.47779	20.9362	4.94171	0.614477	15.9754	1.78826	1.39838	7.9556	5.1832	1.21613	20.8227	7.24489	1.03643	20.2433	2.2112	1.68452	5.78693	5.0851	1.65618	14.4285	3.23961	1.48598	15.7436	5.37304	1.51676	21.7491	2.82162	0.626306	9.38297	4.77192	1.23161	12.1562	
6.37037	1.25893	31.6633	3.30309	1.84954	11.755	4.07474	1.05155	12.0972	3.54792	0.569083	7.30199	3.4306	0.503968	11.8411	1.19438	0.851995	4.65968	6.82927	1.57059	33.5625	4.01491	1.95464	17.1128	4.10906	0.816204	14.6256	5.40964	1.20249	12.8629	2.56134	1.3053	6.75919	1.97219	1.6803	5.87437	4.18003	0.920828	9.22742	5.59714	1.07908	22.4734	2.76184	0.85784	12.3039	2.67483	0.583537	12.3303	1.14012	1.75383	4.93124	2.96504	1.07033	8.52054	4.03676	1.21803	8.13798	5.08421	0.826076	19.9199	
3.51154	1.88623	12.9944	6.34159	1.47114	23.855	5.94664	1.93794	12.1596	6.59731	0.621686	22.3137	6.63661	0.509104	23.6095	6.16172	1.19011	14.0002	3.18964	1.6075	14.8612	2.01793	1.04501	7.54996	6.68516	1.18999	30.0041	10.4093	1.77338	22.1635	7.55089	1.71497	21.2184	3.0642	1.73821	11.6284	4.10377	0.504217	17.6489	6.30194	0.816234	18.9828	5.53537	0.802706	25.213	7.67568	1.96159	27.8326	5.88452	1.78321	22.5981	7.97078	0.833071	19.939	1.05605	0.856325	3.78935	2.37176	1.73054	6.70076	
3.56956	1.07874	13.2548	6.62282	1.84709	29.7167	7.08612	1.13889	34.2791	6.88869	1.10189	33.8293	6.80143	1.92287	17.0837	4.47113	1.71888	13.3292	4.34675	1.79591	20.3128	4.89167	1.73356	11.7711	2.33367	1.96275	5.8024	8.08721	1.48106	33.916	5.55732	1.23199	17.6078	3.09498	0.701293	6.91277	0.847557	1.78715	2.01081	2.37014	1.79008	5.42361	5.93354	0.762611	18.8729	5.61593	1.38622	25.6021	4.58726	1.30061	11.7752	5.84659	1.88502	22.6311	3.465	1.61709	8.8208	2.80953	0.923377	11.7212	
7.43445	1.43283	24.1961	2.22391	1.5109	7.56536	3.19579	1.84775	15.163	2.4432	0.951315	7.53742	2.3041	1.0333	4.82999	0.852906	0.850579	2.84941	7.81957	0.969076	21.0603	4.28713	1.56733	19.1444	5.17059	0.525826	14.483	4.8024	1.11626	10.0836	2.01443	1.39413	7.70798	2.68768	0.818753	12.5872	5.35777	1.58925	21.083	6.77648	1.7904	28.0893	1.86186	1.98638	5.49209	2.15736	1.21009	7.38729	0.349228	1.52824	1.68012	2.4465	0.646658	8.78134	4.77666	0.983831	15.1421	6.0956	1.81396	13.2394	
2.70659	1.97568	7.01674	7.99315	1.81165	16.4897	8.36949	1.34801	35.6743	8.26297	1.3615	40.1493	8.1851	0.969353	23.9131	5.90536	0.799505	15.5819	3.62896	1.55511	16.6041	5.71812	1.52222	14.6193	2.93191	1.80193	13.8976	9.41959	1.66173	24.1769	6.96648	0.775579	30.3424	4.27562	1.99709	18.9641	0.812978	1.90471	3.38037	1.5956	1.5382	4.8745	7.27573	1.19697	26.577	7.01886	0.989701	19.7433	6.01971	0.527037	12.1549	7.23983	1.33033	19.661	4.00751	0.815903	14.1865	2.56097	0.849306	11.2692	
7.97636	1.41668	26.596	3.15185	0.59214	11.9938	2.01497	1.40789	8.67034	3.26666	0.880433	12.9175	3.42294	0.591605	9.97487	5.2199	1.1706	20.4495	7.82529	0.733428	26.1378	2.70403	1.27868	9.913	8.62982	1.11508	31.7631	8.62382	0.84735	22.4551	6.21878	1.76838	14.9678	3.96411	0.870049	12.667	7.3122	1.4944	24.2141	9.41144	1.59244	28.3651	2.74822	1.21847	12.6244	6.36453	1.65119	15.0752	4.71945	1.85926	16.5649	6.618	1.41692	21.9543	4.54879	1.34257	14.4019	6.60585	0.872503	32.9647	
2.06043	0.753751	7.82377	8.26931	1.80703	30.3948	7.96572	1.81835	18.1321	8.53374	1.30094	32.8848	8.55521	0.51304	28.2935	7.64378	1.98672	23.4906	1.34051	1.62144	5.44884	4.06316	1.65016	16.9871	6.93435	1.95251	29.077	11.8482	1.78362	27.208	9.01474	1.8784	21.0308	4.62408	1.82387	22.871	4.01044	0.609437	13.6212	5.86087	1.78621	14.7568	7.45332	1.48229	30.3042	9.12436	1.80686	34.6771	7.45719	1.7992	27.3614	9.41047	1.4845	21.8223	2.58588	1.76507	11.4456	1.83795	0.807911	8.95055	
10.4294	1.97545	48.7793	4.91642	1.09107	10.3156	6.20135	1.03505	21.7927	4.92622	1.947	21.2511	4.73229	1.60995	11.6266	3.24531	0.9364	15.6999	11.026	1.89204	49.4024	8.15673	1.39559	33.6056	6.07602	0.769732	28.2264	1.08576	0.511136	4.16234	1.87121	1.93272	5.33332	6.33512	1.48163	20.1476	7.84612	1.9883	38.7729	8.31366	1.08661	31.7653	5.17059	1.96129	25.2342	1.73611	1.47482	4.35482	3.59175	1.08774	11.4944	1.43998	1.00417	4.97577	8.41398	0.905425	25.0644	9.28456	1.42233	40.4255	
5.69416	0.54047	21.6065	8.17481	1.71556	17.9212	8.95601	1.93556	34.1962	8.40459	1.32758	37.3744	8.26805	1.01113	37.7056	5.396	0.929978	16.8983	6.61683	0.757781	27.4847	7.51845	1.75522	33.42	0.79339	0.945574	1.92173	7.69744	0.984732	28.0477	5.91779	1.30926	16.9156	5.46038	1.26534	16.6234	3.20534	0.62086	8.3751	1.93141	0.953616	6.84375	7.65755	1.07453	29.2111	5.90733	1.7933	26.8211	5.73965	1.42091	22.2804	6.02706	1.26349	27.6475	6.22408	1.70958	19.0884	5.37987	1.57491	23.9555	


# This instance was randomly generated with the following parameters: 
# SIGMA_MIN=0.5
# SIGMA_MAX=2
# CAPACITY_OVER_DEMAND=1.5