4	8
53.8642	1126.99	121.692
109.455	433.754	18.6466
103.41	619.783	32.5327
37.6673	1042.19	92.8335
9.04997
7.5185
2.56777
5.0382
8.99135
9.79856
0.41784
9.75869
12.6557	0.922265	27.4334	12.2105	0.276315	54.4779	10.2135	0.558077	47.887	7.17699	0.201862	21.2297	5.65401	0.450051	15.1258	5.37723	0.871147	22.9767	8.17043	0.924894	39.2507	3.14439	0.758515	7.88456	
1.84727	0.602895	7.21445	1.86861	0.647552	5.39717	1.48555	0.31619	6.92273	4.64237	0.604446	17.1891	5.84581	0.283388	28.0635	7.84629	0.539121	34.8116	4.34384	0.660358	10.6699	8.54375	0.13774	39.4428	
5.40784	0.165024	23.8002	5.57076	0.982597	22.1555	2.22805	0.291019	7.36975	5.6664	0.777518	18.5164	6.02292	0.360613	17.8243	5.06089	0.896314	12.1503	1.44326	0.793041	4.76555	8.04357	0.370881	18.3634	
8.64054	0.174664	18.1234	7.89854	0.349064	23.4967	8.37521	0.380529	33.3747	3.93568	0.261107	17.1433	4.10297	0.425502	19.3503	9.39319	0.862468	28.1161	8.79896	0.208193	35.4366	4.90859	0.856445	20.7185	


# This instance was randomly generated with the following parameters: 
# SIGMA_MIN=0.1
# SIGMA_MAX=1
# CAPACITY_OVER_DEMAND=5