8	16
105.227	609.547	35.0885
1.22266	1355.24	156.108
32.8343	1193.32	141.289
162.032	1313.04	153.425
84.7007	1108.13	103.25
144.467	527.112	25.1631
113.122	1290.76	153.86
33.2919	1000.99	86.3192
21.0344
6.60856
38.7895
20.7314
42.9543
2.7084
0.0566117
37.0641
5.96768
11.783
31.5663
8.19025
28.5281
10.5156
3.77559
14.5608
5.13933	0.756739	20.9147	8.16298	1.74876	32.5179	6.23967	1.90674	27.416	8.63332	1.66244	31.8865	9.95409	0.770887	44.6925	8.39492	1.40089	37.2178	4.9701	1.04197	23.3856	9.07058	0.673235	44.4471	6.22546	1.13381	18.3777	6.40932	0.921571	23.5041	9.76531	1.70494	23.3953	5.90404	0.802226	25.9539	5.46683	1.70117	23.1518	5.24696	1.4571	12.9361	1.65594	1.76394	4.34546	5.32346	0.517029	14.3363	
4.82425	1.79876	23.9957	7.34062	1.30972	21.5706	4.24043	1.242	13.6075	4.31519	1.13039	16.9697	5.32923	1.13548	19.6082	2.45114	0.686821	6.60515	5.13263	1.08315	20.6019	7.89587	0.539246	33.679	5.72332	0.558125	23.1245	4.77119	1.45256	16.4362	4.59058	1.407	21.0313	4.33363	1.7098	19.7625	4.74068	0.63909	17.7756	6.40674	1.4275	20.1943	9.45801	0.701545	27.3037	6.00931	1.88709	18.8144	
2.29873	1.97113	10.7664	8.48555	1.12961	28.5101	4.18838	0.545961	15.459	6.50482	1.49884	13.017	8.05532	1.53032	20.6126	2.26216	0.665838	10.861	3.68918	1.06834	8.44061	9.36967	0.616929	28.7964	5.91791	1.8598	28.6416	5.08091	1.58228	10.7666	7.43787	0.572736	16.1509	3.79348	1.51752	9.40343	1.53855	1.89795	4.65723	1.87466	1.21264	6.69898	6.84601	0.694196	28.9449	1.53015	1.86891	6.39803	
5.34707	0.527374	25.6349	5.99166	1.19375	16.307	3.94618	1.37783	13.8538	2.9079	1.45353	13.4136	3.6181	0.928413	9.66083	3.98013	1.23174	18.2004	5.15534	0.901198	19.3929	6.40821	0.92212	27.6059	4.93055	1.71486	16.2904	4.1384	1.04578	19.3485	2.89114	0.890685	7.77552	4.22777	0.852646	12.0888	5.52113	0.720868	13.7549	7.47253	0.667793	33.6003	9.37174	1.57826	45.178	7.05517	0.969487	24.7501	
5.09996	1.11936	19.3617	2.99309	1.8986	11.7274	3.87927	1.94776	10.2772	4.67264	1.31779	14.8626	5.46391	0.849965	11.635	7.85919	1.00979	25.2054	3.7303	1.63131	17.9493	3.83586	1.94948	15.0693	2.32148	1.96106	11.0594	3.23683	1.84379	7.02163	5.57448	1.32148	19.1234	3.99658	1.266	19.9433	5.86895	0.650539	23.2683	7.37077	0.975363	18.6274	3.7075	1.28987	11.4203	7.12336	0.616269	31.876	
5.74595	1.18879	26.3733	5.05515	0.771891	21.3766	3.93614	1.73329	9.75015	2.07732	1.86705	9.11284	2.45546	1.30394	6.02173	4.98285	1.32108	13.8404	5.25307	1.16133	18.7934	5.36544	0.958251	20.2809	4.46488	1.28163	12.6424	3.85924	1.48433	13.2684	1.75161	1.00338	7.00956	4.31658	1.89505	19.3855	6.06287	1.93936	21.4969	8.11948	0.678072	16.9221	9.23901	0.976029	39.8153	7.69995	1.85049	36.6312	
7.17144	1.84891	23.4862	6.9763	1.11285	18.1802	5.70778	1.79936	28.3257	4.08615	1.00828	18.564	4.1173	1.86784	12.8967	5.46445	1.6815	20.7561	6.9564	1.29235	17.0874	7.17061	0.803634	33.2611	6.45608	1.99446	21.5044	5.78048	1.5194	12.5269	3.54187	0.749176	16.4134	6.02122	1.64805	26.7889	7.31893	1.4945	17.4408	9.21652	1.86625	46.0264	11.1118	1.45171	30.761	8.80305	1.56416	27.2938	
3.98996	1.90263	13.9608	3.8554	0.55388	18.3128	1.89527	1.708	8.17178	1.10234	0.72762	3.80997	2.64559	1.8728	7.63687	4.44509	1.31984	14.4527	3.23296	0.767603	7.07458	4.4973	1.52859	17.7287	2.45589	0.884785	5.11877	1.74553	1.3866	5.0918	2.07512	0.633472	9.67905	2.32921	0.525948	11.2781	4.47801	0.814192	10.3527	6.59914	0.978493	14.6656	7.12073	1.46647	28.8294	6.19116	0.857401	19.807	


# This instance was randomly generated with the following parameters: 
# SIGMA_MIN=0.5
# SIGMA_MAX=2
# CAPACITY_OVER_DEMAND=3