4	8
27.3678	1026.74	101.96
146.801	1078.31	102.358
125.493	989.455	81.9288
39.9017	659.514	36.012
2.88059
27.6197
27.7134
26.0928
3.58742
28.8942
21.9242
22.4171
3.17553	1.24142	8.66965	2.70556	1.26754	13.1536	8.79601	1.8131	35.645	10.0992	0.633091	29.9775	1.64719	1.48593	6.97594	7.69145	1.78315	24.4381	2.41056	1.34665	11.6428	7.60538	0.84923	30.7833	
5.93177	1.62804	12.8287	1.13488	1.89815	5.26192	8.08193	1.10504	31.7982	9.49591	0.559337	23.8472	1.73433	1.62059	4.66415	5.48902	0.643981	26.705	2.8904	1.6787	9.28468	8.91126	0.870935	30.4161	
4.349	0.627948	18.3556	2.78063	0.616318	6.28683	4.70925	1.0266	10.8295	6.06918	1.66507	15.3049	3.3611	1.57241	10.4444	4.0909	1.42962	13.7985	1.74201	0.666203	6.86175	5.32714	0.859556	25.771	
3.27956	0.79554	9.84597	5.76498	1.683	23.3697	5.08378	1.75544	22.1503	5.91497	0.663101	14.985	5.77517	1.02125	27.3106	6.91913	1.80025	28.6019	4.0465	1.28078	11.1007	2.10557	1.51205	9.28695	


# This instance was randomly generated with the following parameters: 
# SIGMA_MIN=0.5
# SIGMA_MAX=2
# CAPACITY_OVER_DEMAND=2