9	18
11.0151	1032.45	90.1482
145.397	1321.7	146.291
64.8723	1202.09	126.793
135.07	1290.27	144.613
99.9479	1281.03	148.844
166.144	998.872	84.2753
150.108	991.79	86.1863
84.8436	653.704	37.1129
176.782	1273.37	153.346
2.41543
6.69695
1.93032
2.9052
10.7316
11.0548
4.58573
4.67734
3.41363
3.39809
4.28829
9.39091
6.40009
7.38341
9.27427
4.10664
8.14714
0.961135
6.73054	1.55384	27.6598	6.7313	1.28981	24.6445	7.10511	1.6268	31.281	6.55676	1.24384	25.3979	1.82179	1.67216	7.93714	7.06062	1.63607	16.5509	5.06043	1.81646	16.7327	5.71996	0.565632	28.5846	7.614	1.12549	19.2332	4.89598	1.8271	10.9818	4.38847	1.07399	19.194	5.82538	1.54741	20.8568	5.3826	1.00236	23.49	3.39771	1.51956	16.5216	2.16317	1.58855	8.02852	4.79596	1.18941	10.2797	4.51491	1.20383	9.22867	3.86512	1.75634	8.3429	
11.4024	0.959173	52.5578	0.515281	1.96176	1.85106	3.52213	0.864336	12.7012	2.41179	0.976866	9.48843	6.45659	1.60632	32.2761	7.42633	1.75601	31.9427	5.80265	1.69271	25.1141	0.692144	0.515963	2.41861	9.51098	0.920422	33.1577	5.7806	1.67317	12.9489	9.08435	1.05425	26.9679	9.51289	1.10014	40.7406	6.18494	0.863885	22.4356	3.77328	1.88115	16.5579	7.15563	1.36282	15.0507	2.17144	0.526842	5.22795	3.38097	1.78687	6.85003	8.3821	1.89796	37.6003	
6.54156	1.45602	13.1618	5.59069	1.9056	23.9154	5.18172	0.631474	19.1016	4.77123	1.73138	16.7655	3.47855	0.714309	16.3368	5.23843	1.63141	13.113	3.14598	1.7589	11.7409	4.5927	1.87042	16.2389	6.20815	1.92543	24.6324	2.98899	0.56629	6.40827	4.11928	0.899739	13.5332	5.03388	1.66552	16.6289	3.51209	1.7387	7.6096	3.43897	1.86724	15.5273	2.01532	1.02709	8.78479	4.18912	0.847188	15.3268	2.60517	1.45582	10.3383	3.43354	1.55899	7.4966	
6.70428	0.63426	23.7933	6.11541	0.518274	19.4942	3.219	0.877873	15.0095	3.68225	1.99262	12.9913	7.03999	0.94747	16.0325	1.95448	1.50857	8.74066	0.615962	0.51736	2.63787	5.44773	1.22427	16.6455	3.91357	1.86707	15.1416	0.765174	1.32503	3.12053	4.94542	0.621139	18.9743	4.5263	0.835513	21.7789	0.709699	1.96212	3.46949	6.21927	1.33689	20.3488	4.36072	1.50103	10.4403	6.04515	1.2931	19.7853	2.40115	1.76781	10.4173	4.38024	0.871984	11.8423	
6.51484	1.46412	19.0924	7.00053	1.50233	14.3221	3.74561	1.12156	17.2263	4.41261	1.4312	16.912	7.9345	0.529692	30.5204	0.954538	1.84508	3.11356	1.31023	0.860102	3.02736	6.38773	0.936868	15.451	3.13763	0.663731	15.6311	1.46997	1.17693	6.17831	5.07778	1.08092	23.0137	4.30378	0.517986	16.7521	0.989516	1.75165	3.42116	7.22519	1.90384	16.0072	4.93875	0.625766	15.3332	7.0445	1.88552	22.6713	3.39247	1.891	15.7308	4.61193	1.10676	16.8196	
1.21123	1.10831	3.73088	11.6871	1.08245	42.0381	9.33499	1.74257	32.8094	9.70341	1.51111	36.5667	8.90681	0.832552	41.061	5.39382	1.75455	17.0462	5.65224	1.39116	23.7368	10.8006	0.825444	50.5423	3.39218	0.908047	11.8466	5.60641	1.50182	23.4006	2.76314	1.97335	6.27239	1.66842	1.02182	7.3508	5.40697	0.770123	16.2033	9.99864	1.45193	44.644	5.01757	1.73893	10.1353	10.7382	0.510958	24.2172	7.82876	1.29928	27.3918	3.29852	0.89422	15.774	
8.43087	1.47094	29.4068	7.20045	0.651599	27.8541	8.51955	1.2648	32.6287	7.7773	1.75295	27.0357	0.512132	1.1071	2.54686	9.06338	1.32732	38.8691	7.00809	1.42131	15.8624	6.27014	1.37833	21.4152	9.6695	1.27573	34.148	6.84802	1.40013	13.7009	6.23116	1.2327	22.2689	7.78733	1.58442	36.8306	7.35756	1.31556	24.6491	3.28394	1.33249	10.1104	4.15439	1.10146	19.0882	4.96399	1.20316	24.521	6.01645	1.04771	27.5304	5.79196	1.97431	14.7118	
8.09688	0.801553	19.1999	8.71027	1.94388	26.5821	4.84609	0.85174	23.3391	5.8746	1.10256	16.9101	10.6497	0.92112	47.2673	2.15927	0.906174	6.63196	4.03462	1.24228	19.171	8.33496	0.752359	19.0589	3.70897	0.867828	16.2491	4.19671	1.60491	15.0831	7.28745	1.97364	17.7615	6.03396	1.94302	26.5962	3.70926	1.97583	17.5961	9.73183	0.738525	31.7024	7.58504	1.21206	18.2507	9.28494	0.678074	19.6461	5.71676	1.39929	20.5078	6.96884	1.6357	26.1968	
2.69822	0.518493	10.0372	9.68487	0.705519	29.9608	7.29435	1.37859	29.4825	7.65001	0.790523	21.4176	7.63821	1.82631	31.672	3.60866	1.12566	10.2214	3.59981	1.5751	14.8443	8.82431	1.23591	43.9128	2.2971	0.754668	6.69398	3.55282	1.88686	7.64774	2.0277	1.4308	8.36656	0.494747	0.602212	1.20854	3.36699	1.37907	16.0583	8.29955	1.51508	23.939	3.66659	1.21193	16.0812	8.87304	1.44101	17.9037	5.80554	1.85218	22.3978	2.11516	1.01734	9.37974	


# This instance was randomly generated with the following parameters: 
# SIGMA_MIN=0.5
# SIGMA_MAX=2
# CAPACITY_OVER_DEMAND=10