6	12
154.366	1092.58	111.024
136.835	852.469	66.5303
90.5911	1036.93	95.8021
86.7938	643.532	34.3664
163.729	610.475	33.6676
94.7323	1000.82	87.6598
8.51491
17.8248
0.165694
22.0918
3.52396
19.8472
4.73067
20.0417
6.81576
17.2294
4.54365
17.6871
5.64475	0.943029	18.0579	3.29967	0.995443	11.0779	5.34308	1.71949	12.2842	3.28159	1.93339	14.6288	4.17493	1.74211	14.6729	2.70373	1.70751	9.89022	1.71677	0.923356	6.06547	2.46675	0.993516	5.17518	3.06159	1.19237	13.4545	2.82138	1.87531	12.2475	2.56527	1.94502	6.61977	2.96711	1.56244	6.63525	
7.11364	1.22937	15.4078	3.73015	1.42151	11.4524	1.94339	0.801228	8.10905	1.95141	1.23774	8.08309	8.80664	1.8581	19.4932	7.49916	1.76	33.0179	6.17655	1.64823	21.9387	2.72893	1.96957	9.23323	8.1397	1.09473	24.9166	4.22709	1.58821	11.5505	5.29356	0.773669	23.3311	6.7411	1.07284	26.1921	
3.32182	1.29928	11.751	7.6909	1.21365	21.4495	9.201	0.672401	36.3532	6.4548	1.19202	13.2524	1.68705	0.968785	4.20753	5.60815	1.87433	11.3739	5.60952	1.94067	25.4293	5.90917	1.11582	28.5409	3.05469	1.65258	13.586	7.27328	1.8412	35.4705	6.96572	0.81483	34.4045	1.61614	1.07568	4.58653	
6.91888	0.867904	21.5457	6.78847	0.980979	16.1471	9.16995	0.806017	42.8797	7.13255	1.72384	15.3758	2.29805	1.01338	7.26681	2.75427	1.68121	9.64361	3.65068	1.80961	12.6871	6.33501	1.30575	21.7721	1.10437	1.49077	2.39854	6.16079	1.60652	26.5789	5.30715	1.53254	10.8756	3.74885	1.11794	18.2976	
7.35755	1.01641	31.215	1.51347	0.733074	4.02696	1.73139	1.9567	6.83608	1.65096	0.734152	6.13231	7.6837	1.37944	21.2671	5.51197	1.59784	12.5608	4.18123	1.93834	15.2734	1.73872	1.21025	8.05601	6.67217	1.51856	13.751	2.0035	1.69585	4.98976	3.0958	0.549167	14.4734	5.95887	1.12284	28.6635	
3.19297	1.79413	15.024	7.15068	0.890222	17.2276	6.65354	1.13927	16.5085	4.30633	1.28258	11.9507	7.29969	1.95168	31.0152	8.65828	0.530964	27.4053	7.68669	1.69557	36.1671	4.64111	0.744773	16.0531	7.63772	1.79319	17.91	7.25671	0.580089	27.3355	7.85842	1.01976	33.0638	5.0992	1.01949	13.6966	


# This instance was randomly generated with the following parameters: 
# SIGMA_MIN=0.5
# SIGMA_MAX=2
# CAPACITY_OVER_DEMAND=3