12	24
96.8545	1103.06	110.125
149.276	716.283	42.9634
37.2598	1069	103.116
135.286	1184.17	123.854
37.7528	996.394	85.6833
105.164	602.802	33.0154
175.364	1150.69	129.839
169.924	350.051	11.4526
145.336	1209.48	141.132
159.677	679.161	44.2906
34.5768	1028.88	102.501
151.572	518.794	23.5137
23.5433
28.5434
46.0151
7.93366
25.9146
10.4568
38.1689
32.6993
38.293
37.6161
11.3844
7.32837
3.76741
48.9307
25.4091
25.4169
20.9481
48.0959
29.2526
28.1795
22.876
35.6115
27.6584
10.2806
4.41648	0.563491	13.2514	4.85178	1.19915	14.4837	3.78324	0.909332	11.9561	4.63903	1.54707	13.8734	2.84637	1.81451	10.8745	5.30734	1.30005	21.1605	2.75335	0.765889	7.07122	0.558029	0.991062	1.94219	7.0296	0.687723	14.6706	6.71292	1.38791	27.3681	2.26845	0.693351	6.04662	5.04247	1.57848	16.4561	7.20166	0.870056	29.5951	2.2537	1.63701	7.52338	3.95583	0.557573	16.5157	6.9816	1.20041	22.6101	3.76222	0.618677	16.4625	6.66056	1.61198	31.0041	1.18339	1.35485	5.36052	0.675692	1.90147	1.41816	5.32283	0.906544	18.5973	6.18991	1.23643	21.3841	3.25637	1.4834	10.5088	3.78093	0.575912	10.7338	
1.71891	1.9855	8.23751	2.23453	1.00271	8.54218	2.45261	1.39361	8.64616	7.76176	1.2395	23.6044	4.58087	1.38733	12.0577	1.26213	1.12242	5.19215	6.80853	0.701349	21.3041	5.54118	1.83757	23.4088	6.33367	0.738269	16.646	6.4016	1.97226	14.544	8.08605	1.42184	18.9934	9.49987	0.537805	38.5914	7.7752	1.36121	20.8354	7.27934	1.72769	34.8942	4.74702	1.72851	16.6421	7.3285	0.641747	36.6382	6.2659	0.635966	21.127	2.95671	0.507481	7.59106	6.80103	1.2347	25.8025	5.6137	1.27653	17.464	1.96489	0.936573	9.09062	6.77143	1.43098	30.8951	8.91232	1.69991	24.923	3.67305	1.48599	14.8601	
8.81867	0.917751	32.559	8.21879	1.03743	26.4684	7.57292	1.80623	28.3196	8.47726	0.869776	37.5338	5.54496	0.582546	23.1149	9.0277	0.61239	35.0344	3.29457	0.8977	7.16819	5.33783	0.532119	22.8842	7.81087	0.500952	31.3146	7.36272	1.81732	29.622	4.3011	1.75458	18.2455	1.60364	1.39639	6.50235	6.85632	1.65045	29.0079	5.74863	1.13465	15.9958	8.69635	1.83331	23.8151	6.94653	0.524936	32.0298	4.4387	1.77125	14.5301	9.52878	1.63003	39.224	3.60281	0.5639	13.437	4.70761	0.733288	20.2783	8.70898	1.43595	23.11	6.41686	1.33412	14.3676	1.73393	1.20817	8.17145	8.55155	1.03184	24.2001	
4.2839	1.76912	15.6941	1.88141	1.53879	8.09477	2.95957	0.59472	8.42847	9.76265	0.8523	26.1042	3.46385	1.55428	11.5269	2.52078	0.906945	11.3869	5.40355	1.68673	17.1276	6.07284	0.625091	26.118	2.72811	1.04884	12.9833	2.87686	0.821783	9.5952	8.39443	1.16252	39.144	7.58271	1.31772	17.4989	4.32815	1.51135	10.6419	8.24288	1.26824	36.566	7.2042	1.5114	19.9579	3.86858	1.96135	15.0248	4.19423	1.77115	18.7029	1.09108	0.783207	3.29529	6.43787	1.40582	22.202	5.55353	0.654962	20.3577	1.80201	1.0775	6.54755	3.48629	1.80959	14.7647	8.10413	0.863878	33.1386	6.13418	1.8552	19.9094	
2.96811	1.45967	7.58777	4.77932	1.7206	20.9271	3.63107	1.23569	9.73634	3.21544	1.0775	7.97943	4.32438	1.06851	16.7859	4.68311	1.4321	11.0614	5.35734	1.14731	16.5689	2.28775	1.3192	6.1059	8.36509	0.641798	19.0722	8.16971	1.87421	35.6775	4.12888	1.48538	10.7343	7.85426	1.20328	20.8525	9.04416	1.23397	23.1284	2.87601	1.57929	8.22743	1.12494	1.72752	2.95524	8.72165	1.38708	31.0594	5.93108	1.96792	20.1859	6.6204	1.70114	27.3851	4.02095	1.56438	11.7604	3.12294	1.50332	15.3709	5.08566	1.63474	11.2226	7.94133	0.797992	32.7354	5.99715	1.37835	14.9493	1.23357	1.85999	4.32664	
3.05209	1.97448	11.3878	1.16164	0.676327	2.44623	2.28687	1.41879	10.2687	8.95939	0.523863	36.5762	3.75265	1.17657	13.0904	1.14449	1.16077	3.64301	5.96753	1.64933	19.5047	5.77876	1.03632	22.7456	4.29216	0.527269	16.4401	4.41194	0.632941	13.2846	8.27954	1.72255	19.5565	8.44353	1.42516	38.7059	5.83963	1.57074	15.931	7.84287	1.97897	23.5042	6.16494	1.84518	26.1235	5.38277	0.888852	25.0011	5.03434	0.51899	12.4974	0.929342	1.49914	4.21559	6.55858	0.543676	22.7863	5.49486	1.82603	17.0536	0.699609	1.58978	3.43154	4.91811	0.816112	15.8676	8.47467	1.62326	32.0898	5.05898	0.554438	15.1352	
7.27583	1.01577	22.2052	4.92876	1.99841	12.0334	5.60319	0.846624	22.4356	11.7286	0.722658	30.9999	4.62504	1.33064	9.70748	5.79766	1.3856	22.549	5.25178	1.30741	12.6211	7.49674	1.98847	35.0846	0.702867	1.393	2.67331	0.682496	1.17813	2.76061	9.17009	1.07846	24.5285	6.21394	1.42125	21.0996	1.14881	0.518287	3.84372	9.58315	0.510411	37.0519	9.71933	0.764983	36.1169	0.797672	1.59681	1.638	3.79124	0.511607	13.6613	4.42224	1.7812	16.0471	7.01626	1.29187	16.2455	6.65633	1.5828	29.27	5.06504	1.35198	24.1607	1.28372	1.50025	3.35328	7.8808	1.11678	35.4776	8.77681	1.40905	27.899	
5.65533	1.27822	24.461	4.04296	1.22009	19.4331	3.94783	1.75144	14.2052	8.7363	0.917265	34.8703	1.98381	1.1009	8.89215	5.00233	1.70894	17.7013	1.92339	1.77387	5.38215	4.42628	1.21699	14.8109	3.24186	1.27455	7.1985	2.83383	1.2026	11.4745	5.84074	1.55838	12.2331	3.68023	0.545644	18.204	3.05461	1.50468	14.4033	6.37476	1.40447	26.4249	7.23883	0.97799	31.7892	2.86933	1.9148	9.85841	0.448779	1.37029	0.940462	4.906	1.36918	17.6552	3.69114	1.04314	12.5662	3.5048	0.795726	7.95545	4.46266	0.624242	21.868	2.10122	0.760298	5.06753	4.64125	1.00493	18.244	6.50819	1.45343	21.2745	
2.62535	1.44698	7.08391	1.57828	1.49481	3.88186	2.41911	0.620775	9.09483	8.69994	1.37453	37.0641	4.24724	1.60988	12.5778	0.897521	1.6897	4.35088	6.50475	1.76997	22.012	5.89387	0.556629	22.276	5.16307	0.613017	17.9385	5.2824	1.46984	13.0218	8.44148	0.516756	18.0238	9.07447	1.99599	20.192	6.70571	1.12102	17.1026	7.84981	0.95764	27.8893	5.78378	1.00206	20.0346	6.24969	0.818954	14.2823	5.70114	1.91828	21.5981	1.63619	1.82285	7.96008	6.87586	0.901826	28.6195	5.74815	1.94911	15.1781	1.10709	0.880117	3.6075	5.7689	1.06969	12.9103	8.88373	0.766259	42.6366	4.67737	1.29653	16.2679	
4.14502	1.32165	18.4185	6.03083	0.519122	24.0045	4.87925	1.87294	18.261	1.97105	0.764381	6.88517	5.39992	0.692732	19.6174	5.91743	1.50327	20.0047	6.09866	1.34488	25.1418	2.90494	0.976296	9.54219	9.53448	0.52089	41.9004	9.31756	0.959956	37.8885	3.94989	0.512267	18.2612	8.38543	1.34805	30.7259	10.1165	1.40736	21.8951	2.45931	1.6113	8.87442	1.31858	1.85572	3.75564	9.81652	0.77181	36.1052	6.87283	0.621891	14.8732	7.8705	0.925195	38.1122	4.48475	1.08933	10.9138	3.8481	1.02797	14.3587	6.33545	1.62819	22.6559	9.02715	1.14693	37.9424	6.20365	1.22772	26.829	2.18435	0.567218	9.49242	
3.66746	1.02621	14.6911	4.94557	1.48296	15.2933	3.76409	1.96474	13.6926	3.31404	1.2923	7.34689	3.7909	1.45209	7.77494	5.09012	1.34046	22.7069	4.3689	1.14066	11.3889	1.17952	1.47069	4.38237	8.00932	1.26529	33.8029	7.75699	1.2781	16.2082	2.95776	1.06017	14.5409	6.73147	1.8326	25.385	8.46477	0.958188	20.6199	1.91381	0.544534	4.56767	2.30578	1.59347	8.25757	8.18676	1.69991	37.1701	5.15956	1.6429	21.0776	6.83202	1.65186	22.4846	2.84856	1.60654	9.26806	2.1147	1.73605	5.85178	5.3374	0.930457	19.2552	7.3922	1.48783	28.0778	4.76957	0.858789	23.7581	2.37475	1.06835	11.0048	
2.90637	1.49999	13.9924	1.18469	1.2416	2.54762	2.25484	1.7516	8.62788	8.85946	0.866857	31.7249	3.8274	1.76039	15.3226	0.998299	0.647033	3.01529	6.05876	1.49153	16.8725	5.76016	1.78616	28.5015	4.4973	1.27005	20.8824	4.6137	1.17018	10.1919	8.2758	0.518111	32.3209	8.56331	1.73493	28.1362	6.03808	1.10247	15.3909	7.80169	1.53765	18.0857	6.03664	0.885306	15.5778	5.58174	0.660257	19.9872	5.16217	0.600678	15.6962	1.09585	0.697699	3.67064	6.59169	0.815188	21.2195	5.50983	1.28974	25.2177	0.692023	0.647086	2.3031	5.10877	0.604963	20.2894	8.53362	1.63301	25.8176	4.92871	1.10566	21.3358	


# This instance was randomly generated with the following parameters: 
# SIGMA_MIN=0.5
# SIGMA_MAX=2
# CAPACITY_OVER_DEMAND=1.5