4	8
108.723	645.389	40.1759
22.6782	1194.25	127.356
161.699	936.364	72.8766
130.671	705.2	47.3977
7.61156
10.7726
4.38356
27.5532
35.0357
0.942844
24.9491
32.6543
3.95545	0.666338	18.8617	8.23032	0.474913	41.0549	7.92518	0.105739	30.8865	2.10845	0.389454	9.35009	5.50342	0.598937	24.4716	4.20609	0.664116	10.5382	5.53762	0.200747	21.1878	5.35108	0.550655	21.1719	
6.40938	0.64936	26.775	5.09747	0.703288	19.6815	3.33403	0.7049	8.61637	6.56143	0.53299	23.4945	1.23397	0.78399	4.20181	2.37981	0.673408	9.33107	1.93184	0.605435	4.53223	1.32933	0.972752	5.61821	
5.39276	0.283691	25.0629	1.19782	0.35111	3.69436	0.940225	0.54402	4.08427	6.67085	0.892786	21.2233	4.84123	0.818265	22.4116	3.98681	0.79151	9.15466	2.64549	0.152237	6.3082	3.4037	0.710949	13.6447	
8.69828	0.315067	23.2477	4.77358	0.780272	22.1393	2.92251	0.564239	6.00418	9.44757	0.372821	34.0892	4.74743	0.108442	13.8146	5.51387	0.596301	18.8603	4.29948	0.855315	21.2107	4.36678	0.905948	11.3308	


# This instance was randomly generated with the following parameters: 
# SIGMA_MIN=0.1
# SIGMA_MAX=1
# CAPACITY_OVER_DEMAND=2