4	8
8.19083	1329.15	149.478
78.2861	634.881	35.938
45.8807	495.659	20.3988
117.189	968.057	92.7108
4.94342
19.2682
41.6726
10.4613
31.2966
12.1644
43.3105
35.9002
5.23262	0.975198	22.9905	9.07371	0.107152	33.2755	9.1219	0.7608	18.335	8.92313	0.304955	34.718	4.82505	0.421338	20.9439	6.8253	0.935256	28.8082	5.79981	0.686136	24.4086	8.86973	0.952415	26.7954	
1.73377	0.877953	5.90104	5.0183	0.244199	24.5256	4.8803	0.571347	24.0601	7.48082	0.359681	29.3325	3.26001	0.599324	15.6448	4.83962	0.879011	22.7938	6.15912	0.136844	29.0035	4.72883	0.737549	15.0164	
6.8333	0.727771	27.6457	6.37245	0.308101	19.5289	7.0839	0.182798	28.4487	1.19559	0.999871	3.13009	5.65025	0.45865	25.6188	3.7197	0.790336	16.4563	4.77028	0.6452	9.77817	6.66607	0.686689	28.6963	
2.95902	0.572718	10.5592	6.61386	0.212779	21.1746	6.52474	0.374116	15.333	8.1649	0.567971	20.2618	3.67652	0.946145	11.4393	5.61906	0.644344	27.6605	6.07484	0.282116	25.7285	6.34666	0.378244	30.0479	


# This instance was randomly generated with the following parameters: 
# SIGMA_MIN=0.1
# SIGMA_MAX=1
# CAPACITY_OVER_DEMAND=1.5