12	24
126.131	1297.16	143.907
130.939	941.541	74.5625
66.5296	1180.01	122.977
27.9233	1121.29	104.592
1.07249	1024.74	102.608
66.4233	1081.03	108.446
71.0172	537.721	24.0652
166.64	552.779	27.6675
135.508	1133.27	127.556
107.407	1137.92	113.391
83.2013	1237.14	130.832
57.8757	909.213	68.9506
12.0831
34.7218
10.5391
18.7472
40.4361
27.2356
41.8645
15.5372
14.2481
52.0897
46.4683
42.5471
42.1488
60.8517
17.5732
35.3442
28.5849
39.5548
69.7399
24.6524
15.7957
21.3803
10.6004
43.6257
7.02582	0.63901	19.9156	3.31587	0.537818	15.28	8.2952	0.622104	29.2241	2.63341	0.496412	8.10755	4.45147	0.626387	12.2752	6.63026	0.250099	22.3389	0.622314	0.244953	1.98387	3.66017	0.235041	15.6831	3.64028	0.13923	17.9473	8.2286	0.842191	21.6432	3.55657	0.112609	17.002	7.01586	0.410959	30.4672	5.91548	0.917815	25.4717	6.75402	0.309654	18.0816	6.06175	0.295627	23.0352	3.98045	0.636691	18.4623	3.58967	0.13836	7.64097	4.37463	0.960456	19.8109	4.44574	0.525606	17.9753	3.78208	0.486404	10.3596	5.64439	0.286385	23.5658	4.75302	0.880122	17.3205	6.09882	0.412268	14.2895	5.22898	0.461397	12.3208	
8.52393	0.406732	35.9656	4.52197	0.381216	10.5209	10.6604	0.108116	42.9521	4.83647	0.465745	12.6983	6.7379	0.945309	26.5769	7.72805	0.796289	36.4568	2.46473	0.96504	5.09106	2.08528	0.166956	10.371	4.64984	0.618548	20.707	10.6077	0.779144	46.1855	3.30466	0.592442	11.3532	8.46973	0.919688	25.9608	8.0871	0.314186	29.8044	7.59547	0.299264	37.7714	8.45337	0.240343	33.097	5.42578	0.583242	21.06	1.22383	0.175967	3.40944	4.58771	0.599094	20.4828	4.3898	0.310721	18.4244	2.63932	0.949057	10.4721	7.98645	0.349507	31.1651	6.72847	0.316099	25.3057	8.11381	0.335565	39.2453	5.93472	0.534943	12.6208	
7.76661	0.721565	36.2297	2.70824	0.757896	11.185	6.36777	0.530535	13.0355	0.810254	0.818922	3.11559	1.10329	0.449623	3.86757	8.05974	0.224479	21.6165	3.78813	0.804494	10.9438	7.06156	0.919228	24.2934	5.83612	0.704734	28.4311	6.21555	0.957859	24.9574	6.65702	0.467715	20.3497	7.83595	0.540445	32.3981	5.22939	0.925309	22.5584	8.49584	0.81424	33.3615	4.21455	0.538299	13.5969	2.39512	0.771912	6.1204	6.86384	0.31311	33.3689	7.08022	0.90467	33.3407	7.3147	0.568121	26.7493	7.13172	0.504596	19.5546	4.24066	0.5411	20.2988	4.98964	0.76757	12.6961	5.87036	0.591099	14.8139	7.3614	0.644054	24.625	
5.54722	0.568689	18.1555	7.06066	0.249295	27.3589	9.45279	0.490592	38.537	6.12354	0.536984	20.5055	7.61871	0.797934	22.0833	4.39387	0.382762	11.0078	3.17369	0.22435	13.1635	2.29799	0.742877	9.65606	1.86589	0.766808	8.58954	9.48624	0.745731	35.6699	0.383821	0.75147	1.27916	5.44327	0.256647	17.8951	6.4071	0.636063	27.2936	4.08054	0.359665	10.9773	7.6076	0.832487	35.5158	7.74316	0.480963	25.5432	3.74235	0.219442	12.7594	0.9512	0.289191	3.78627	0.73686	0.13442	2.35443	1.62856	0.247064	4.5217	6.9186	0.196364	28.5158	4.81158	0.781931	12.8375	6.04436	0.643988	14.7914	2.45098	0.642621	10.417	
3.16571	0.372591	10.9431	8.63532	0.850038	24.7029	2.73369	0.727979	8.26492	6.38468	0.552327	28.8129	5.89405	0.958762	18.1066	4.52832	0.464857	16.2565	6.61851	0.878199	31.7811	9.02819	0.939247	40.4554	5.27094	0.377133	17.5845	2.88138	0.650865	13.9602	7.36722	0.38484	35.6017	3.33584	0.474664	8.75879	0.995218	0.334781	2.93297	5.33822	0.468155	13.5601	2.47687	0.864318	8.86702	8.52919	0.879542	18.9758	9.89351	0.323028	25.3109	6.617	0.976022	19.0212	7.10621	0.915032	22.5742	8.57486	0.996328	32.4374	2.01044	0.738615	9.06537	2.37918	0.105638	7.4748	1.11125	0.416137	2.44757	5.55902	0.721464	21.9072	
5.55642	0.149896	15.3994	8.14812	0.170262	18.0116	0.947952	0.500517	3.15388	5.96174	0.488632	18.1383	4.78884	0.151938	20.7131	6.82962	0.976891	15.3315	7.28258	0.443911	26.9289	10.2193	0.451077	29.6815	6.88043	0.61969	32.1985	0.86838	0.241067	1.88284	8.82447	0.477349	20.6133	5.72181	0.146335	15.5144	2.48251	0.694721	9.58228	7.61454	0.388243	33.9012	1.31522	0.539951	5.7457	7.78325	0.188087	30.1108	10.7782	0.536651	24.9222	8.34974	0.219207	26.7247	8.80819	0.838128	40.0875	9.90098	0.506675	37.4867	1.79438	0.376268	5.56894	3.98087	0.612313	9.68821	3.26188	0.158763	14.4266	7.55736	0.683318	28.8351	
2.71322	0.377309	10.486	7.91225	0.340879	24.7725	7.1963	0.419096	24.2321	6.2256	0.712868	16.0885	7.09818	0.173991	14.61	1.82893	0.693315	5.86821	4.2405	0.406782	9.62402	5.08103	0.123379	23.6536	1.28757	0.173006	6.18626	7.28122	0.433672	26.3086	3.17446	0.738054	14.3482	2.62092	0.406109	7.68877	4.09961	0.251951	17.1563	1.97405	0.342576	7.96057	5.7598	0.857163	24.7156	8.3211	0.419119	33.9862	6.36378	0.699561	25.4273	2.09762	0.338868	10.4469	2.59332	0.644301	6.48572	4.45953	0.274249	13.3524	4.99835	0.901194	24.2083	2.60478	0.850866	9.90229	3.50793	0.738534	14.9359	1.00461	0.658064	4.99946	
1.03856	0.259707	2.9643	9.08963	0.104843	18.8043	6.40892	0.15636	27.7891	7.16708	0.758812	14.4326	7.65402	0.932036	25.5727	0.880673	0.231172	3.32181	5.69499	0.147464	20.4612	6.77099	0.400852	29.0684	2.941	0.379794	9.2012	6.54309	0.701034	26.0207	4.85586	0.847192	10.4376	0.930205	0.511192	3.60799	3.51999	0.866804	10.452	1.66264	0.464991	7.51477	5.47097	0.533542	13.8582	9.36813	0.781568	37.0182	8.05219	0.414519	18.8127	3.69457	0.242981	16.374	4.17478	0.151589	17.8362	6.1383	0.388673	22.9901	4.72212	0.713452	20.3011	2.52644	0.908047	10.4334	2.69411	0.966594	8.98209	2.25191	0.885404	6.87249	
7.25811	0.835141	24.4129	4.2471	0.860904	16.5894	4.89316	0.921527	18.0387	2.28974	0.696797	8.21656	0.804007	0.783933	2.31984	7.84957	0.524894	32.4556	4.8186	0.920395	21.1983	8.13849	0.915755	34.3568	6.17311	0.338501	18.1623	4.72305	0.376887	19.0907	7.41245	0.2869	16.2956	7.35871	0.119782	28.6476	4.30486	0.651918	12.6305	8.41039	0.671954	17.4435	2.8739	0.318191	11.6819	3.79078	0.455045	11.0654	8.15535	0.324322	34.5107	7.5739	0.160072	26.7875	7.89016	0.265828	26.0152	8.09364	0.77385	35.411	3.10378	0.338248	13.4065	4.53862	0.589196	11.2521	5.08423	0.964986	21.7821	7.53761	0.816169	20.664	
5.58855	0.473415	17.5897	5.5316	0.642501	13.5033	3.64392	0.695627	7.75228	3.30025	0.154812	13.4972	2.53869	0.987937	7.11452	6.33832	0.872468	29.9397	4.77768	0.833377	15.5524	7.93174	0.567088	17.8021	5.19611	0.349861	10.8024	3.53703	0.684428	9.11093	6.82062	0.52705	21.0818	5.70243	0.644965	23.3969	2.54082	0.397047	10.4276	6.97361	0.830158	23.3846	1.38988	0.106135	5.92434	5.28004	0.606554	25.2192	8.28856	0.41352	26.7011	6.68171	0.353701	19.3082	7.07155	0.589735	24.757	7.72968	0.187973	27.1631	1.3721	0.783309	5.52745	2.9813	0.448705	9.69334	3.33927	0.864729	11.9884	6.33815	0.518775	26.5693	
7.31045	0.124187	17.8063	4.1376	0.118766	20.232	9.30064	0.660363	41.1651	3.83914	0.923956	15.5155	5.67647	0.328784	26.4687	6.65408	0.724081	29.7361	1.10229	0.907244	5.40774	2.46678	0.141865	8.42544	3.54905	0.530951	12.6572	9.25307	0.366593	40.4292	2.7663	0.595264	11.6918	7.27074	0.284327	16.5145	6.71566	0.498534	22.6142	6.62682	0.913339	23.7446	7.10776	0.237972	21.2729	4.92842	0.706878	12.8191	2.42021	0.36319	5.94035	3.85062	0.432086	18.8651	3.79168	0.569238	12.8064	2.68424	0.963503	10.7153	6.62302	0.588355	20.2432	5.3788	0.129328	22.8998	6.76215	0.481164	29.7999	4.99818	0.695165	19.7797	
10.7521	0.884606	43.4023	2.83919	0.495936	8.16451	8.41444	0.623968	34.9541	3.34997	0.38311	10.1408	2.96687	0.655825	6.64822	11.0671	0.177635	54.0297	6.20912	0.306681	29.3933	9.13894	0.8386	44.6291	8.71521	0.844518	41.6797	8.20949	0.616263	20.1678	9.19729	0.787969	29.0102	10.8278	0.42677	44.3343	8.02115	0.674963	20.7411	11.4867	0.281919	50.5089	6.59925	0.432212	30.6191	1.89516	0.330313	4.40842	8.48238	0.242247	36.8046	9.8352	0.693025	48.5984	10.0005	0.748619	37.4545	9.39205	0.42159	31.3835	6.85998	0.561605	13.7701	7.97267	0.402903	30.8958	8.74684	0.505253	39.095	10.2851	0.630178	39.5733	


# This instance was randomly generated with the following parameters: 
# SIGMA_MIN=0.1
# SIGMA_MAX=1
# CAPACITY_OVER_DEMAND=1.5