9	18
177.797	699.493	45.1533
73.5294	1105.08	109.564
162.403	1049.25	99.5012
95.0759	746.155	50.2598
55.9885	529.93	25.8992
57.4524	714.137	43.4518
130.969	407.071	13.6957
141.378	1085.52	98.2157
176.74	1210.16	137.98
17.1403
15.2518
35.9213
13.9546
10.3359
35.0944
31.7017
11.7183
24.0414
9.72932
36.3774
1.7546
12.8629
0.976087
16.335
12.6594
15.1306
10.875
5.28524	2.54687	19.0623	5.40168	3.44261	14.8025	3.05768	1.68223	10.9382	5.72242	1.13067	16.6243	3.94268	1.90285	15.6839	1.01708	1.47373	2.77539	1.1589	1.98524	3.42737	1.4385	3.06075	4.36921	2.54346	3.21246	6.88979	5.69356	1.67901	14.8343	5.82106	1.67731	27.7179	4.88315	3.36045	11.8423	3.51812	2.64437	16.2696	4.45138	3.0817	19.8123	3.28307	3.46387	14.5249	1.34579	3.67727	4.51681	6.26658	2.83044	17.8574	6.49929	3.69633	27.9543	
4.8264	1.53901	20.6119	2.18681	3.89101	9.99807	2.23058	3.12453	7.16477	4.94693	3.82174	19.2425	2.28382	3.54392	5.27741	3.80799	3.28802	11.7543	4.0661	2.21743	8.65448	3.74013	3.14889	8.84071	1.87756	1.88052	9.31659	2.94738	2.45969	8.11735	5.14342	3.46613	16.5328	1.94019	1.21057	6.00874	6.57737	1.49755	28.6546	7.72302	2.24788	23.1003	4.9601	3.51264	18.0885	4.88893	3.78508	17.795	3.79198	1.29786	15.3528	6.08108	3.4958	22.2191	
6.90309	2.96146	23.2102	3.97	2.90072	16.0876	1.17181	2.93486	4.17095	2.84417	3.37906	6.65728	4.3929	2.19002	11.5502	4.80049	2.71735	18.5802	4.00138	3.09342	8.50105	3.48572	1.17409	9.79462	3.65003	1.15979	18.0312	1.59974	1.99855	4.34333	7.24854	3.03551	18.6987	3.92823	2.7557	9.42877	7.60332	2.58979	17.8562	8.59008	2.83799	23.1822	3.8581	2.53598	14.0642	5.4598	2.69556	24.3324	5.78826	3.09166	20.6886	8.1775	2.41577	28.7025	
2.36657	1.02044	7.46443	6.45449	3.63403	27.6208	7.88013	2.22524	26.9694	10.9355	1.64324	51.9825	4.52581	2.32809	16.2273	4.70856	2.82975	18.5573	6.84943	3.84538	32.4791	7.14083	2.48121	23.0866	4.82932	3.56392	11.7617	9.53214	2.28241	38.4884	2.59932	3.90526	11.1672	5.89254	1.13918	26.4357	4.28561	1.26576	10.2553	5.2335	2.53634	21.6747	8.99782	1.50743	40.1645	5.52327	2.07761	18.4983	5.464	2.29357	18.1472	2.24001	2.8145	9.32767	
2.42249	1.90858	6.51785	6.14571	2.47078	19.7052	8.99116	1.67413	37.6619	12.0061	2.7432	46.409	4.87423	2.35513	15.8395	6.68041	1.45449	20.4478	8.74264	1.29655	25.7195	8.90132	1.96388	34.3833	5.85066	1.67104	19.3684	9.92999	1.42804	25.1271	2.01711	2.71278	6.89194	5.76216	3.6662	20.8937	6.94847	2.8415	32.2382	7.96351	3.97858	37.4238	10.752	1.35819	21.7034	7.7671	2.70108	30.5066	4.50653	1.83775	19.9083	1.12107	1.54403	4.11692	
7.38434	1.52133	21.4937	3.55437	3.26037	8.93529	6.76911	3.90152	28.4969	8.0032	3.20986	39.5574	5.64258	1.55662	18.75	8.74299	2.32411	34.5948	9.15932	1.52423	20.0907	8.78523	1.11965	18.6616	6.47735	1.13285	24.6209	4.80914	3.64014	11.7064	7.29325	3.57194	16.4523	4.17868	2.30884	14.3545	11.3018	1.31453	46.8119	12.5234	3.57618	38.0968	9.6477	3.90048	27.2898	9.94224	2.36365	36.2526	4.34085	2.49132	20.5463	8.09388	1.94656	28.7809	
5.65329	3.04146	27.4371	4.68142	2.43176	11.6289	1.68425	3.26914	3.66854	4.48923	1.12473	17.6564	3.72553	3.81802	13.7031	2.17709	3.53103	8.99724	1.46482	2.26441	5.66188	1.15954	3.70675	4.42241	2.34438	3.29697	9.62898	4.34336	2.91988	10.9716	6.13927	1.35288	18.9331	4.26608	1.28302	20.1781	4.88209	3.34721	20.2925	5.82483	3.46855	25.0534	2.76745	2.78822	6.34605	2.68773	3.74753	11.9673	5.91157	1.54343	25.2939	6.94072	2.51301	21.0779	
1.90478	3.91748	5.84297	3.56779	1.28445	9.64504	4.77725	1.56718	11.7686	7.83705	1.2841	18.5359	1.46608	2.69958	5.22144	2.70669	2.84374	7.12395	4.55256	1.96652	15.5781	4.6414	2.09164	13.467	1.6241	3.39462	5.72189	6.27213	1.75531	27.4525	2.41215	2.01177	9.78142	2.94759	1.90421	10.1837	4.42028	2.95913	10.6795	5.66738	1.81348	17.8833	6.46827	3.5523	26.9552	4.01059	3.95825	16.0942	3.4059	1.00085	12.6556	3.18849	3.48793	12.8062	
5.62611	3.4284	19.6605	5.21077	3.80279	12.089	2.40838	1.80153	10.1029	5.04143	2.74496	23.6682	3.99159	2.00451	8.19293	1.64023	1.97978	4.15285	0.910462	2.87501	4.22623	0.915763	1.06922	2.85413	2.56535	3.45219	9.13259	5.09913	2.87053	11.8145	6.14305	2.77831	21.4913	4.74244	3.10439	16.6835	4.19366	3.54435	18.8075	5.09303	1.92267	23.9902	2.77637	2.67786	12.8935	1.93968	2.86192	5.20987	6.27009	3.74944	22.3338	6.87996	2.70592	20.4934	


# This instance was randomly generated with the following parameters: 
# SIGMA_MIN=1
# SIGMA_MAX=4
# CAPACITY_OVER_DEMAND=2