6	12
63.6131	870.771	63.6239
89.0983	392.551	13.3541
122.349	714.931	45.107
52.6206	914.928	83.2793
35.5302	686.28	45.819
37.5504	690.23	43.7436
7.66399
4.78311
9.68158
2.50495
6.94702
5.68503
5.67638
1.45087
1.13162
7.41057
3.93578
2.11449
4.27562	0.443581	17.365	3.9133	0.880273	13.2704	3.02515	0.247251	13.4843	5.297	0.800826	20.6578	4.53437	0.219414	12.9999	4.71963	0.584685	19.3683	5.76656	0.647498	12.2445	0.611847	0.554893	1.3357	4.31248	0.544219	9.39898	1.21205	0.817807	4.17129	5.16905	0.174044	17.3595	5.39153	0.858738	21.9919	
4.55467	0.440331	17.1701	1.81849	0.744259	6.86309	7.52537	0.361016	34.3803	1.5252	0.581452	5.70592	9.06787	0.868705	38.8737	5.63721	0.563442	14.2187	10.39	0.31589	46.3877	5.24112	0.400781	24.6316	8.96694	0.568163	42.963	4.74297	0.63282	13.5274	6.96497	0.577292	15.3607	10.0482	0.531122	34.1593	
5.14922	0.285191	22.335	2.70194	0.300333	6.48049	6.2445	0.499331	13.9222	3.11909	0.430072	7.10358	7.77137	0.69379	25.5358	6.13791	0.498463	24.0185	9.41837	0.458552	46.5188	4.29484	0.356383	9.46693	7.83586	0.205544	29.9978	4.17661	0.484795	12.0307	7.26825	0.290048	25.3406	8.91496	0.4116	40.2682	
3.05503	0.440639	10.9174	5.78704	0.84346	12.248	7.90249	0.44168	16.7053	6.7932	0.706674	33.9203	8.79487	0.902948	32.342	1.96753	0.201342	7.23536	7.78578	0.964971	21.6461	5.96227	0.85216	16.0663	7.80272	0.169076	21.4633	4.9106	0.290607	18.6326	0.963225	0.531832	2.55574	8.44429	0.655841	28.6702	
2.46605	0.667355	5.08299	2.80279	0.344841	12.0069	4.57438	0.19229	10.5309	4.27551	0.558845	16.5686	5.96911	0.54231	19.6452	2.95909	0.970021	13.2116	6.5371	0.532756	25.1939	1.98738	0.229999	4.05186	5.46449	0.233257	12.8911	0.848414	0.698091	4.01819	3.64775	0.801003	15.6022	6.48133	0.71277	32.3355	
4.79993	0.46546	12.4378	6.05347	0.899667	19.4034	3.26141	0.343046	9.54571	7.52379	0.559545	24.4781	3.96294	0.45917	16.9219	4.49476	0.631477	18.3771	3.43901	0.991279	15.1756	2.57982	0.380736	8.7438	2.98169	0.4435	8.08586	2.61318	0.974197	5.48882	3.96559	0.978664	7.97395	3.74421	0.182264	15.3359	


# This instance was randomly generated with the following parameters: 
# SIGMA_MIN=0.1
# SIGMA_MAX=1
# CAPACITY_OVER_DEMAND=5