12	24
123.995	637.733	37.7271
178.884	968.931	79.4396
84.8025	1216.59	126.692
171.386	1323.89	152.184
176.741	505.983	24.2473
75.8562	1089.12	107.669
155.055	847.2	65.6189
118.523	884.69	75.9384
168.909	1187.3	140.934
158.027	1101.18	118.208
55.5324	759.756	50.3031
32.624	1119.77	123.319
16.6763
2.13306
4.59896
3.76496
14.4685
4.73921
13.7371
6.49819
0.396812
2.69906
16.9973
15.11
11.4042
10.6235
16.7547
6.30765
14.355
16.0506
5.34521
3.24827
15.0775
7.82401
10.3498
1.29632
5.74975	1.4687	21.512	4.58724	1.56007	18.563	7.02124	1.8614	33.6778	2.58194	1.62423	9.39944	5.24354	1.18191	18.0431	5.52958	1.98601	20.0951	5.03716	1.43923	17.4516	6.33991	1.41752	14.9933	5.20948	0.545712	11.3837	4.15082	1.86287	8.54221	6.15919	0.646864	15.929	6.74507	1.28846	14.7188	6.11482	1.79424	14.7938	3.45169	1.90873	11.3058	5.06383	0.906851	17.1195	5.46048	0.673338	26.4491	2.47849	0.895041	10.5335	7.86154	0.817765	35.5887	6.07266	0.52856	20.4512	4.51128	1.54135	10.4127	3.26891	1.39147	10.8897	3.16334	1.78666	15.0194	2.01396	1.94417	5.99215	4.60048	0.519982	14.9414	
7.06381	1.03225	21.6173	2.78225	1.36284	7.90888	5.08869	1.46944	19.4344	8.40506	1.76471	26.767	10.9538	0.505773	24.9084	6.22959	0.990039	24.3536	1.47616	1.09186	4.71555	2.09147	0.898208	7.10293	1.69379	1.7172	4.76903	2.51548	1.28873	6.87568	8.67375	1.11787	28.0881	0.342852	1.29246	1.04061	3.2245	1.11088	10.8658	7.25674	0.863657	18.9644	3.21905	0.854488	15.1464	5.63509	0.665713	23.0508	4.18265	1.14144	17.3878	6.91084	1.88805	16.1854	1.75939	1.68246	7.69239	3.17023	1.05067	8.90052	7.81963	0.871791	22.0543	4.07599	1.37285	20.1953	8.44292	0.694327	26.071	4.92191	1.41154	21.1601	
7.34638	1.46846	17.9238	3.54307	1.17385	9.51312	7.98252	1.34541	29.5986	2.41076	0.962037	11.3012	7.077	1.78273	29.7865	6.96749	0.73133	18.6454	4.60607	1.16334	13.3153	6.53935	1.29868	20.5386	5.21001	1.69602	18.5785	4.21777	0.592801	14.6191	7.99199	1.27734	32.7912	6.35683	1.87561	30.5904	6.67263	1.95956	22.063	1.72811	1.18913	7.8279	5.66642	1.27622	18.9554	6.75965	0.966387	18.2449	3.02752	1.26659	10.1865	9.13604	1.01826	42.9068	5.11896	1.78994	12.9603	3.3125	1.65196	13.3174	1.93565	1.71261	4.56043	2.0236	0.625182	9.32873	3.60243	1.33417	11.4509	2.80833	1.50986	6.55761	
5.26576	1.00897	20.242	5.84269	1.39177	12.2877	7.12416	0.641232	24.1658	3.05743	1.14667	7.17508	3.88843	1.40824	7.84243	5.2479	1.59467	22.754	6.07564	1.86983	27.8851	7.00724	0.783572	25.4525	6.04179	0.845218	20.8885	5.02086	0.658065	21.8725	5.31162	1.39878	11.7217	7.70321	1.62281	20.3919	6.56515	1.84078	17.0654	4.56808	1.14354	13.873	5.54672	0.917278	13.6736	5.33192	1.77743	20.3853	3.31369	1.80154	7.69482	7.65277	0.815783	23.2097	7.26763	1.90027	35.2618	5.804	1.85726	14.7084	4.21551	1.45893	9.01448	4.48179	0.600804	14.1647	1.07671	1.13875	4.59072	5.96122	1.62421	13.2817	
2.10178	0.773275	4.71445	5.37471	0.601904	25.688	3.13232	1.6315	10.9835	6.64107	1.09094	25.7379	6.19316	1.43771	24.4604	1.56114	0.841352	6.16229	4.44728	1.5954	14.5216	3.90789	1.42446	19.4377	3.6568	0.944055	17.1864	3.15817	1.69539	7.46615	3.41547	1.36271	7.3032	5.39556	0.686358	11.0279	3.02262	1.76116	14.027	7.1385	0.986142	34.7116	2.27794	1.34192	6.43897	1.39395	1.6424	5.62583	2.63223	0.990117	9.52137	3.79741	0.683613	18.7322	6.09689	0.876913	26.438	5.61261	1.01623	23.3675	7.18187	1.11359	34.485	4.93606	1.25281	20.4613	5.05469	0.65151	15.3712	6.84962	1.4168	29.5302	
9.73714	1.46477	42.2065	5.26083	1.1565	25.2481	10.4606	1.98252	44.9796	2.4148	0.671171	6.06863	8.31918	1.91125	30.4877	9.41119	1.66609	29.0685	6.68014	0.572612	27.9285	8.84183	0.703108	41.2801	7.47463	1.2323	30.8358	6.55641	0.977559	31.2857	10.2133	1.64303	38.1628	8.34645	1.03539	20.2762	9.09017	1.93142	27.3579	0.79608	1.7881	2.66246	8.10827	1.16653	20.8715	9.22966	1.82932	38.1549	5.50726	0.700351	20.6448	11.6145	0.878531	55.0329	6.7184	0.980384	29.502	4.90818	1.77409	23.2968	0.85243	1.64513	2.45355	4.00721	1.03803	8.20385	4.86561	0.858028	21.7775	3.48558	1.12942	7.02945	
2.31458	1.77638	7.36232	6.72163	0.828896	13.6243	0.827725	0.644196	1.81631	9.17753	0.917835	25.7801	8.24797	0.98265	27.4336	1.63477	1.82804	6.22003	5.2979	1.19125	15.4389	3.49716	1.94882	16.2445	4.16507	1.09521	10.9764	4.33431	1.00826	16.2074	4.01386	1.75903	10.7998	5.42065	1.84201	23.2361	2.31778	1.32858	10.3368	9.45025	0.727955	35.3063	2.59588	1.14452	11.8891	1.26908	1.44835	6.32486	4.72827	1.56809	16.7928	1.51267	1.89179	7.37557	6.87747	0.861228	20.5571	7.05874	1.57758	25.8229	9.58979	1.66144	41.2634	6.79903	1.65442	29.1675	7.60622	1.81481	35.4507	8.6157	0.658743	22.6597	
3.64845	1.34672	16.2944	5.22717	1.06142	25.1252	5.30245	1.76877	13.8357	4.58542	0.657943	11.2382	4.69624	1.08031	18.0435	3.49799	1.44755	12.5173	4.97549	1.41633	19.0662	5.42693	0.530721	24.4989	4.65771	1.35	13.8131	3.74543	1.92666	9.9596	4.12397	0.617586	9.35754	6.41603	1.04267	21.8516	4.84696	1.88362	11.3742	5.49784	1.89683	17.0835	3.87087	1.33475	12.733	3.52762	1.83043	13.9273	2.2308	1.26899	10.8503	5.88431	0.713281	18.1798	6.41829	0.553719	30.1211	5.31562	1.20361	18.8352	5.37373	1.54777	11.1285	4.20643	1.33944	17.8647	2.88322	1.31273	13.1766	6.01906	1.10137	13.1318	
5.14246	0.665299	12.4143	3.61128	1.86524	12.7049	3.20003	1.53709	11.3269	8.09152	0.958168	27.5722	9.57557	0.877085	22.1406	4.29798	0.555979	19.162	1.96538	1.05779	4.021	0.570003	1.33505	2.40626	0.844238	1.27449	4.0386	1.75355	1.58825	7.60101	6.79727	1.9957	25.439	1.90506	1.9718	6.02536	1.30557	1.18487	3.65849	7.48538	1.38152	30.1503	1.33612	1.42342	5.98147	3.69409	1.454	11.3204	3.31353	1.72181	12.6706	4.99399	1.50856	23.5631	3.36473	0.863136	15.0707	4.00644	1.57082	17.3214	7.88924	0.678124	24.2558	4.31809	0.570608	17.3955	7.5394	1.13596	24.6899	5.76958	1.32132	13.687	
3.68281	1.83662	14.3221	4.65996	1.58933	12.8623	1.93835	1.26193	4.52535	8.0717	0.654058	18.8889	8.60016	1.18661	38.9847	2.83193	1.90561	9.96939	3.17192	1.19994	12.3052	1.59578	1.6323	5.53095	2.02985	1.98244	9.28557	2.33449	1.71124	6.10426	5.37465	0.537491	15.4709	3.39815	1.10124	11.5869	0.613719	1.39079	2.47504	7.89692	1.73501	22.3755	0.583233	1.19975	1.37936	2.22069	1.76049	7.31132	3.2533	1.4347	16.201	3.61296	0.555289	9.33663	4.74222	1.82264	12.6185	5.0186	1.59278	22.7275	8.16926	1.73613	30.8958	4.95837	1.52061	15.9734	7.0488	1.45456	16.2987	6.66578	0.634201	20.2615	
9.41768	0.800582	33.2332	3.93834	0.576945	9.5071	9.69901	1.11033	34.3031	3.40121	0.733364	15.0382	8.99003	1.33107	38.5071	8.97394	1.30347	25.7401	5.4753	0.869339	11.1921	7.76693	1.87523	16.6179	6.38939	1.35077	19.1381	5.57358	1.1228	11.7043	10.1403	1.54049	49.8601	7.05932	1.35628	23.3661	8.16655	1.33374	26.5441	1.09238	0.677861	2.32304	7.25144	1.57659	14.7273	8.70297	1.47099	21.8428	4.85324	1.90314	16.2965	11.0222	0.667885	45.2598	5.31342	1.71484	25.7996	3.55831	1.56119	9.56439	1.8709	0.541393	5.40512	2.91246	0.751569	9.40542	5.46158	1.94186	18.3843	2.00021	1.3983	9.26814	
8.02113	1.15554	28.9587	6.10718	1.80095	20.3487	9.49618	1.79778	40.6654	0.343258	0.923226	1.67894	5.58612	1.29544	21.0914	7.90588	1.18436	30.2233	7.02518	0.95474	34.0082	8.66705	1.54295	34.7468	7.43644	1.95586	23.9323	6.38384	1.5234	13.4762	8.11773	0.768961	35.8051	8.78434	1.88685	27.4656	8.54706	0.71924	19.4582	2.64397	1.42418	9.57611	7.49639	1.01321	30.0234	7.89103	1.95171	34.7492	4.83112	0.958457	16.7607	10.2781	1.05393	47.0569	7.68308	1.00037	26.5236	5.88622	1.65591	25.4405	1.9563	0.963914	7.85787	4.57602	1.35275	19.9881	2.2601	0.806055	9.69977	5.17623	0.878786	22.949	


# This instance was randomly generated with the following parameters: 
# SIGMA_MIN=0.5
# SIGMA_MAX=2
# CAPACITY_OVER_DEMAND=5