10	20
137.381	892.309	77.8935
85.5753	557.506	29.7969
24.7358	1042.2	90.8705
178.105	976.256	90.4377
172.808	1263.77	159.695
136.472	972.305	79.0893
154.704	1309.13	150.649
118.576	1196.01	138.964
88.9956	822.547	67.2529
7.4745	397.214	15.3149
7.29735
7.61772
5.45605
2.89647
0.592787
3.49326
7.72096
5.88017
5.26293
4.97653
5.12235
6.59743
0.897211
4.16657
3.09979
5.22178
2.73108
6.65135
4.04158
0.272897
3.9569	0.369337	8.65918	7.04198	0.450042	32.4548	1.0864	0.326099	3.83935	3.18104	0.9574	10.2217	3.56081	0.944525	8.13748	2.51825	0.883076	8.37811	2.68561	0.301031	8.93935	2.51652	0.695495	9.09973	4.69572	0.50533	14.6843	7.37461	0.215794	22.2985	5.19152	0.293319	14.7575	1.31868	0.689274	5.26604	1.77383	0.925425	7.78725	7.06181	0.441031	23.3455	4.35242	0.877435	10.2767	4.42637	0.294941	12.5927	0.687078	0.926844	1.78402	3.155	0.775174	11.1386	5.86544	0.462327	13.6469	6.55167	0.78439	25.6167	
5.35312	0.619796	18.5507	6.71212	0.83671	28.1859	2.48579	0.574684	11.5923	4.02045	0.723702	11.8745	2.39116	0.534612	6.26321	3.46511	0.816586	10.628	2.13423	0.618441	6.37987	4.00042	0.179343	9.25911	4.18438	0.940158	12.2173	8.43565	0.775662	24.552	6.12234	0.23173	26.555	3.21535	0.467028	7.54193	3.12476	0.450666	14.8243	9.15499	0.279202	37.0081	4.99291	0.974489	20.7415	6.12324	0.124915	24.3136	1.71719	0.708506	3.55401	5.23512	0.863885	25.6575	7.09434	0.930112	18.3077	5.30785	0.278699	15.7754	
3.66745	0.207001	9.64383	7.78392	0.901374	23.8823	1.81204	0.520643	6.25578	3.52923	0.540757	12.9714	4.82985	0.421331	16.8688	2.93893	0.2749	7.50657	3.85832	0.360243	13.1785	1.96323	0.459985	9.44605	5.64972	0.224364	19.7909	7.15312	0.568665	21.6512	5.20664	0.915564	21.1522	1.15734	0.960906	5.74144	1.71064	0.320694	4.75577	5.69359	0.930494	16.4305	4.67421	0.462486	12.2072	3.73584	0.940252	15.792	1.88382	0.855516	8.06375	1.87008	0.726787	5.2823	5.57192	0.30263	15.0053	7.73611	0.451296	26.2617	
3.49535	0.952221	14.1595	7.89528	0.46822	17.273	2.08092	0.484445	5.4385	3.5744	0.529794	15.5012	5.16279	0.568733	24.407	3.03282	0.823974	6.53037	4.16399	0.696639	19.8253	2.16296	0.95006	6.13396	5.85441	0.484469	21.8486	6.95046	0.926324	19.2849	5.10138	0.763768	15.5303	1.28931	0.446342	3.00346	2.07144	0.757763	7.6167	5.22895	0.901927	26.0599	4.67956	0.519822	18.9632	3.42782	0.250426	15.41	2.3497	0.511133	10.9239	1.41027	0.90448	6.79698	5.36193	0.256528	24.2655	8.01737	0.252462	16.827	
6.1195	0.773689	17.5111	11.3945	0.291842	32.405	7.40116	0.455696	21.4892	7.56104	0.683547	33.3535	10.3699	0.205712	35.4669	7.45894	0.273018	33.8054	9.32296	0.569809	27.0074	6.89519	0.405679	19.8837	10.2812	0.184414	42.5367	7.62198	0.251774	19.782	7.44675	0.705563	24.2027	6.53504	0.891599	30.5705	7.39298	0.48981	28.9073	0.5005	0.978368	2.44607	8.03889	0.279718	30.8994	4.9249	0.109925	11.6239	8.07785	0.920748	18.8021	4.42529	0.330364	10.4757	6.57849	0.37121	20.9935	12.7484	0.969048	35.3015	
5.30571	0.619039	11.4399	0.81392	0.304072	2.29804	5.63233	0.731179	20.3651	4.11047	0.716326	12.7227	3.71075	0.532925	15.9019	4.53456	0.940895	11.0063	4.02345	0.207903	9.88634	9.0448	0.668945	36.6869	1.88498	0.958491	9.35069	5.55497	0.910094	26.1103	4.14987	0.48743	10.1773	6.26719	0.972213	19.8037	8.30813	0.217009	24.7951	11.0226	0.236931	32.1185	3.38393	0.909533	10.1788	6.49619	0.190469	13.7211	6.86	0.59246	17.4787	7.88111	0.748624	16.0188	5.36872	0.893071	18.8283	2.39964	0.162961	10.3746	
2.50151	0.733686	9.60384	7.8383	0.167741	34.867	3.82578	0.342804	9.87328	3.80407	0.518732	18.4608	6.64704	0.177358	22.1022	3.69595	0.290507	14.2744	5.60772	0.897141	17.2256	4.7213	0.129507	21.5642	6.52698	0.897046	15.5509	5.13219	0.789535	19.2661	4.08197	0.320904	9.5783	3.03772	0.226968	9.01998	4.80799	0.156687	10.9252	3.32008	0.461707	12.7009	4.3989	0.51758	21.39	1.49551	0.234567	3.8508	4.90842	0.852683	14.7914	1.42588	0.74007	5.93543	3.65561	0.746307	14.184	8.98509	0.404279	20.5091	
0.758151	0.333745	1.88122	5.05528	0.742152	12.1925	3.68627	0.690074	12.1351	2.06443	0.833449	4.86854	5.24485	0.861121	20.4265	2.51068	0.360416	8.85021	4.39439	0.177979	19.5263	6.38017	0.960237	27.7534	4.34499	0.575859	21.0158	2.73455	0.539796	11.9126	1.14113	0.564929	5.39314	3.48373	0.328124	7.7578	6.05912	0.334522	20.8265	5.97715	0.998498	13.7082	1.84907	0.890147	5.87354	1.47525	0.891516	4.9775	5.35201	0.541142	13.2618	3.69302	0.926853	17.9423	1.18364	0.277078	3.79235	6.80121	0.484012	15.4798	
4.48857	0.696778	19.8144	5.89916	0.985481	21.8311	1.8025	0.698166	6.52287	3.08915	0.889901	11.6544	1.8219	0.444888	4.2842	2.56161	0.156751	5.14292	1.26087	0.555603	6.0119	4.18218	0.196154	11.0149	3.38648	0.142546	8.88179	7.49755	0.168614	15.1016	5.1817	0.544928	23.3837	2.64375	0.617042	6.05495	3.33157	0.133271	11.2244	8.68443	0.331277	24.9178	4.04432	0.795666	14.7217	5.33822	0.5218	23.472	1.79163	0.552754	4.32268	4.76133	0.147061	10.5025	6.18004	0.303319	29.4867	4.84583	0.193994	13.8316	
6.24901	0.339833	27.1023	7.91783	0.357875	24.1146	3.26391	0.522884	8.83755	5.0694	0.247523	13.4715	3.55557	0.654886	10.9624	4.46561	0.343488	14.0875	3.3378	0.913042	10.7205	3.58132	0.694145	11.6352	5.39014	0.35663	17.7316	9.47925	0.790293	30.9891	7.18446	0.156577	27.8208	3.80123	0.463263	18.1002	2.76197	0.768717	9.26411	9.40232	0.530101	27.5665	6.10772	0.637816	27.6881	6.87576	0.110718	24.8665	1.86618	0.32797	6.44433	5.58046	0.923396	20.7683	8.07386	0.345311	31.0082	6.36502	0.975069	13.2629	


# This instance was randomly generated with the following parameters: 
# SIGMA_MIN=0.1
# SIGMA_MAX=1
# CAPACITY_OVER_DEMAND=10