6	12
71.2828	1277.41	138.377
137.62	897.81	70.5485
63.5762	1069.4	107.612
166.961	810.44	61.0893
8.62378	1165.65	121.601
134.553	901.144	72.6469
8.48404
2.49615
4.60698
3.46009
3.4683
1.44928
6.28239
9.36414
5.08122
7.05319
2.70625
2.73545
8.44539	1.44285	37.7355	2.80638	3.39834	13.851	3.53951	2.98662	8.97792	3.58313	1.85134	15.1141	5.03687	2.73797	14.2338	6.17445	2.50994	25.8096	6.62277	3.17096	29.0175	1.81444	1.94381	7.7391	4.17075	1.04593	17.9965	6.96763	1.30522	34.4833	5.30786	1.62942	12.4208	3.70273	2.5827	14.2285	
6.58394	1.3138	31.5099	3.83312	2.57361	9.29632	4.39889	1.43763	12.9206	4.2475	2.4076	10.0545	1.37173	3.45444	3.1558	10.7061	2.84921	44.7438	9.87442	2.65452	33.7452	4.60327	2.90713	9.66964	9.62052	1.6598	33.4877	7.91404	2.35763	28.5489	1.28817	1.7836	4.59782	2.84418	2.16764	13.7796	
6.65477	3.54796	18.3378	6.08095	2.55761	13.5611	5.05064	3.29269	24.7544	5.20102	3.49415	11.1072	8.50639	3.64167	32.6133	1.58624	3.14276	6.14764	0.985569	3.12574	3.44377	6.10284	2.89201	14.3553	2.81233	1.98849	8.066	3.46636	1.6966	13.4342	8.14881	3.37964	25.0599	7.93571	3.78182	27.6359	
7.7104	2.62803	36.6476	6.08131	2.67126	28.5713	5.30597	3.29599	17.8174	5.45627	3.29533	18.3458	8.63873	3.85171	28.8965	1.08507	1.50775	5.22616	2.17774	2.74906	7.84783	5.87837	1.55947	21.1655	1.58768	2.25461	5.60763	4.6396	3.34875	16.4566	8.40389	2.85595	31.5833	7.86186	2.1755	35.1576	
5.28918	1.46568	14.1432	2.3131	1.02825	10.7547	1.27726	3.19357	4.92529	1.42771	3.42965	4.4306	4.68763	3.44961	16.6273	5.03503	2.97375	14.0983	4.43219	2.22619	9.24552	2.64597	3.83192	8.32943	4.21207	2.34963	14.1377	3.79075	3.52976	17.0226	4.38333	1.03351	13.6802	4.18176	3.99586	17.2378	
2.18234	2.315	5.42186	4.60596	3.99772	22.1416	3.19636	3.48261	15.5431	3.24667	3.6999	8.04196	5.82792	2.4723	25.0951	6.28255	3.44976	19.0432	4.63265	2.01977	10.6091	5.42459	2.18546	19.556	6.56739	3.45921	21.5988	1.8593	2.11034	6.59286	5.10444	2.64111	15.4168	6.12803	3.03291	27.8882	


# This instance was randomly generated with the following parameters: 
# SIGMA_MIN=1
# SIGMA_MAX=4
# CAPACITY_OVER_DEMAND=10