4	8
49.8893	548.491	29.3003
178.207	704.363	46.4792
55.7844	1032.7	97.5871
49.0677	1149.9	123.459
3.56704
3.33718
4.24102
3.34116
4.89008
2.28229
5.06098
2.96281
2.46266	1.38241	9.71332	7.92592	1.629	25.1582	7.90564	0.979727	21.2305	3.56781	1.21966	10.3645	6.60627	1.7983	30.8235	7.57669	1.9912	22.2822	6.87503	1.05448	27.4092	6.60198	0.528156	21.782	
4.12286	1.96135	18.0827	9.82831	0.872854	30.1066	9.84584	1.58039	40.6866	5.46889	1.43775	11.0254	8.49059	1.2042	19.8809	9.33729	1.42378	30.3784	8.30733	1.91336	33.3567	8.17899	1.67502	21.0776	
5.52818	1.26002	20.1569	2.19536	1.95739	10.8621	3.00941	1.83035	13.5121	4.54405	0.623186	10.0243	2.13995	0.633849	5.47505	0.497822	0.977131	2.2052	2.35744	0.642021	10.6144	1.77135	0.932806	7.94843	
2.71612	1.23416	8.60297	8.54982	1.36841	35.2161	8.69667	0.870647	41.7219	4.32678	1.00584	19.9909	7.19141	0.537774	33.9826	7.81381	1.12822	18.1555	6.5355	1.59062	13.4822	6.49762	1.50973	25.9882	


# This instance was randomly generated with the following parameters: 
# SIGMA_MIN=0.5
# SIGMA_MAX=2
# CAPACITY_OVER_DEMAND=10