9	18
142.021	1327.69	159.965
114.529	1105.95	106.76
91.6309	1299.55	150.859
134.144	679.574	40.8643
170.723	422.624	16.5531
160.347	848.414	62.9741
99.8962	849.695	60.2739
17.8727	455.93	19.6831
43.1388	1278.24	139.871
10.4109
2.1305
1.09069
0.58357
13.1128
12.3427
11.6184
2.03175
14.8003
7.32035
2.81779
11.3995
7.94084
12.3671
11.4848
5.91107
10.5281
13.6695
10.8476	3.15502	53.4472	7.12974	2.655	14.6032	6.48038	3.33085	24.5669	10.3065	1.36001	30.1435	6.96058	1.13845	14.061	5.50008	2.72976	13.7956	10.7915	3.21893	52.7163	10.522	3.4172	24.5508	5.03968	1.31186	13.8094	8.56714	1.14284	36.2385	3.94496	2.46192	15.2577	7.10019	3.17372	27.1822	6.67284	2.02425	27.238	9.27785	1.36037	23.2794	6.28652	2.16539	17.7846	4.04743	3.25448	13.7107	6.90662	3.46917	29.3628	10.6049	1.97101	48.9192	
9.36154	3.43998	34.5227	6.81226	2.57828	25.8483	4.9421	1.9612	10.1002	8.86473	3.35885	29.1724	5.55452	2.75001	25.9488	5.14312	3.63946	11.4646	9.31419	3.58167	21.9705	9.04844	1.91845	37.8799	3.617	3.55289	17.9389	7.0269	1.63707	32.2116	3.15661	3.45241	7.68121	5.64188	1.44577	12.6214	5.27982	2.08318	26.1	7.82499	2.54405	33.2115	4.78153	3.4143	11.5685	3.37797	2.74668	10.7082	5.3769	1.14404	19.2674	9.40023	1.62715	31.5577	
8.15289	2.59614	30.9381	7.14152	2.91375	28.6608	3.60139	2.11655	11.7715	7.74795	1.31636	28.1845	4.18475	3.91453	16.1613	5.52574	3.45054	22.929	8.12434	1.34588	37.6807	7.86792	3.7516	22.5665	2.68682	3.26427	7.12667	5.63575	1.77261	15.8571	3.32107	1.53056	11.8679	4.23393	1.60705	12.9507	3.92351	1.80721	8.25738	6.41559	1.03671	13.2529	3.57567	1.49386	13.523	3.63764	1.06162	13.3789	4.07689	1.22994	10.6655	8.65202	2.55657	17.7537	
5.70739	3.88274	19.8479	4.68869	3.21841	16.2281	3.04865	2.84012	9.51657	4.95136	2.22448	15.0653	5.67241	2.14224	23.0695	3.59351	1.81316	10.0282	5.59597	2.48774	18.6594	5.3159	1.64896	15.1022	1.24717	1.15078	3.13152	4.86227	2.55185	13.5182	2.22778	2.55045	4.99772	5.30964	2.75356	13.5175	5.58297	3.65311	23.1079	6.99031	3.39044	32.3114	2.18443	1.27258	6.2673	2.46034	2.98231	8.11949	2.97567	3.80576	13.4445	5.04001	2.80968	16.8899	
6.62856	3.97411	31.3662	3.48212	2.28793	9.714	4.26249	3.64892	18.3545	5.77181	2.20889	28.3141	6.79975	1.7271	15.7671	2.38946	3.548	7.2518	6.49331	3.23901	29.1881	6.21606	2.03266	29.688	2.28758	1.65235	4.73074	6.07904	3.8552	28.4938	1.61235	1.97483	3.9132	6.47176	3.90253	18.2096	6.68637	1.11821	31.4222	8.20758	1.63571	36.2642	3.40866	1.07664	9.18124	1.68016	3.29669	4.63423	4.20163	3.88652	14.3096	5.21049	2.7635	21.7716	
1.6424	2.76244	8.19367	8.63024	3.31588	17.9999	3.04112	1.18758	8.49799	1.75928	3.33304	5.8103	5.02888	3.40501	22.8147	7.95452	2.22838	20.4423	1.6785	3.96319	3.90605	1.4878	1.84729	3.26448	4.41778	3.41782	17.5487	2.00957	1.02756	4.46274	6.71962	2.36212	29.7741	4.43712	2.27681	16.5339	5.19473	3.81864	22.1461	4.55034	3.44294	18.3802	3.05402	2.38314	14.6075	6.97971	2.99759	14.2579	2.51143	3.6131	8.72199	4.5563	2.63845	13.4615	
7.76545	1.10677	16.9813	7.75485	2.06906	24.2961	3.11232	3.40052	14.9915	7.45871	3.79949	15.8758	3.34764	2.68927	11.6524	6.18035	3.61643	24.7479	7.75729	2.62516	32.691	7.51309	2.84339	30.2661	2.75069	3.83697	11.5503	5.01516	2.0613	13.8891	3.95819	3.1692	8.74553	3.42376	2.01771	16.6064	3.08246	2.57823	15.1508	5.60667	1.66611	13.27	3.28443	2.97507	14.1286	4.29502	3.08747	11.7446	3.63884	2.59446	12.766	8.65861	3.22564	39.9863	
2.70451	2.42876	7.44191	6.58717	2.42549	27.3024	3.62841	3.72922	12.5635	1.77064	3.29262	7.16122	6.34269	2.13738	14.1962	6.16957	3.58362	26.9261	2.5416	3.49563	10.6451	2.27584	1.81214	6.56274	3.78354	1.73101	10.4425	3.87562	2.93344	7.79256	5.43846	2.46373	11.712	5.78618	2.97031	25.2502	6.41584	1.43319	26.4715	6.5128	3.49252	18.891	3.04429	1.07104	9.67346	5.61488	3.8227	13.3562	3.10062	3.23414	9.03471	2.66585	2.89834	10.5939	
6.98261	3.48499	26.6325	4.58996	2.72615	22.7313	3.58612	1.12761	10.5492	6.2787	2.95686	23.1253	5.73845	2.16342	15.7861	3.13667	2.98991	13.0582	6.88543	1.61554	31.4722	6.60612	3.12821	31.4417	1.43987	3.5044	6.06467	5.65768	2.6046	21.1522	1.12019	2.29765	2.85353	5.50027	3.26963	21.6105	5.58098	1.44886	25.9779	7.43778	2.89214	25.9838	2.90236	3.70519	10.006	1.45469	1.63503	3.16044	3.71888	2.07253	8.41442	6.34011	2.45788	15.454	


# This instance was randomly generated with the following parameters: 
# SIGMA_MIN=1
# SIGMA_MAX=4
# CAPACITY_OVER_DEMAND=5