12	24
112.044	339.952	11.1879
49.6081	1289.37	155.566
123.817	987.011	81.2467
63.9958	446.707	18.7802
113.575	518.468	23.3549
109.349	732.767	49.5466
155.026	817.438	64.3602
131.829	789.64	54.3909
146.794	654.799	40.7197
34.7462	954.726	83.3913
173.141	1234.1	141.173
28.7332	1257.33	156.338
42.8362
13.7744
49.1183
13.2031
41.1673
3.42238
3.10915
0.900587
19.8403
39.398
44.3631
13.5925
3.43914
53.133
45.3108
11.009
40.6975
6.22889
26.8549
44.2957
11.9873
32.0711
6.38533
20.5662
4.04633	3.2454	8.2772	0.884024	2.34416	2.74563	6.18548	1.52924	28.0905	6.14523	3.03723	15.4655	4.81412	1.57858	19.0279	8.31985	2.76258	21.6785	7.0051	3.4343	20.744	1.42442	3.21903	5.68087	6.30629	1.39955	13.9648	4.22714	2.39564	19.8236	3.63717	1.74296	9.68698	6.85358	2.73848	20.8993	8.55812	1.09813	36.2858	6.71836	2.90606	16.9916	0.979281	1.37263	3.64688	7.51101	3.65235	34.9186	2.14317	1.66815	9.78697	5.7513	3.69761	19.1614	6.48546	3.36308	20.2237	8.87586	1.60254	28.2795	6.76099	2.21796	22.6943	5.6776	2.58591	27.929	3.98049	2.9242	9.42024	6.59037	3.21248	22.6483	
1.91947	3.17347	5.28001	6.47998	3.62617	14.1338	9.54486	3.87426	47.6223	9.73815	2.24697	21.406	1.09666	1.96045	3.38191	8.58386	1.63702	33.6493	6.62514	1.29891	29.7841	5.91361	3.55573	28.3987	6.26184	3.1324	29.6867	1.76931	3.50906	7.3863	5.10385	3.45518	14.0579	1.35112	3.82247	3.56927	6.40693	1.36085	15.4261	7.5074	3.27104	36.3224	6.5905	3.2827	24.0327	5.93388	3.81096	24.8378	4.86805	2.78279	19.6164	9.90762	3.0843	39.3549	7.1888	2.78269	34.7754	8.88727	2.53715	40.835	3.91551	2.18265	14.7389	0.663764	1.34254	1.92187	7.03807	3.78799	23.5408	5.14686	3.59908	19.8803	
5.14018	3.02093	22.0025	0.59735	2.73876	1.85086	5.70791	2.97037	12.0175	5.5948	3.51218	17.5105	5.98827	3.40532	27.0947	8.51322	2.50252	28.9272	7.42445	3.61886	18.8593	1.95665	2.29815	8.33802	6.71884	1.44334	24.8683	5.40277	1.24639	18.9891	4.12064	1.4578	16.6654	7.98648	3.38863	28.9282	9.20424	3.57078	42.5633	6.90678	1.64992	20.3438	0.502904	3.04628	1.77249	8.11782	2.25536	30.9726	3.06793	3.67018	7.55305	5.03415	2.36744	13.5575	6.71494	1.86056	17.1994	9.09349	2.9837	24.0396	7.61434	1.24376	18.8426	6.85014	3.80613	28.4862	3.86992	2.18816	14.274	7.24269	3.05314	20.3022	
3.32344	2.35575	7.08984	3.94419	2.27896	18.2964	4.34015	2.31913	11.3284	4.51807	3.00959	12.5077	5.00782	1.40974	19.5726	5.07394	3.43839	12.6261	3.72474	2.51153	12.3094	4.65534	2.62265	12.4483	3.02171	2.30985	12.6173	4.7988	2.33612	20.462	0.393043	2.09904	0.973008	5.95087	2.07936	21.7532	5.49867	1.61174	11.602	3.49926	1.93396	7.69448	3.96914	1.52668	17.1886	4.39783	1.45826	17.1719	4.83021	2.80005	13.5863	4.7311	1.44149	12.0666	3.23972	1.38872	9.76513	5.61257	3.58195	16.6075	4.2535	1.21194	11.8431	5.63231	1.05478	24.057	1.81778	2.13434	6.65707	3.56135	2.71488	14.4834	
0.718296	3.21467	1.93158	4.25804	1.06264	10.2498	7.49793	3.97036	18.1598	7.64261	3.6045	19.5735	1.84894	3.02437	5.97407	7.50656	2.41255	34.0532	5.6816	2.85577	19.0579	3.95456	2.56294	13.7783	5.12909	2.01012	11.0537	1.6322	1.64931	6.17408	3.18596	1.99525	6.52942	3.481	1.45087	16.2113	6.33981	2.95665	26.692	6.14842	1.37655	19.8735	4.36028	1.85512	10.0189	5.51806	2.99137	26.9795	3.2252	2.34458	12.6906	7.69972	3.45905	22.3356	5.83656	3.76452	23.2011	7.93143	2.96373	37.0738	4.03528	3.61599	17.9403	2.57671	2.32254	11.7501	4.9386	3.58161	11.6966	4.57145	1.7833	13.3779	
4.2236	2.90266	14.9808	2.00687	2.11593	6.43383	4.573	2.94823	19.1714	4.56356	2.15246	11.199	5.49143	1.73612	23.1182	6.856	2.48453	24.6613	5.74466	2.93044	24.9634	3.05455	2.55306	10.0836	5.03936	1.05048	23.8921	5.03904	1.81443	24.065	2.47817	1.79263	7.26204	7.11081	3.31744	20.0609	7.58375	1.12724	37.5059	5.24716	3.22627	20.5418	2.00012	1.04271	7.48556	6.48443	2.75476	13.9508	3.70864	3.76104	11.5287	4.28958	3.49364	11.0129	5.04505	3.95034	18.3782	7.43093	3.47745	35.0663	6.16851	2.47683	15.0898	6.29051	1.52925	25.2453	2.34513	3.05065	6.20073	5.63771	2.3209	19.6575	
9.32164	3.41065	46.3598	7.5908	1.30837	37.9311	1.66068	3.69592	5.76481	1.53043	1.72169	4.69784	10.9934	3.70949	43.9767	5.66283	1.49896	17.1166	6.47352	2.07208	17.3738	8.91117	2.84608	18.7139	6.16516	3.40251	28.4957	10.7241	2.15873	42.8041	6.10224	3.4273	17.2915	11.805	3.20477	39.4246	8.84268	3.99537	43.1834	4.99655	2.3171	14.4488	7.51173	2.63439	22.7621	7.9265	2.46145	28.7916	9.76506	3.63243	39.1197	2.03137	3.48105	7.40977	5.17344	1.28079	15.1927	6.12945	1.119	29.1412	9.1828	3.81912	34.1878	11.632	3.54172	41.6591	4.21188	2.12166	20.1007	7.7297	1.98566	25.6327	
8.5663	2.64439	25.1582	7.91894	2.20769	18.4709	1.80023	1.03745	6.96428	2.0962	3.58852	7.61501	10.3214	1.76191	42.4197	3.80912	2.53486	13.061	4.86592	2.78515	17.5268	9.13369	3.77939	34.383	4.69137	3.62313	22.4868	10.1639	1.99704	46.5379	5.3542	2.69855	23.293	10.7684	3.55713	36.4329	7.15177	1.08132	17.9967	3.39773	1.37863	12.237	7.86458	3.64097	26.2507	6.32352	3.55433	31.3225	9.77488	1.31428	23.4546	3.12491	1.25468	12.5917	3.63589	3.76066	8.57072	4.24804	2.33411	16.1467	7.82277	2.98657	21.8575	10.8568	3.69003	31.0204	3.84067	1.0437	14.185	6.27979	3.09951	27.684	
3.54545	3.64975	16.5439	3.8625	1.79882	8.27654	4.1273	1.14928	17.2572	4.29537	3.84219	9.53864	5.21242	3.71081	16.405	5.07693	1.88391	15.7557	3.80866	2.51023	17.9157	4.6379	1.34122	9.6227	3.10304	2.87473	15.3883	4.98391	3.39359	22.518	0.586002	2.77843	1.63299	6.19246	3.95636	27.3298	5.6562	2.01606	12.9647	3.48566	2.10509	14.5559	3.88038	1.25286	9.59836	4.54867	1.46568	15.4375	4.87864	1.54065	23.2218	4.49058	3.60417	20.5064	3.24038	2.12136	15.2472	5.62691	3.27582	18.4955	4.47694	2.79885	14.8976	5.8507	3.84773	11.7066	1.58889	3.72377	7.74797	3.73462	3.12712	16.4755	
3.30721	3.14101	6.82412	1.62199	3.62406	7.92183	6.27935	2.63946	23.7945	6.28759	2.41822	19.5167	4.13649	1.88002	15.1427	7.96869	2.92547	34.9255	6.53775	1.73444	26.3855	1.796	3.54231	6.73398	5.85066	2.18508	19.6047	3.57966	3.23962	16.9405	3.19889	2.81553	14.4971	6.12314	3.53908	23.8498	7.96202	1.77447	20.6697	6.3876	1.83656	29.6382	1.71847	2.79779	4.00537	6.93972	2.47189	33.2968	2.04165	3.21301	9.71587	6.01208	3.19313	28.7218	6.13364	3.4822	14.0801	8.50622	2.01526	29.9666	6.08011	1.49189	12.7956	4.99154	3.275	24.4854	3.90452	2.43755	15.0233	6.00251	1.16034	28.2581	
5.50631	1.13023	26.4217	9.54347	2.19155	37.1517	8.43051	2.62979	23.5521	8.80422	2.61107	18.7404	6.67031	1.17418	30.3169	4.6871	1.49765	11.1467	3.30921	1.04416	9.25519	9.79162	2.04598	37.9349	3.69278	3.7738	17.0946	7.10683	3.99627	23.2808	5.49379	3.75867	12.6257	5.12005	2.99358	17.3692	1.09783	1.3526	4.67575	4.78921	2.50798	14.869	9.60113	1.72409	37.2606	1.86105	2.78209	8.82789	9.32771	3.8178	28.2271	9.55096	1.11174	24.9952	4.61307	1.22354	10.8108	4.60892	3.61292	18.4427	2.1161	1.85695	5.71718	6.48348	3.1612	14.2433	6.96038	2.96186	24.1662	2.36771	1.69805	9.0175	
3.07599	1.46605	10.0709	1.87948	1.60457	4.80369	6.63968	2.51705	31.8289	6.65834	3.92937	20.5568	3.78497	1.614	15.8333	8.15634	2.87063	29.8013	6.65917	1.31024	17.7786	1.75899	2.21373	4.14852	5.98313	1.51133	29.8976	3.20961	3.78584	13.9991	3.36653	3.88903	12.2556	5.83877	1.03655	19.4965	7.97582	3.8128	20.0904	6.5915	3.7745	31.1076	1.98714	1.42625	5.51227	6.97928	3.00001	24.227	1.75173	1.93648	7.2831	6.40234	1.38428	29.6326	6.32734	1.76805	14.8912	8.68217	3.43505	32.7629	6.00257	2.26059	23.8393	4.6468	3.51297	18.2621	4.22801	3.80759	10.9143	6.0308	3.20087	24.9456	


# This instance was randomly generated with the following parameters: 
# SIGMA_MIN=1
# SIGMA_MAX=4
# CAPACITY_OVER_DEMAND=1.5