9	18
0.938842	638.247	37.9609
36.917	792.514	54.0494
117.824	384.527	14.2436
104.499	1081.53	111.421
32.2702	1275.09	152.963
112.556	1136.47	111.631
177.546	1157.11	115.43
33.5412	1122.56	111.769
51.085	943.91	85.7029
9.9271
3.98982
10.4529
13.6788
13.6298
9.10006
4.40162
12.0226
11.474
8.55143
0.794316
6.50345
12.3894
11.5989
6.72989
0.540962
13.3784
9.87054
9.2338	0.8955	23.2343	8.28419	0.69806	16.784	7.3053	0.42306	25.8564	5.69698	0.472712	18.1559	3.76522	0.49732	17.9267	5.43017	0.630764	19.8747	2.71974	0.326142	7.11465	8.32584	0.422815	40.3341	1.9537	0.648106	5.88526	4.85722	0.298616	19.0185	5.45125	0.388304	23.6498	6.38041	0.731734	25.7821	8.45779	0.131002	23.3225	7.56281	0.394189	32.9095	9.14374	0.405683	20.765	5.19952	0.289763	14.9246	2.35415	0.99815	10.323	7.79821	0.372406	19.249	
4.50327	0.128521	9.87833	2.76743	0.324811	7.1075	4.54143	0.663283	19.4924	6.73568	0.802186	18.2558	7.49363	0.7417	33.2531	5.56878	0.282429	22.6783	8.21885	0.116927	30.3867	2.5043	0.446612	8.78746	8.79	0.714133	25.9045	7.16407	0.259471	29.1024	6.59605	0.989555	24.4102	4.91005	0.643056	18.8178	2.52291	0.601406	5.73421	8.63188	0.542746	25.1769	7.83456	0.929121	38.7471	8.27511	0.803582	36.1856	8.38491	0.940469	25.8752	3.13409	0.111383	6.9822	
8.28252	0.647551	39.6126	3.55509	0.262653	15.7756	6.62506	0.786729	31.2888	7.46359	0.192697	24.4449	6.47216	0.243809	23.1902	5.49192	0.970646	15.8474	6.33709	0.823695	15.2113	5.20233	0.182475	20.8958	5.86441	0.153499	16.2895	7.1832	0.515624	14.8557	7.0812	0.437322	17.4207	2.41839	0.218859	10.3142	3.79686	0.222992	14.5387	10.3559	0.860329	49.4967	10.6991	0.718541	48.7126	8.5774	0.842201	20.6053	5.9513	0.370122	15.0245	3.502	0.476124	16.6292	
4.14315	0.796655	20.4444	5.76755	0.186301	12.1705	2.65867	0.448522	10.4937	0.44322	0.704189	2.14274	1.75305	0.369858	8.5603	2.117	0.755385	6.26139	2.79937	0.541688	6.4076	4.68554	0.962295	19.6456	4.13396	0.484979	15.1617	0.51693	0.445204	2.26148	0.550605	0.256288	2.60169	5.19199	0.564886	12.2646	5.78576	0.202053	26.1803	2.93954	0.377602	8.56806	4.00756	0.580106	9.26839	1.19587	0.737893	4.45427	3.46717	0.225612	7.34569	5.32003	0.621141	18.7004	
6.63828	0.50443	19.7476	4.09326	0.713646	14.6794	4.59045	0.200918	20.9418	4.40139	0.111542	19.6457	2.92008	0.470472	11.7689	2.71813	0.287412	10.0668	2.65655	0.495239	10.6315	4.58611	0.749578	18.6963	2.37454	0.855505	9.03775	3.87633	0.722822	13.8309	3.99886	0.808509	19.7682	2.09255	0.219863	5.92207	4.29478	0.486398	19.0137	7.27272	0.240743	26.0458	8.08384	0.308496	22.8727	5.17571	0.669418	11.9234	2.30844	0.980364	5.17757	3.6363	0.765346	17.8803	
6.93432	0.309767	14.5352	6.76375	0.241655	14.7088	5.08117	0.7331	15.3397	3.34645	0.832279	10.1782	1.5024	0.982738	6.25842	3.36958	0.423153	14.3205	0.761816	0.218633	3.09652	6.41834	0.745108	15.373	1.62746	0.932378	7.45359	2.50758	0.563735	5.86513	3.1152	0.254487	6.51564	5.23654	0.470957	15.3233	6.88934	0.716741	14.2035	5.37067	0.3402	26.6912	6.84287	0.304213	23.3585	2.96403	0.856284	13.4113	1.17376	0.105495	5.81291	6.26212	0.501304	27.9294	
7.7029	0.528616	27.8097	3.93051	0.251637	16.2676	5.77069	0.784767	12.4652	6.03126	0.275675	23.4854	4.68819	0.431594	18.2298	4.17109	0.609615	18.7067	4.38158	0.942021	17.9256	5.06351	0.596783	20.0619	3.80159	0.737121	17.5085	5.58732	0.400983	11.331	5.62998	0.923888	23.66	1.8481	0.286352	5.16956	4.17823	0.316932	15.4749	8.93743	0.878757	41.6789	9.58564	0.448832	41.6692	6.92232	0.156744	32.8258	3.9318	0.153605	8.9178	3.61616	0.586058	8.08511	
8.55016	0.733546	39.4074	5.54133	0.399732	14.2963	6.50054	0.501304	19.7217	6.11106	0.168711	16.2614	4.32582	0.363971	18.1388	4.59423	0.57038	16.4957	3.62851	0.502847	16.5942	6.36165	0.814411	21.8859	2.5888	0.149423	11.5383	5.46801	0.686474	11.7823	5.71762	0.661162	22.2043	3.38596	0.479853	10.4799	5.77514	0.30797	12.3418	8.87978	0.374867	40.671	9.86407	0.427435	24.3403	6.61434	0.768044	27.1216	2.99018	0.63394	11.8786	5.15492	0.260163	25.6748	
7.81013	0.11701	24.6075	8.08036	0.890818	26.8595	6.10943	0.501023	17.3124	4.11076	0.579858	9.3057	2.65142	0.774831	7.9428	4.57611	0.506044	10.3827	2.09555	0.118652	7.54824	7.64379	0.789141	26.8817	2.5983	0.604159	6.4061	3.33095	0.601774	13.1243	3.98452	0.384941	18.6689	6.5672	0.33616	22.6535	8.19895	0.975421	36.6002	5.47567	0.668715	13.241	7.17244	0.443029	23.5191	3.2212	0.336987	12.9887	2.37692	0.428143	11.8044	7.57892	0.659059	31.8519	


# This instance was randomly generated with the following parameters: 
# SIGMA_MIN=0.1
# SIGMA_MAX=1
# CAPACITY_OVER_DEMAND=5