9	18
161.619	1246.11	153.028
123.27	1051.02	101.223
111.326	820.651	66.0616
127.311	402.747	15.8873
177.928	718.891	44.6181
40.1485	945.158	74.5132
164.291	636.092	36.4604
11.3108	537.431	25.619
62.231	518.017	22.5595
27.4265
31.4244
30.2423
24.0897
28.8325
26.3766
6.52733
11.0937
37.8452
0.639663
5.93574
20.3348
20.206
25.0689
19.1684
14.2564
3.17431
27.3379
4.98827	0.139185	21.7573	3.67149	0.633669	9.10091	1.55157	0.592702	4.78896	3.6305	0.583808	10.2043	2.28433	0.261251	5.50095	6.59602	0.159615	17.1126	3.65752	0.965143	11.9014	5.56861	0.892495	23.0957	3.11121	0.974457	11.7066	3.45003	0.906607	16.1759	4.61554	0.176765	13.5671	1.79058	0.709623	6.30322	5.59115	0.52681	14.9848	5.27229	0.750196	25.051	5.60646	0.874293	26.7002	5.39168	0.151866	17.8496	4.91604	0.396996	18.1535	2.62983	0.220945	5.72761	
4.97914	0.638129	11.0007	5.10593	0.491909	21.061	7.84914	0.11314	31.3237	4.23541	0.653304	20.8202	5.89036	0.607219	18.681	7.10915	0.856891	18.5694	7.49005	0.810506	23.9031	0.742324	0.494811	2.40071	9.31094	0.391344	46.383	3.19955	0.666714	9.94113	9.57829	0.786214	38.5582	5.37112	0.50728	14.3295	5.64598	0.170822	19.5477	6.25712	0.304211	31.2687	9.24481	0.252195	41.7053	1.58946	0.573778	4.77708	4.39825	0.458139	15.3749	6.62304	0.668086	14.415	
8.73922	0.695178	24.2029	1.99231	0.684141	4.86545	5.25275	0.623897	18.9726	2.86989	0.295867	13.4905	2.47855	0.833002	7.3392	10.7905	0.162456	42.2222	1.5729	0.601926	7.47007	6.39151	0.846314	22.2234	6.82195	0.854481	17.8173	4.2096	0.611586	18.2468	9.19391	0.825216	20.813	3.20643	0.147211	8.76993	2.09599	0.167494	9.66488	9.45863	0.334958	33.7459	10.3218	0.181852	39.1478	7.19805	0.5034	33.4219	8.41544	0.389299	21.8804	7.27124	0.783202	30.9617	
1.03207	0.213215	2.3948	7.73547	0.253851	37.7712	6.33083	0.766773	27.1168	7.09168	0.744665	24.5377	7.11527	0.592129	35.0409	1.32189	0.694034	5.12921	8.86856	0.437282	30.8495	5.69762	0.729808	14.1999	6.75743	0.171531	13.6192	5.84846	0.421536	13.0557	5.13052	0.650163	21.6021	6.32904	0.762304	23.8371	9.40986	0.297379	44.8285	0.372823	0.651347	1.83593	3.83354	0.636408	15.9034	4.41713	0.602965	12.3358	1.60857	0.329472	7.64899	3.20756	0.592691	7.70526	
5.6579	0.894006	12.5343	2.04602	0.951881	9.80928	5.62114	0.595	14.707	1.17866	0.223488	3.45184	3.00873	0.366122	12.2521	7.91693	0.104622	16.7459	4.45731	0.736328	10.6007	2.40728	0.311469	7.99803	7.27815	0.695665	33.9695	0.861427	0.851554	2.40561	8.43217	0.496058	26.9172	2.70401	0.617351	12.4089	2.97606	0.299857	12.4259	6.70886	0.652858	22.4925	8.76836	0.196231	21.8873	3.30154	0.191848	13.9285	5.18526	0.717998	12.3574	5.65568	0.466514	18.9736	
9.04054	0.423315	45.1413	2.14847	0.671646	5.91747	6.32552	0.912699	24.1308	2.8412	0.16413	8.07023	3.28874	0.834228	12.386	11.1984	0.22091	39.7391	2.83828	0.755498	10.2655	6.03308	0.177968	13.5225	7.95496	0.600384	31.3199	4.20483	0.135834	20.1048	10.1549	0.939324	42.7261	3.87256	0.649353	16.1777	1.03258	0.865342	2.13103	9.89448	0.205797	40.2564	11.1219	0.554344	55.2252	7.03344	0.346063	19.6598	8.65065	0.593362	27.5927	7.99156	0.584913	16.9501	
6.36837	0.225552	26.4176	3.74106	0.19957	18.5976	1.09072	0.399889	4.10997	4.01933	0.296257	19.3784	2.1589	0.693166	7.55015	7.89175	0.135589	29.2522	2.79391	0.500673	13.7275	6.62128	0.724815	32.4132	2.73303	0.787901	9.64343	4.28447	0.49489	10.3566	5.08472	0.124853	18.9293	2.16075	0.921333	10.3142	5.51919	0.398397	11.1708	6.58714	0.194412	24.4938	6.45114	0.181463	22.951	6.62107	0.924199	32.0538	6.30414	0.462169	28.7895	3.78281	0.209693	11.3631	
6.32147	0.276615	16.561	6.35289	0.284145	16.5675	1.64054	0.815796	8.13638	6.45906	0.886753	28.0994	4.79987	0.975729	19.9706	7.08242	0.325129	19.0771	5.43154	0.280101	12.738	8.28021	0.779396	23.6325	0.477562	0.778207	1.28942	6.31712	0.124764	26.9766	2.67481	0.141438	7.51069	4.55868	0.424507	17.8404	8.20091	0.247194	24.0234	5.99138	0.151897	16.8432	4.487	0.79546	14.3179	7.85432	0.241388	25.3582	6.50396	0.274824	21.5621	3.13166	0.570891	10.4082	
4.02531	0.383719	15.2106	6.96562	0.713741	32.7035	3.41349	0.201688	9.63379	6.71319	0.91727	26.2296	5.69648	0.767641	15.8883	4.38906	0.684688	10.5306	6.99286	0.508399	33.7727	7.27007	0.33166	16.548	3.19481	0.365141	7.47325	6.01233	0.654596	13.0348	1.71848	0.339671	5.72827	5.1063	0.358402	16.1354	8.88877	0.93504	35.3284	3.40424	0.677003	12.9863	2.19237	0.763401	4.69909	6.44636	0.965121	15.0725	4.3652	0.912826	16.3969	1.25861	0.790291	5.72751	


# This instance was randomly generated with the following parameters: 
# SIGMA_MIN=0.1
# SIGMA_MAX=1
# CAPACITY_OVER_DEMAND=1.5