11	22
94.3298	706.445	46.5101
76.3902	978.332	82.9539
16.1245	1110.85	106.901
61.8746	1202.9	144.578
152.366	615.156	35.0945
61.5308	1111.75	115.542
56.5102	731.717	44.5541
46.143	1338.03	148.776
93.3295	778.4	59.0239
56.0117	809.541	55.4406
64.6775	1196.54	129.05
22.6759
29.6826
55.6138
23.0684
16.436
63.5584
41.7818
10.0165
38.8527
29.7821
59.0076
20.5398
50.997
22.3283
29.9155
6.21719
12.7449
4.02232
12.1402
38.0861
6.8662
51.2831
3.72804	1.42315	14.6082	7.1211	3.01752	21.9604	4.69751	2.15553	22.0884	5.7829	1.35191	18.4393	4.30927	3.02683	19.3929	4.11149	1.86421	19.5918	5.22222	2.27284	11.5267	4.86607	3.62631	10.9369	6.87572	3.29533	21.3484	7.07588	3.18016	17.423	4.02836	3.14907	13.0934	2.82822	1.33282	8.39179	5.27963	1.96461	22.6231	2.24671	3.72639	5.79514	6.44814	1.26912	15.0048	1.7519	2.15146	3.65915	3.16844	3.19584	12.641	3.92179	2.59927	15.9698	2.29237	3.22238	10.9808	4.96186	3.56452	11.3387	0.617906	3.93036	2.44321	2.70926	1.52969	9.15526	
8.6965	2.13877	31.1757	6.92402	2.36996	17.8484	1.03946	2.6146	4.01556	3.15647	2.35607	10.0497	9.19789	2.77672	30.0322	9.1599	1.4631	18.9372	0.222287	1.96018	0.851068	1.29409	1.84673	5.63665	9.30542	2.40682	44.2942	5.53399	1.86943	22.5644	5.51524	3.54844	23.1591	3.8669	2.63119	9.3759	1.15283	3.31043	2.49464	7.14522	3.76929	23.0372	9.24137	2.22362	43.5094	6.50468	3.27698	29.2043	2.44171	2.05835	7.10024	1.69205	1.78648	4.3717	7.2096	1.97717	32.5176	1.85205	3.55846	4.56091	4.71528	3.89858	20.1935	2.42543	3.53063	7.95655	
5.30405	2.11272	17.3566	3.59188	1.53109	12.0559	6.84673	1.96362	33.6989	5.89237	3.82525	23.0367	7.74543	2.18169	24.1212	6.45308	3.06474	15.7114	7.83745	2.28133	33.1338	8.49545	3.06554	25.8313	1.55289	3.62768	7.25522	5.05227	2.50247	20.7464	2.29446	2.67132	4.69329	4.05143	3.65098	11.9002	7.14807	1.54016	14.5178	4.65596	2.61348	22.4194	1.45397	1.68956	6.53518	6.53451	2.2405	32.0234	5.46894	1.53681	23.2104	6.11827	1.91984	17.1609	6.47684	2.85223	16.9313	8.88824	3.25138	37.8506	4.97993	1.9704	12.7259	5.90801	3.00082	14.3986	
2.72031	3.09422	9.57699	10.2374	1.49028	45.3681	8.30361	1.2941	39.4475	9.45713	1.92153	31.8621	0.755088	2.8332	3.56249	1.86812	1.05089	7.90095	8.68854	3.20001	34.9129	7.98806	2.07858	33.2981	8.64507	3.60646	26.0899	10.5556	1.95546	33.5531	7.08869	2.43042	16.2746	6.39414	3.41667	13.4432	8.8921	2.22069	20.6126	2.92851	2.87065	6.68858	8.01561	1.68051	27.0457	1.99986	2.87398	5.09803	6.84721	2.56333	33.7837	7.57136	2.29835	30.8132	1.40704	2.96876	6.28175	7.8956	1.81936	20.8763	4.24499	3.7824	9.49816	6.32208	1.08484	15.7009	
7.74113	3.22465	34.5169	1.43302	1.64767	5.80525	6.77326	2.00554	28.081	5.09688	2.74579	15.6508	10.0669	3.53759	23.0308	8.8706	3.27668	40.3993	7.76997	2.45774	30.8561	8.79983	3.50605	36.1838	2.78801	1.25579	8.85653	3.34947	3.41609	8.7786	3.05845	2.69577	8.36292	4.78118	2.96974	19.2736	6.87304	2.28527	30.3452	6.88079	3.21334	18.5512	3.30987	1.13782	11.6146	8.48248	1.89293	17.1641	5.90131	3.28678	23.2487	6.27023	3.56227	28.9059	8.5795	3.2443	38.0284	9.28892	3.98793	31.4809	6.49781	3.833	32.2394	6.56754	1.67436	14.2404	
3.79108	1.71092	14.5706	11.5319	2.75385	39.6801	9.37135	2.15355	42.4865	10.6484	3.97808	37.9784	1.19784	1.61105	5.07367	2.73722	1.75653	10.8552	9.67311	3.13604	41.2843	8.8412	1.05936	23.6543	9.85882	3.79385	46.4837	11.8236	3.05335	50.7838	8.38155	3.99997	41.3045	7.63382	3.29459	15.3606	9.95976	3.08774	37.6993	4.21123	3.05941	14.1125	9.21292	2.71671	40.9517	3.12258	1.70162	13.9257	7.99211	2.50061	16.5089	8.67818	1.59669	40.9005	2.65447	1.5593	8.86574	8.68306	2.85866	36.3427	5.4519	1.35569	15.5813	7.41569	3.71063	36.4139	
7.51877	3.19144	21.6511	1.89967	1.85191	5.40882	7.07349	3.45094	23.3202	5.47644	2.68795	13.7182	9.8989	3.63654	29.0315	8.65954	2.47531	22.3413	8.07662	3.69833	37.637	9.05836	2.63639	32.973	2.33683	3.92737	11.6649	3.8039	3.67165	14.4766	3.13261	2.11958	12.5384	4.92612	3.91225	15.7497	7.2019	2.94502	27.0681	6.73746	1.36797	28.7558	2.88522	2.712	13.4347	8.42395	3.78554	42.0804	6.11521	3.55301	13.742	6.53252	2.00011	24.6431	8.47964	1.76894	37.4616	9.5352	2.61922	42.0588	6.52286	1.70322	27.3051	6.75196	3.10678	30.2739	
5.69392	3.89831	25.1776	6.03626	1.87758	29.4354	2.54566	3.56319	6.19382	3.79146	2.95725	10.5802	6.45894	1.99475	24.4187	6.22484	3.44842	19.9564	3.16111	2.62273	14.9651	3.1772	3.07447	15.2859	7.08399	2.57677	18.0634	5.48301	1.13384	18.9198	3.45403	1.06191	11.1802	1.61716	1.44843	5.98668	3.12396	2.43649	12.4	4.13832	2.15695	12.3515	6.85272	3.65185	26.4853	3.82543	3.51406	18.3008	1.0675	2.45912	3.07149	1.76465	3.59683	4.08329	4.43861	3.3341	12.814	3.46233	1.60501	14.2437	1.7271	2.16151	8.53868	0.588617	1.49372	2.01455	
7.67705	3.26142	25.4428	6.6829	1.6218	24.8895	1.12518	3.29369	4.11781	3.27972	2.75579	10.5443	8.18025	3.85334	28.7198	8.1296	3.81376	28.5932	1.21317	2.74178	4.50028	1.40354	3.29944	4.13461	8.64467	3.21329	25.7493	5.54078	3.60505	27.3033	4.85347	2.46314	21.063	3.08073	1.42937	9.89222	1.63047	2.71054	6.75309	6.12935	3.85569	12.3949	8.52042	3.61741	32.4213	5.48762	2.8583	24.6567	1.64589	1.37071	3.60069	1.15221	2.62534	2.3676	6.18571	3.80217	20.673	1.87998	3.23351	7.45248	3.69562	2.57542	8.31422	1.43588	2.74586	4.22347	
4.23206	3.23017	12.1808	5.58443	1.02607	26.8583	4.00616	2.40029	12.9494	4.57219	2.95877	13.9523	5.50759	2.9051	15.5463	4.94658	2.83201	20.4773	4.76715	2.17273	20.6607	4.86594	3.41901	20.1467	5.69362	2.35241	11.7499	5.60574	3.50943	15.3794	2.51448	3.53943	9.27942	1.42359	1.8878	6.37606	4.53687	3.1192	19.0916	2.69324	2.95875	5.72322	5.36887	3.66869	26.3279	3.19763	1.64259	10.3224	2.31249	1.59936	11.43	3.15487	1.75085	12.6502	3.57796	2.49912	15.4851	5.12632	2.2043	18.715	0.940152	3.97423	2.86255	2.24927	2.00272	6.32339	
2.79683	3.04657	11.0913	7.29177	1.15304	14.9415	5.53852	2.51123	27.6007	6.42962	3.5968	29.7673	3.6154	1.63647	12.5493	3.23007	1.75408	7.48802	6.11558	2.58453	16.2969	5.7971	1.43746	24.4635	6.49488	3.07678	22.8135	7.48509	1.89878	27.1306	4.13275	2.46561	14.9544	3.32075	3.39562	6.83838	6.11218	3.10213	28.7251	1.33486	1.67637	3.09732	5.9979	2.60867	22.2145	1.44023	2.64854	5.03872	3.93846	3.9075	11.448	4.73335	3.5418	20.9781	1.6841	3.63292	7.53114	5.89007	1.5048	22.7963	1.27718	1.69037	3.96659	3.56869	1.17505	13.2107	


# This instance was randomly generated with the following parameters: 
# SIGMA_MIN=1
# SIGMA_MAX=4
# CAPACITY_OVER_DEMAND=1.5