11	22
179.114	607.616	36.173
89.3134	1026.84	103.713
24.5859	984.727	84.816
64.3809	1316.57	144.093
178.684	336.891	10.144
150.938	1128.69	113
13.2958	693.434	45.5815
119.693	1109.01	106.798
43.7917	1088.04	101.301
84.6385	799.829	61.0069
20.9858	407.559	14.4314
25.2539
45.6174
35.7975
35.5074
20.1944
1.15785
11.5518
30.2557
2.05289
48.615
7.36609
4.11813
53.4024
55.6622
7.71699
1.6072
9.1682
24.894
41.5343
26.2858
43.032
16.5812
3.17296	0.685861	10.8111	4.2131	1.99872	12.6226	5.58726	0.839158	12.5375	1.17563	1.00556	3.43671	7.04024	1.56174	14.5359	8.86861	1.65695	43.5043	8.06453	1.67789	24.031	4.16321	1.85391	12.2325	6.40046	1.49962	29.5874	5.31248	0.605948	20.4986	7.73732	1.22774	30.9873	2.17436	1.18408	7.39383	4.98799	0.63906	19.9449	2.73193	1.87764	6.0751	10.2629	1.37332	23.5517	8.2499	1.02257	23.5044	4.6531	0.52004	9.56949	7.2946	1.04678	29.2577	2.29824	1.47978	5.85386	2.85715	1.91947	8.72104	7.98872	1.0377	33.7911	8.15404	1.89824	19.1264	
0.893326	1.45207	2.53649	4.15936	0.856923	12.295	5.22792	0.796828	16.4654	5.19446	0.914284	23.2202	5.26517	1.76473	13.9971	9.0898	1.16016	44.0341	9.06759	1.56233	25.1626	0.1821	1.33018	0.551607	5.95889	1.39414	29.0819	3.87332	1.46763	14.2079	4.46475	1.15312	18.5879	2.03848	1.22022	7.6282	4.78742	0.59883	17.1827	6.06789	1.07432	16.8993	7.88108	1.8957	25.2358	4.36518	1.81473	15.1587	5.16038	1.98185	14.124	3.35973	0.712028	10.4632	4.84447	0.576187	21.0603	4.81429	1.3387	21.5414	4.18775	1.15627	9.13949	4.99308	1.25372	14.4011	
2.83479	1.11807	12.8112	3.32487	0.560606	11.0307	3.85677	1.71798	9.98967	6.35382	1.46259	20.5505	3.19594	0.850764	13.5876	7.53208	1.43648	18.1748	7.87997	1.3623	29.8606	2.06168	0.624328	7.90473	4.40384	1.19746	18.8201	2.24763	0.790019	8.18576	2.39343	1.13416	7.55807	3.23334	0.648792	15.4293	3.62644	1.84843	7.43324	6.58093	0.95701	23.0033	5.64189	0.501209	13.3339	3.11106	0.75605	10.3009	4.29997	1.21731	20.1722	2.38038	1.7034	11.5727	5.20616	1.69202	24.2059	4.87709	1.47163	18.6811	2.75663	0.724708	11.5012	2.87005	1.01079	6.32763	
5.05492	1.53923	15.468	3.90729	0.867967	14.0897	3.58438	0.715532	11.1415	8.03307	1.05057	34.3455	1.69968	1.83284	7.83134	6.43698	1.11641	22.1518	7.26191	1.55191	15.0959	4.31723	1.97377	17.6298	3.70122	0.861519	18.1835	2.32027	1.9416	11.5549	1.19445	1.7106	4.78455	5.21187	0.918094	16.6224	3.71901	1.61543	13.7852	7.78776	1.63585	20.3436	3.38591	1.98693	11.4651	3.17091	1.66958	12.8889	4.57107	0.708738	14.0893	3.14445	1.4555	7.96328	6.43708	0.930634	28.9695	5.92078	1.5336	16.6097	2.73042	1.7522	8.30344	1.19681	1.40391	2.4628	
4.80896	1.7501	18.7045	2.43084	1.81344	9.95012	3.34008	0.992459	12.106	2.99091	1.5324	8.15432	5.42107	1.288	19.2271	5.84659	0.990122	17.2118	4.88403	1.71959	13.8697	5.39889	1.58135	23.4589	3.98334	1.5097	17.3212	4.01528	1.67147	9.53865	7.25878	0.824355	29.1585	3.54257	0.70283	12.417	2.86124	0.63303	9.9215	1.61688	1.03217	6.76914	8.62822	1.12901	21.8635	8.50682	1.97306	31.1394	2.12059	1.85652	6.88171	7.76637	0.977943	38.0727	0.900381	1.93381	3.7271	0.579575	0.612587	2.27948	8.1281	1.81123	16.2843	7.49179	1.10226	22.2817	
0.946888	0.571452	2.2579	4.90183	1.29071	22.959	6.12624	0.912478	28.4006	4.67829	1.52129	22.1018	6.44917	0.777606	25.1877	9.97404	0.524222	44.0243	9.76198	0.788422	29.2508	1.47486	1.25267	3.56621	6.90852	1.85884	16.9872	4.93962	1.54777	11.2139	5.75058	0.743066	18.5127	2.06505	0.860428	8.64388	5.62066	0.959239	19.9888	5.92938	1.11512	12.9823	9.16078	0.518043	36.788	5.49052	0.68998	23.3691	5.83563	1.22643	26.4033	4.4722	0.850342	21.9518	4.89264	1.39409	13.1814	5.04202	0.684095	17.5943	5.36405	0.51296	24.4937	6.28259	1.61776	13.2881	
4.15975	1.02645	14.2309	6.35909	1.03705	14.0144	6.89353	1.22409	21.2233	8.46151	1.88203	40.2074	5.77725	0.810902	23.1046	10.4249	1.83669	27.6142	10.9103	1.45431	45.6183	3.16464	1.56693	13.1469	7.37048	1.56461	17.5075	5.27258	1.48725	25.3884	3.34855	1.00993	12.644	5.25294	0.910191	17.1538	6.68848	1.49506	20.6149	9.17723	1.29503	31.0585	7.08876	1.74167	22.3919	1.79529	0.947136	8.3958	7.35203	1.75933	18.4049	1.11583	0.832438	4.08478	7.86381	1.88825	23.4996	7.67541	0.648111	15.8736	1.96672	1.19009	6.70332	3.85091	1.38211	17.4276	
2.25895	1.07625	6.17198	1.79035	0.986789	4.85174	3.13955	1.46991	12.491	3.64005	0.896386	9.0641	4.2193	1.34839	19.4034	6.88822	1.71157	33.2567	6.58559	1.00424	26.022	2.64863	1.84256	8.14574	3.96686	1.88536	10.9599	2.48525	1.76068	9.7339	5.03446	1.84066	14.1926	1.29845	0.719339	5.88551	2.57097	1.18507	7.21225	3.76652	1.4276	15.6454	7.41382	0.533851	32.7251	5.92254	1.8195	13.4158	2.66514	1.02711	13.1338	5.09419	0.780442	23.1076	2.40835	0.584704	9.07697	2.20911	1.45593	5.1111	5.58487	1.40002	13.4804	5.3998	1.52289	13.1423	
4.02969	0.89436	10.1545	7.07746	0.767232	17.2236	7.84005	1.34404	34.4538	8.30549	1.63726	29.6292	7.03653	1.86512	33.0018	11.5423	1.8985	36.8588	11.8514	1.36225	56.4569	3.23915	1.13117	9.15312	8.41648	0.582958	37.6401	6.2525	0.682717	30.8136	4.8329	0.991827	13.2774	5.2885	1.43616	12.1816	7.54061	1.94443	22.7401	9.32869	1.59614	21.1611	8.60161	1.78261	27.2852	3.31975	0.604483	7.28911	8.09753	1.18556	39.3619	2.62242	0.558194	12.9554	8.11125	1.87789	32.5309	8.0516	1.93997	17.9943	3.50923	1.82263	7.38978	5.35464	0.551282	12.1428	
2.77436	1.81723	12.908	4.90943	0.920942	20.116	5.58455	0.732906	27.6458	6.99815	1.97387	17.7538	4.82861	1.42797	17.3658	9.27492	1.89998	39.6584	9.60382	0.850156	38.1554	1.74334	1.68724	5.13304	6.14852	1.23732	20.0861	3.98742	0.913794	14.7208	3.06399	1.93016	14.4263	3.76499	0.90125	14.7355	5.31226	1.30964	24.2806	7.64647	1.10307	32.9152	6.79049	1.80616	16.8878	2.50097	1.04761	9.88447	5.91936	0.589857	23.9455	1.48508	1.51262	6.59514	6.3288	0.830999	26.6347	6.14384	1.44852	12.2993	2.37588	1.42121	8.99959	3.62055	1.87142	9.15598	
4.8295	1.05781	13.001	5.70038	1.66494	16.7834	5.86345	1.39767	19.3385	8.80796	0.975812	40.4044	4.30198	0.72385	19.0827	9.04302	1.36019	33.4471	9.76244	1.01224	22.7111	3.81516	1.77442	10.605	6.1683	0.668075	30.318	4.30374	1.99966	16.1289	1.54519	1.97661	4.68034	5.59552	0.582176	27.9671	5.81139	0.52549	25.6535	9.12052	1.49683	26.2084	5.20103	1.03978	11.3149	0.61147	0.50699	1.50202	6.59217	0.583595	19.9741	0.8443	1.07858	3.20472	7.74556	1.77416	18.5661	7.40139	0.625365	27.336	0.220343	0.515877	1.09251	1.99082	1.35927	4.03333	


# This instance was randomly generated with the following parameters: 
# SIGMA_MIN=0.5
# SIGMA_MAX=2
# CAPACITY_OVER_DEMAND=1.5