8	16
22.8535	1085.39	99.4141
165.516	431.118	15.832
0.217101	1334.64	159.87
71.5297	985.164	94.3753
158.309	1310.83	154.092
25.6939	591.425	34.5884
109.274	1185.62	134.544
49.9838	730.499	48.2789
2.86955
22.4429
13.761
13.1335
10.8439
2.25726
24.7227
21.7394
26.4926
16.7762
21.329
24.2235
4.40423
18.0005
0.0676906
23.9344
0.27109	2.62553	0.887973	4.55903	2.04276	15.5091	2.84581	1.26621	11.4282	7.01596	3.425	22.5962	2.24405	1.67405	9.05639	4.25137	3.11731	20.3216	7.32146	3.03875	26.4922	5.66795	1.7724	22.6298	7.26978	1.40742	34.3142	5.87275	1.74189	16.8651	2.78302	3.00836	12.892	4.46894	1.7427	11.2557	1.15416	3.02743	3.09923	9.12484	1.23906	23.0748	4.54544	1.56791	19.6721	4.20226	1.87615	18.2739	
6.63958	2.90787	29.2827	2.04647	2.83465	7.27493	3.52823	3.50059	16.0323	1.48614	3.66817	6.18545	8.40612	3.28066	25.662	3.24002	1.72736	7.85643	7.42904	3.09458	29.4157	1.93774	1.43463	9.0182	5.08739	2.9971	19.5885	8.04282	2.42926	20.5288	4.76673	1.71984	20.0838	3.14301	3.23197	9.07394	6.90669	2.82643	24.0034	3.76094	1.75638	12.5915	6.39384	3.13573	21.7605	4.06649	1.87226	10.9085	
7.48023	1.46831	28.6243	3.05544	3.08777	8.32381	4.82841	1.479	18.8626	4.48172	1.88959	19.2361	9.45723	2.60013	24.348	5.71841	2.85756	15.8045	4.98588	2.97962	10.683	1.78228	2.02557	7.74449	2.26615	3.17445	11.0359	6.33967	1.33658	15.7416	6.73485	3.2155	25.1673	2.75475	2.94541	7.45815	7.26574	1.80109	14.5739	2.07792	1.71795	7.18001	5.0717	3.06776	18.5186	6.56765	3.79715	32.1789	
3.40408	2.93726	14.9196	2.17074	2.62813	7.18498	0.803971	3.57499	2.22839	3.86901	1.78657	11.835	5.01749	1.33176	12.7648	1.33579	3.86933	4.59553	7.47694	3.66164	15.3633	3.44732	2.13316	11.4391	6.22247	2.81927	22.5152	7.00685	1.94519	28.4804	1.50916	3.36111	5.15173	3.00935	1.66771	7.80442	3.97706	2.82078	10.156	6.76368	2.28667	23.1987	5.28339	2.9111	22.0632	1.82098	1.38989	5.04916	
2.65834	2.51919	5.46067	2.20703	2.04828	4.65382	0.935561	1.03456	2.97506	5.04806	1.89701	22.7856	4.60725	1.75394	14.0603	3.03782	3.97178	12.871	6.00146	3.6536	16.3616	3.2794	2.82395	6.89401	5.23232	3.40146	17.4978	5.32199	1.07351	19.9004	2.63673	3.08469	7.5281	2.15788	3.49541	8.62147	2.75902	2.68705	7.12265	6.73892	1.16543	15.9286	3.61997	2.16866	13.0936	3.47721	2.76111	11.7051	
2.40112	1.83532	10.7846	3.07043	1.60393	11.0674	1.25972	3.12465	5.59001	4.93385	2.48461	21.1779	3.92655	2.43447	17.2484	2.0743	3.3633	4.69385	7.67637	1.62886	37.1863	4.33816	2.86897	14.8071	6.79755	1.75769	15.1124	6.85851	2.07155	23.8414	0.977563	3.27342	4.14927	3.60003	2.52324	11.3995	3.14008	2.61582	10.8008	7.74293	3.0303	24.3432	5.21376	1.48623	16.4747	2.13733	3.18471	6.80241	
4.34582	1.68057	15.3107	5.11323	3.16558	25.0172	4.76911	1.59239	18.9596	8.35635	3.57497	19.4425	5.8996	1.44718	22.3614	6.88229	2.88147	21.9138	3.4326	2.56987	13.5535	5.36983	2.03098	12.496	4.70214	3.84431	13.187	1.62969	3.38093	6.14618	6.2625	1.16846	23.149	3.95358	3.0301	17.8591	3.32387	1.30381	10.3017	8.02922	1.64214	31.4315	0.936896	2.85005	2.11207	7.30815	1.61561	26.213	
3.58051	1.22351	11.5732	2.66155	2.27918	8.54636	2.48569	1.1988	8.99187	5.89714	2.8867	18.4099	5.54282	3.90639	15.4028	4.56055	2.56816	21.3185	4.3207	2.44872	20.397	3.13821	1.35376	14.2845	3.92101	3.10165	17.0216	3.75638	3.73402	9.78484	4.32469	2.82414	15.8579	1.66179	3.57088	5.33281	3.10312	2.77313	14.9191	6.28693	2.69424	19.8326	2.01302	3.39433	8.87855	5.1051	2.77463	13.8708	


# This instance was randomly generated with the following parameters: 
# SIGMA_MIN=1
# SIGMA_MAX=4
# CAPACITY_OVER_DEMAND=3