4	8
109.588	916.51	72.9777
84.5378	1009.22	101.605
8.01986	1058.75	106.592
98.6117	1305.73	150.638
4.42315
55.3768
27.9609
20.5765
65.6036
55.5298
38.3148
20.0899
5.99486	1.25334	21.1734	5.48898	2.87496	13.7918	7.93966	1.52934	35.2677	8.66644	1.48801	29.0429	4.39323	3.50213	15.9472	4.233	1.52276	19.5808	2.25731	3.68379	6.80411	7.74083	3.11644	34.2896	
9.20911	2.99793	40.2364	9.47061	1.33755	40.1551	7.08374	1.69447	23.1894	7.07358	1.37126	20.4887	5.30062	1.01769	10.8786	3.30208	1.01383	6.83286	5.10481	3.08849	17.2101	4.93377	1.58748	19.1845	
5.38261	3.13473	19.2814	6.14546	2.80894	19.6514	1.24202	3.65825	5.70945	0.898319	1.34294	2.83837	3.77838	3.93075	13.7731	7.22111	3.67792	15.4607	7.50446	2.3019	28.2529	1.25489	1.83241	4.97025	
5.21536	3.66919	20.4701	4.77652	1.93363	23.5325	7.06892	3.94925	15.2787	7.80501	2.85869	18.4513	3.55456	3.6208	15.94	4.1357	1.82069	16.5763	2.28782	3.67634	7.68644	6.94946	1.43291	30.8483	


# This instance was randomly generated with the following parameters: 
# SIGMA_MIN=1
# SIGMA_MAX=4
# CAPACITY_OVER_DEMAND=1.5