12	24
8.4772	1210.4	137.208
145.535	920.458	79.7748
95.2911	904.966	75.0581
90.1607	997.935	97.9921
105.973	733.402	47.4133
97.8099	1203.73	137.723
5.64792	1072.28	100.299
137.513	1134.87	115.352
136.078	900.602	78.8686
19.3839	1029.61	99.5326
101.734	1267.39	155.482
160.058	1195.23	119.476
19.2302
66.8121
30.4643
54.9771
53.4128
32.622
2.70932
58.5154
60.2681
47.3421
9.98692
43.4921
12.8095
12.8828
10.2459
34.9837
27.2644
57.5364
23.744
1.45572
69.0305
25.0882
49.3842
25.1955
6.23055	1.7012	24.9534	1.67982	1.53664	4.49879	6.18765	1.90715	27.7016	7.00666	1.21843	19.3369	6.94094	1.23411	13.9483	3.00832	0.868462	11.1128	5.92805	0.6865	23.4228	1.16765	0.789268	3.92888	3.11867	0.562108	14.1912	5.91179	1.19607	23.9877	8.27003	1.73614	40.4221	1.66806	0.990597	7.42484	4.2021	0.810329	13.2469	2.6392	1.53753	5.83535	3.58026	1.16555	12.3508	1.63907	0.976988	5.459	6.51512	1.97227	23.8758	3.21809	0.94791	10.6159	5.462	1.67284	20.6162	6.93115	1.7879	17.5212	8.20827	1.31203	16.5537	4.41555	0.753402	14.1565	5.89408	1.81331	25.6201	2.89397	1.35824	7.3785	
1.72766	0.874812	4.71613	5.59807	1.23009	16.6537	3.35616	1.61209	7.45575	5.43636	1.98892	12.3005	3.29201	1.17223	14.7068	6.03469	1.22583	27.6773	2.2807	1.06804	9.76475	5.55672	1.61685	19.2737	3.80075	1.76924	12.463	5.98326	1.77929	27.7181	3.80887	1.9429	10.6434	5.50572	0.981459	19.7278	4.02519	1.47553	17.4229	3.76967	1.28273	10.4385	5.15716	0.667233	20.7788	5.99946	1.4005	28.857	3.98937	1.96904	11.729	5.79497	0.801137	20.3746	1.50301	0.800423	6.8345	3.93995	1.4594	15.2885	3.95381	1.20977	16.7588	5.49215	0.676571	19.8426	1.63225	1.6182	7.49336	2.66731	1.44538	11.1863	
5.44694	1.90736	14.0727	4.00335	1.95768	14.8493	6.71816	1.97646	18.9928	8.16162	1.45032	21.0732	5.30808	1.37116	25.1605	2.10282	1.88096	5.07438	4.44559	1.13281	12.8797	2.60508	1.19321	9.63828	4.66685	1.7164	21.0693	3.62006	1.21253	8.94032	7.2111	1.31577	23.4959	2.01421	0.670871	6.61572	5.62082	1.74371	15.1706	0.363105	0.571728	0.943914	1.5283	0.824025	5.5429	3.80999	0.889537	14.3364	4.48761	1.36704	15.2592	5.43274	1.31659	15.9342	5.32855	1.88871	12.6331	5.0165	1.35786	19.9775	7.892	0.502064	25.2523	6.31724	1.53233	22.7184	4.79977	1.75907	13.4719	1.32642	1.48444	4.131	
3.88955	1.08041	9.18469	11.0777	0.595781	32.3034	5.72605	0.91137	27.3439	7.70557	1.88735	18.9054	4.72248	0.936738	13.3921	11.3296	0.641686	42.8506	5.05403	1.33916	14.2088	11.1537	1.61557	34.8977	8.70139	1.06078	28.3023	9.79803	1.03538	32.49	2.12987	1.53655	4.99608	11.0359	0.502065	39.8339	8.33126	0.810065	27.5787	8.99073	1.15997	38.7406	10.0963	1.2255	20.471	11.5591	0.625268	38.9103	6.43234	0.906513	17.1087	10.8425	1.38872	24.9756	4.9014	1.8725	22.3821	5.78283	0.973449	20.1047	2.66471	1.06273	5.45156	9.90152	1.34822	45.8344	4.45807	1.4528	16.3868	7.93124	1.0498	22.4194	
4.07423	1.45185	9.83901	3.2633	0.529803	11.251	4.21032	1.89597	10.1365	5.52231	1.27208	20.4217	5.21664	1.36214	21.9307	4.43266	0.910153	10.7905	4.15259	0.841974	12.9923	3.34642	0.846821	14.0998	2.25651	1.77666	9.70441	5.88937	1.53335	19.0903	6.15865	1.1931	23.8894	3.51395	0.904637	7.39183	3.06201	0.666272	10.1562	2.69448	1.22318	13.3203	4.1577	1.92078	13.1257	3.65067	0.614081	14.9277	5.26117	0.561154	25.1083	3.77287	0.700545	10.673	3.24834	0.782631	13.6956	5.49473	1.73212	26.563	5.99239	0.637584	27.3562	4.05538	1.09596	16.3047	3.87387	1.95562	10.5978	2.02398	0.548009	4.80036	
5.70144	1.72993	27.2506	2.45351	1.22019	8.67456	6.07124	0.846953	15.2665	7.14203	1.12346	14.5479	6.22734	1.84061	21.7797	2.69223	1.95399	12.5326	5.23517	0.636066	19.9328	1.56741	1.92152	5.13326	3.37313	0.687528	11.7394	5.19717	1.99446	19.1569	7.69044	1.54041	15.6112	1.61996	1.07227	7.48398	4.41733	1.30925	19.8481	1.87485	0.930333	8.02688	2.94853	1.83464	7.19223	2.39799	1.70265	5.20026	5.74177	1.46659	26.9566	3.86401	1.75709	13.8163	5.10707	1.73779	19.5632	6.17221	1.87957	28.1223	7.83368	1.6997	24.2968	4.87554	1.96793	20.6238	5.28334	1.63896	13.323	2.13227	1.73664	10.0299	
6.62821	1.19857	32.5619	3.31586	1.75175	11.1787	7.44416	1.34758	27.4721	8.5915	1.76239	37.3427	6.63027	1.06737	31.0137	1.24108	1.89596	5.37321	5.75472	0.864557	22.5702	1.51574	1.22765	3.36566	4.81105	1.19399	19.0275	4.3593	1.20837	16.9916	8.47214	0.777147	21.5082	0.72184	0.96952	3.54877	5.8647	1.07188	13.8552	1.66984	1.16983	4.73846	1.90953	1.58676	8.80861	2.89181	0.878735	13.994	5.77153	1.42626	19.0482	5.02616	0.668139	17.8596	6.29913	0.890263	24.3187	6.32262	1.02674	17.6041	8.96242	1.16879	22.9245	6.23212	0.993888	14.5649	6.04766	1.62827	20.5306	2.57638	1.78796	11.1514	
4.35287	1.65023	13.5415	7.34712	0.529119	27.8728	7.29154	1.51852	24.4058	9.37283	1.05998	43.6325	2.58146	0.953506	6.645	5.02125	0.636142	11.4343	2.40123	0.811217	4.84213	6.1561	1.76638	28.4021	6.95578	0.982872	17.868	2.52149	1.30068	7.10472	5.16876	0.987681	18.796	5.51679	0.595712	11.208	7.56903	0.673572	16.5592	3.18973	1.78605	8.12434	3.43343	0.826905	12.7632	7.2974	1.34935	32.8669	1.06619	0.743281	5.10298	8.41117	1.40421	31.5842	5.33328	0.945792	11.0822	1.74607	1.79877	6.35116	6.96326	1.11071	16.7731	8.76861	0.611244	27.4239	3.39913	1.80031	14.443	2.88676	0.988481	9.14678	
6.81635	1.16435	32.9503	7.60158	0.946082	17.8642	9.36932	1.55819	20.3505	11.2325	1.45577	43.3355	5.14497	1.82495	15.7413	3.93604	1.81225	10.1096	4.94854	0.641179	10.9474	5.90177	1.23901	24.4301	8.1638	1.63596	25.0794	0.0662698	0.951332	0.234074	7.75272	1.23034	36.9447	5.03304	0.578535	20.042	9.00292	1.23166	26.33	3.42001	1.7957	11.754	2.48361	0.593238	6.47483	7.27041	0.692472	29.3911	3.4802	0.879206	8.62993	9.09586	0.725704	34.3626	7.53579	0.798508	17.3908	4.17601	1.82085	18.7307	9.46214	1.97035	35.4666	9.89925	1.50461	35.127	5.88199	1.02549	22.4656	3.94053	0.836266	17.8792	
6.1038	0.945055	20.6136	3.93392	1.4805	11.6933	3.48056	1.29847	8.4306	2.82882	0.899421	13.4748	8.2148	1.3687	32.057	7.56571	0.870855	28.6285	7.2021	1.81238	15.5307	5.56097	1.88151	26.5515	1.58595	0.603736	4.82768	9.68053	1.03796	45.6054	8.05218	1.95535	31.0633	6.24556	0.548515	26.4486	0.902278	1.92826	3.96651	6.39425	1.84215	26.1795	7.76742	1.71866	22.0369	4.75805	1.68004	16.5365	8.75127	1.92532	36.1956	2.41777	1.0937	7.04226	4.48971	1.24514	12.4082	8.81772	1.93275	20.4075	6.52845	1.65741	31.577	0.827864	1.98515	3.93022	6.47508	1.81454	24.4999	5.82271	1.91367	26.8586	
2.94836	1.01047	14.1599	10.2508	1.99139	47.6832	5.53026	1.63667	15.088	7.71149	1.99653	26.9135	3.39484	1.95936	10.8863	10.1565	1.62379	28.146	3.79382	0.824943	18.2388	10.1476	1.29804	48.1846	8.08651	1.5815	33.0207	8.47605	1.81008	37.9662	0.899414	1.88544	4.09515	9.95809	0.960058	28.5297	7.87129	1.18434	32.1503	7.82703	1.54648	20.7251	8.86508	1.72074	26.0418	10.6672	1.61476	43.8547	5.10054	1.45309	23.9918	10.2136	0.640156	46.9679	4.27876	1.04971	16.9442	4.44942	0.980604	13.7117	2.77589	1.49084	5.79367	9.45972	0.845101	24.5853	3.32643	1.74753	7.08	6.79912	1.24241	18.6573	
4.83419	0.908187	18.9238	4.08734	0.587811	14.5123	2.50498	0.964969	10.0412	2.76608	1.58492	9.10695	6.96205	0.656939	21.6052	7.08129	0.981303	35.2177	5.96186	0.944289	12.6093	5.351	1.8634	23.4993	1.20141	0.685004	5.89277	8.75723	1.70082	31.839	6.80153	1.34507	16.9374	5.88655	1.95955	25.7647	0.390794	1.77549	1.68679	5.59241	1.01024	25.4317	7.03714	1.5797	30.6944	4.857	1.06614	20.786	7.57032	0.96924	25.011	3.07143	0.660373	11.58	3.23232	1.91981	14.4097	7.60064	1.85696	27.5768	5.42454	1.90122	17.566	1.9793	1.43039	9.20714	5.20962	1.22459	21.914	4.87446	0.681584	9.9135	


# This instance was randomly generated with the following parameters: 
# SIGMA_MIN=0.5
# SIGMA_MAX=2
# CAPACITY_OVER_DEMAND=1.5