9	18
170.432	1335.13	158.685
150.606	598.83	31.0335
69.8715	606.186	33.2886
170.197	1095.75	102.834
172.046	1163.05	115.641
60.4767	583.771	29.9598
25.5289	844.979	68.0836
163.833	678.912	38.9595
7.41493	1085.73	104.443
11.9216
10.3306
10.8792
2.08858
7.20238
7.63188
1.14568
10.953
13.335
3.67879
4.4883
11.0545
13.3571
1.79014
12.4369
3.88229
7.87708
2.53255
2.84214	2.01834	13.6716	7.89665	3.18206	28.6771	7.88688	3.98483	34.882	7.70724	2.959	28.5565	3.65356	2.11239	12.3652	3.03462	2.65047	11.027	8.49913	2.94145	35.1222	6.49423	2.47626	16.786	7.26016	1.67184	19.0853	3.98223	2.65036	13.8314	9.74171	2.63169	24.7765	3.59549	2.9931	10.4246	7.95609	1.64096	20.6281	5.78919	1.4901	27.5102	0.761747	2.80296	3.74715	9.11136	2.46365	25.1704	6.73168	2.73958	19.125	5.87166	1.58208	25.9595	
4.66239	3.70278	21.2191	8.61698	1.42457	19.3922	8.90582	3.4125	40.1931	8.94478	3.22911	39.0426	9.36857	1.42113	20.4791	8.74451	3.9813	33.6116	7.52379	3.9077	32.4238	5.29175	2.81478	18.8285	5.08856	2.4589	25.1276	8.63659	1.91022	29.4976	8.97752	3.75545	25.6148	3.58067	3.60721	7.52819	12.1741	1.32481	33.706	5.34785	3.16789	12.7138	6.42015	3.84858	16.2958	8.37568	3.54229	31.4596	5.46128	1.94909	18.7049	7.33784	2.62765	31.0313	
4.54914	2.87708	9.17033	3.07309	3.24959	12.5967	2.75864	2.82404	7.11668	2.44495	1.22988	5.13682	5.43517	1.19872	12.0719	5.28939	1.82959	21.558	5.12791	2.85082	10.9773	4.94639	2.49797	23.2248	5.99547	3.70752	29.0349	2.97621	1.07748	12.7597	5.58038	2.22861	21.0746	5.3933	3.78876	15.5349	3.66099	1.19263	8.37584	4.25865	2.28966	14.2355	6.59941	3.30941	13.293	5.18002	3.84697	19.2675	5.01612	3.74731	21.4433	2.004	3.99825	5.2487	
7.77323	2.04274	29.0229	3.72549	3.0718	11.8813	4.10721	2.55687	20.5217	4.43164	1.89731	16.9672	11.7154	1.73851	44.7921	11.3666	3.03144	48.6616	2.07696	3.02532	5.48818	4.29497	1.19499	8.92999	4.07905	1.08996	9.56354	9.36341	3.47917	22.1747	1.23447	3.39182	4.71168	7.45862	3.01852	22.7449	9.9437	1.2083	25.3477	4.8355	3.19775	13.7576	11.3188	2.93779	32.3949	1.62544	2.25189	4.66064	4.05725	3.55228	19.8447	5.29356	2.29946	18.0703	
0.986564	3.29381	3.13992	4.74887	3.37088	12.7118	4.90466	3.24927	20.1792	4.84582	3.65377	11.1299	6.06748	2.73196	15.5087	5.52521	1.06367	20.4899	4.77083	1.80611	17.4773	2.66807	3.40548	8.3593	3.48034	1.69215	14.2726	4.53895	1.78541	9.31876	6.11467	3.61127	16.8663	1.00684	1.92397	4.05696	7.72056	3.72283	31.7844	1.99591	3.78096	9.24985	4.5866	2.02664	19.9623	5.46555	1.9278	17.3617	2.90597	1.9536	12.4374	3.02228	3.96808	13.1112	
4.35025	3.58109	15.5889	7.93596	2.51243	24.3425	8.24063	2.80744	30.1145	8.29515	2.34538	36.6788	9.29444	1.60732	25.9398	8.67755	2.51174	22.7369	6.76703	2.80305	26.6793	4.56547	1.96261	22.0431	4.31903	3.66637	16.3718	8.36496	3.23882	17.4771	8.21641	2.58978	38.2501	3.20066	1.08295	12.1627	11.7682	2.93157	48.8879	4.67845	1.4531	14.1577	6.53768	2.90396	19.1946	7.61992	1.62239	28.6314	4.72554	1.63817	18.7637	6.75123	1.01396	13.6114	
1.85308	2.97222	6.42127	6.40748	1.19483	27.8361	6.37804	1.23858	21.4945	6.18952	2.96773	22.2361	3.46049	3.32648	10.6505	2.86509	3.50849	13.2465	7.18525	3.88731	17.7594	5.36387	3.06676	20.2676	6.24922	3.93586	30.7788	2.82891	3.16152	12.5085	8.35667	2.12807	27.7178	2.9402	2.84359	8.5316	6.75306	2.62231	27.6752	4.58921	3.0255	15.5909	2.16122	2.06904	10.5483	7.74104	1.52174	30.5105	5.58937	2.93278	16.466	4.37605	3.29583	21.82	
4.188	2.6939	15.2587	7.17152	3.16056	19.5658	7.49946	1.74615	34.814	7.57755	3.76212	18.2815	9.33856	1.54733	46.1691	8.73639	3.40734	35.7852	5.87966	1.67401	26.9477	3.74417	1.76832	10.7435	3.41035	3.25637	12.6259	8.17234	3.96137	20.1705	7.31931	2.82638	19.024	3.00514	3.02505	10.4204	11.3752	1.80056	25.0643	3.95917	1.80265	9.29792	6.83935	3.99225	21.8307	6.73311	2.98829	29.6661	3.88492	3.64188	8.8448	6.14002	1.00631	19.7085	
7.23383	2.38475	32.6163	3.74483	3.72786	18.4806	3.29263	3.3602	8.44108	3.04305	2.41886	9.92089	7.42269	3.73104	22.3959	7.44965	2.32485	27.409	6.0996	1.24762	29.4867	6.85165	1.88095	22.0132	7.77118	2.432	32.7602	5.16856	3.36341	24.0622	5.871	1.37619	24.2021	7.99439	3.04925	38.7984	3.18525	3.43648	12.3826	6.35855	2.92363	17.2592	9.19021	2.3241	33.055	5.75625	1.70411	21.2029	6.84002	2.12807	17.0887	4.12435	3.99971	13.9922	


# This instance was randomly generated with the following parameters: 
# SIGMA_MIN=1
# SIGMA_MAX=4
# CAPACITY_OVER_DEMAND=5