8	16
167.015	1224.28	125.549
17.7066	441.253	18.0365
159.278	1097.94	110.519
45.351	1052.45	94.1782
131.542	890.024	75.2318
175.299	632.996	36.9264
31.2885	1025.46	87.4451
19.5999	881.687	74.3804
12.8686
22.2707
21.7354
15.2904
0.823001
14.3321
15.7065
15.2926
4.66211
19.0239
2.03658
20.5048
15.5895
7.14559
6.72826
13.4121
5.00275	1.95322	14.9768	2.76138	0.954757	10.4833	3.78669	1.68778	13.7919	5.4087	1.87184	20.9848	3.223	1.95739	15.7581	3.72338	0.888328	18.0346	4.78715	1.22642	19.3577	2.66114	0.523888	10.4288	1.93805	0.689104	5.37804	3.2541	1.27401	7.88581	1.79588	1.70806	6.37313	2.77148	0.534578	13.1143	0.696084	1.1927	1.91427	1.8485	1.15599	7.72912	1.9112	0.619398	7.21516	4.05351	0.926028	15.7897	
4.951	1.95286	19.7123	5.55599	0.68214	13.9503	4.81372	0.730136	18.3223	2.66384	1.256	9.86996	0.70348	1.25026	1.78803	5.84042	0.98283	17.708	7.4913	1.89041	20.1668	5.01286	1.32856	12.5365	0.869998	1.47251	3.24849	2.88772	1.43224	14.1385	3.93097	1.51688	10.4651	0.129402	0.798649	0.421395	2.98696	1.72122	6.19895	2.70775	1.8264	11.6824	2.48177	1.57872	7.44594	4.39583	0.911894	14.4643	
6.33222	0.952617	26.8157	5.19505	1.47594	25.7273	4.71578	0.652492	23.1173	11.4725	0.679868	57.1995	8.91049	1.37438	27.6852	7.95621	1.91238	19.4341	2.98708	1.20202	8.21565	3.96726	1.52581	11.2029	8.0863	0.769989	33.0689	9.81455	1.3008	36.2249	4.98511	1.83023	24.3525	8.9109	1.70773	23.5756	7.03443	1.57609	32.9748	6.20826	0.848964	29.2841	8.46502	0.604046	19.9487	5.74635	1.38528	19.6618	
4.85503	0.791067	13.8367	5.7389	1.65949	28.0858	4.80791	1.38083	20.1647	2.54616	0.824655	6.49532	0.487681	1.78185	1.0693	6.0685	0.739883	17.4391	7.63306	0.804866	28.8616	5.11942	0.814	21.2907	1.04037	0.845899	4.14364	3.09277	1.05219	14.4617	4.03326	1.22124	19.9133	0.345631	1.21269	0.920144	3.19382	0.55362	12.5015	2.75664	1.11451	9.5842	2.71336	0.734187	11.6332	4.34096	1.40435	16.7262	
4.13585	1.98154	20.4697	4.23874	1.7701	16.1347	2.40208	1.81537	7.77132	9.23756	1.79563	45.7097	6.66666	1.92462	23.3486	6.99784	0.79115	32.1706	3.13538	0.634292	7.88065	2.18941	1.8796	6.3008	5.95721	1.01842	19.0256	8.00553	1.87489	33.84	2.97643	1.72859	9.26335	6.74494	1.26477	25.5822	5.29258	1.54307	22.3815	3.99053	1.88549	13.8127	6.66116	1.32895	18.0412	3.45364	1.11182	11.3436	
2.94858	1.0243	14.7236	3.85478	0.756823	8.27538	1.00882	1.74686	4.41069	7.47695	1.94583	30.1263	4.90582	1.02038	19.4994	6.30557	0.633119	26.4749	3.89681	1.83934	19.3923	1.50303	1.23136	5.65134	4.26382	0.884252	19.9194	6.53407	1.57287	28.024	1.59297	1.83343	6.03477	5.02039	0.786531	24.7606	3.98306	1.06796	16.7527	2.25501	1.92874	10.8044	5.22855	0.899155	20.9319	2.02895	1.67724	7.79106	
8.25518	1.45012	26.1397	3.34046	1.15342	15.9782	6.92398	1.53322	21.3537	6.78773	1.26083	30.8263	5.57614	1.78694	14.6459	1.20696	1.3245	4.97042	5.82199	1.84229	20.9848	5.09431	0.904147	15.4479	4.3441	0.977016	13.1282	2.8404	0.551305	8.01459	4.71231	1.73866	12.3835	4.80555	1.91847	9.69727	2.56819	1.05056	11.8463	5.09807	0.836679	19.9274	2.43268	1.96405	11.0977	7.29765	1.03932	34.2517	
3.77076	1.17185	11.7337	5.93495	0.656216	19.3703	4.00933	0.728522	18.2181	3.14397	1.00579	11.287	0.733993	0.954493	3.36299	6.74448	1.2412	29.6047	7.51185	1.46007	23.1684	4.84247	0.739444	19.0687	1.59771	1.12773	6.28686	4.18821	1.4292	9.5141	3.77457	0.511768	14.2759	1.45059	0.981058	5.71774	3.67553	1.24942	11.055	2.31268	1.48077	5.45918	3.59267	1.49317	9.78059	3.37527	1.4594	12.2022	


# This instance was randomly generated with the following parameters: 
# SIGMA_MIN=0.5
# SIGMA_MAX=2
# CAPACITY_OVER_DEMAND=3