11	22
172.779	1023.15	102.772
125.433	903.971	68.8558
1.09914	611.006	33.7799
36.805	607.852	30.711
134.275	1041.67	95.9381
21.6239	1160.72	133.821
18.275	1054.47	97.6106
143.568	975.193	78.7571
39.0889	499.438	21.1251
11.6725	1139.43	117.397
50.7893	1132.56	121.707
16.6065
21.3618
2.89729
17.6865
5.33082
24.3876
6.11188
9.10671
12.8911
3.5707
14.0703
10.6073
20.2201
14.3275
12.8446
7.88921
21.5684
4.15644
12.0331
24.3838
19.535
19.2386
1.29962	3.3919	4.20824	7.63386	1.75817	30.8033	3.13051	3.8206	8.54874	8.1605	2.13892	35.0705	2.29177	1.3844	10.1939	3.19441	3.54464	8.16188	5.05265	2.15489	18.8235	4.52005	1.67756	19.4903	9.79056	1.16395	23.4396	6.96306	3.70307	18.2936	1.42627	3.77777	5.91795	2.88545	3.67642	12.9667	2.19564	3.31344	6.86907	9.1195	3.40032	19.6154	2.14838	3.70135	8.18771	2.1365	1.05401	5.47066	7.68175	2.16521	38.1921	3.80535	1.51314	17.4665	1.84254	3.65532	7.88898	5.10207	2.67066	11.1067	1.74838	1.51683	4.16872	4.84825	1.84067	10.7902	
4.30273	1.72831	20.6941	5.5526	3.62099	25.7983	4.03729	1.46287	15.6554	8.3892	2.67358	20.3109	3.69653	1.61487	8.51964	4.04511	2.55203	17.613	4.02583	2.58403	8.72582	3.08263	3.36025	13.6338	9.40965	1.14025	42.3174	5.79619	2.46081	21.9276	4.47628	2.77569	21.1837	4.47751	2.16817	12.8495	1.68172	2.28508	6.17074	9.00157	2.45574	25.7208	2.18259	3.30146	8.2622	3.36494	3.74541	13.3822	8.63743	3.7454	42.7803	4.55194	1.83796	12.7899	2.66923	3.30241	8.31221	6.82227	3.90171	17.1286	2.00961	2.65419	5.00667	5.79946	1.12471	23.216	
4.55603	2.68353	18.5664	4.35276	2.04949	21.3275	3.28759	3.81561	10.803	7.16062	3.25468	16.7601	3.23415	1.59415	6.63734	3.27119	3.63775	8.48682	2.69205	1.18631	11.7227	1.73249	2.26027	5.5733	8.07982	1.20948	22.7936	4.44249	1.48044	10.2157	4.90735	2.01402	12.9741	3.93837	2.62393	8.53524	1.40222	3.80403	6.09212	7.70557	1.22075	20.0188	3.36037	1.26088	8.4975	4.44552	1.62714	9.88426	7.58663	3.93497	36.1526	3.66073	1.37871	9.22486	3.74758	3.27499	17.1626	6.11852	1.3272	14.7477	1.89542	2.49373	5.85961	4.86514	2.42027	11.4962	
3.20263	2.1232	13.1799	5.47802	3.21695	22.4237	2.50503	3.51122	5.34554	7.12444	3.09286	19.8784	2.15425	1.41964	9.40346	2.51928	1.67755	10.305	3.17591	3.13946	11.8344	2.44849	2.19289	10.7258	8.38462	3.54597	38.8073	5.09376	3.17853	22.5577	3.56461	2.47122	10.2879	2.92992	3.59183	13.8954	0.13542	2.92757	0.634222	7.86655	2.9546	19.528	2.62373	1.39155	6.37503	3.48952	1.4973	10.1706	7.18674	3.56568	24.3382	3.05996	1.76638	14.5428	2.83735	1.8978	12.3919	5.27136	2.62075	20.1485	0.555606	1.81887	2.69107	4.30803	1.31442	20.1614	
2.81052	1.45191	9.29237	5.5856	3.13003	23.9276	1.5454	1.10926	6.22135	6.35004	2.84813	12.7659	1.22081	3.87758	3.54231	1.56662	3.09297	3.21488	2.88211	1.53289	13.8863	2.43336	2.29334	11.991	7.77382	1.60269	37.6872	4.79113	1.14126	18.4647	3.31822	2.15842	11.8189	1.97501	3.20896	9.62356	0.841273	3.51707	2.93717	7.18145	1.3224	32.787	3.31084	3.85636	6.91219	3.95214	2.82053	17.8497	6.27365	3.96663	26.6463	2.13805	3.16952	8.20989	3.38262	3.9519	12.8143	4.29936	1.71819	10.3712	0.690445	1.46688	3.2877	3.37532	3.45564	16.4403	
3.89389	1.349	11.4094	8.81897	2.59303	26.314	3.37302	1.35869	10.4058	5.50957	3.90777	12.3297	3.40458	3.12315	10.8237	3.41205	2.39125	10.8825	5.83057	2.28769	17.6852	6.16588	3.27224	18.7257	7.70036	1.75106	29.6998	6.95349	3.42555	33.5414	4.42904	2.37394	15.5428	2.65649	3.45656	9.15033	5.43526	2.00969	23.7024	6.76468	2.56748	20.2947	7.00987	2.27677	16.43	6.89883	2.95416	31.2111	4.00379	1.16593	16.4966	3.29645	2.75256	8.08851	6.72143	3.98918	28.0479	1.21316	1.57801	3.55703	5.077	3.29226	14.8486	2.77856	3.32664	12.9328	
3.64049	2.73969	8.23928	9.28458	1.42226	35.8252	3.6831	2.29958	11.0352	6.16581	3.95791	14.1526	3.56314	3.2124	16.5385	3.73272	1.42996	16.7555	6.26722	3.11041	23.619	6.52284	3.32451	17.7313	8.35353	3.99137	30.6484	7.4913	3.4823	32.3627	4.10985	3.93282	15.6802	2.88025	3.26268	12.4465	5.56114	1.98857	12.2837	7.41995	1.62881	31.2928	6.89026	2.00136	32.0135	6.66806	2.73325	24.1276	4.64592	2.98189	14.8456	3.71184	2.40928	15.6027	6.55471	1.75186	16.5349	1.85966	2.35061	7.06218	5.1641	1.12734	20.9113	3.34649	1.54353	7.97268	
6.41949	2.54919	30.2777	10.7843	3.8035	31.903	5.8575	3.22991	28.0562	6.06273	1.63683	15.1839	6.02162	2.78176	12.8882	5.88108	1.89644	25.212	7.97083	2.84209	32.7705	8.48777	3.67439	39.9622	8.24598	2.44074	36.9217	8.67298	2.58175	34.7931	6.87499	3.62464	17.2287	5.24884	1.21383	22.9427	8.05167	3.2411	37.4228	7.27589	1.72096	35.9577	9.6397	2.49112	38.5731	9.44706	1.57732	37.3927	4.09595	3.16664	11.0778	5.61297	3.19459	22.6443	9.32379	2.11754	28.8807	3.07879	3.55629	6.83139	7.7137	2.95305	34.4618	4.68929	2.9107	11.3553	
6.86737	3.73557	23.1025	1.92245	2.30239	7.32091	4.00663	2.05196	14.7364	4.59495	1.94095	12.5218	4.6717	3.0499	18.9477	3.93256	1.68453	9.41008	1.29586	2.69194	2.64624	1.89242	3.53672	6.4754	4.80662	1.78954	20.4829	0.938192	2.02169	4.68694	7.43418	3.39057	27.6793	4.88188	2.4889	17.89	4.25881	3.50732	9.97647	4.68468	3.03408	23.0332	6.83843	1.69263	15.553	7.80662	3.36681	20.3538	5.83893	3.10984	22.8696	3.72885	2.26134	8.59547	7.13782	1.15082	27.3119	5.91784	3.99027	17.734	4.60308	3.53879	9.87327	4.22094	2.97862	15.7214	
8.70918	1.56068	23.9727	0.346654	1.16398	1.32629	6.11675	1.69241	28.1893	6.4081	3.10049	15.547	6.67126	2.51971	15.191	6.04821	1.67762	14.8558	3.38219	3.85877	10.5814	3.46962	2.91727	10.9808	5.9154	1.90208	18.8825	2.59271	2.97922	5.57007	9.20606	3.5059	23.0665	7.00232	2.07651	15.2836	5.74308	3.30755	28.3699	6.13267	3.56363	22.7913	7.92916	1.90798	38.4903	9.0486	3.82083	22.5349	7.92008	2.67823	18.7733	5.92907	3.42053	29.1556	8.34864	1.3574	28.3674	8.18262	3.65665	34.4615	6.18267	1.81089	23.0286	6.48638	1.85887	26.0555	
10.1959	1.3724	25.4302	6.38384	1.8154	17.3324	7.14855	3.43174	28.8424	2.39558	1.04305	8.36214	8.01241	3.1973	24.6573	7.07972	2.4194	29.425	5.98142	3.71345	29.5256	6.95965	2.29452	29.0374	0.647858	3.51292	3.16918	4.52075	3.45635	15.8712	10.8669	2.69555	33.5082	7.64579	1.9596	17.864	8.81694	1.98367	31.7658	1.1789	3.32603	2.72152	11.5419	1.10761	26.5642	12.2301	2.31786	49.2103	4.16757	3.44051	16.1743	6.48852	3.3376	29.7337	11.6659	3.78651	50.2018	6.71492	2.82846	21.9022	8.94745	3.95943	32.0385	5.72212	2.18785	15.463	


# This instance was randomly generated with the following parameters: 
# SIGMA_MIN=1
# SIGMA_MAX=4
# CAPACITY_OVER_DEMAND=3