9	18
178.747	714.677	45.2
7.65543	990.488	87.4417
22.7534	774.938	49.784
136.76	672.811	41.9663
24.9388	822.194	63.9437
34.1884	1154.8	119.299
94.9917	697.415	45.9194
18.5064	1371.32	159.944
55.3126	807.003	63.4459
28.767
42.8468
34.9198
4.33259
45.7828
31.1837
11.9984
1.33348
27.1406
47.1355
43.3146
0.0987099
37.2531
16.799
46.9852
17.5973
9.14918
4.6581
5.20729	3.24176	21.7649	5.47374	2.4074	23.5509	5.51173	3.75826	16.8659	4.82022	2.33288	14.2181	7.77803	3.73112	33.192	7.61313	3.71191	23.2045	7.27467	1.72752	33.8775	4.92711	2.6408	12.8269	6.91741	2.8749	14.2743	2.6871	1.60017	12.6898	8.04208	3.19345	25.9158	5.21284	2.71236	14.5407	7.77581	2.79769	36.5433	7.70199	1.6104	37.3424	6.25167	1.6811	18.447	4.54695	3.57336	15.0062	6.93806	1.35104	16.5888	2.6767	1.30684	13.38	
2.05493	3.70844	8.58883	7.62769	2.93685	20.3126	9.67036	2.21046	22.5952	8.87723	2.37617	31.0745	8.03482	1.70871	28.8762	4.99906	1.38605	13.6848	5.75706	2.06499	26.4474	3.19826	3.6965	9.09633	3.36079	3.93173	14.8223	3.11241	1.55708	10.3182	5.80596	3.38877	15.9271	7.42464	2.96894	23.1121	5.49319	2.18943	25.6266	4.47563	2.54506	21.005	4.62005	3.30892	18.3128	2.79174	2.42207	7.03661	6.80697	1.45991	27.8289	2.60805	3.83267	8.95347	
2.62513	3.59918	10.7258	7.97727	2.14309	20.0704	10.9648	1.67031	30.8491	10.1989	3.99201	39.2643	7.01146	2.10535	23.489	2.75201	2.37556	5.71516	4.14459	2.32591	14.8583	3.40164	3.25462	10.6993	1.32473	1.99827	3.71576	6.39799	1.18681	25.128	3.55804	3.13429	14.7663	7.8659	3.52387	37.5773	3.32815	2.1659	12.5126	1.87071	3.88637	7.55114	3.54943	1.95404	16.4827	3.51351	1.51653	10.8382	5.86509	2.69417	17.4285	5.18276	3.19817	24.1378	
4.3179	3.73697	18.7116	4.84472	3.24026	19.7054	5.50077	3.87531	14.923	4.74753	2.06581	23.5988	6.92869	3.77023	30.4945	6.63578	2.33356	32.8398	6.30044	2.50889	16.6823	3.95965	2.99772	13.1833	5.98982	1.84798	19.8551	2.60412	2.91996	6.93103	7.06091	3.08555	31.3895	4.58383	2.05495	22.7249	6.79464	3.47664	18.9929	6.74301	1.38378	27.1148	5.27065	3.78725	22.0007	3.59689	2.03945	12.2344	6.03315	2.69922	29.2656	1.938	3.69989	8.18494	
6.43706	1.21885	29.6025	3.00814	1.26249	12.032	2.39215	2.56566	8.29646	1.62867	1.06379	6.16716	5.97666	2.16923	20.726	7.66207	2.91076	24.9386	6.73376	3.04168	15.9902	5.53168	1.78936	13.8017	7.71678	3.73872	28.871	5.71158	3.29858	17.2428	7.75319	3.27915	17.0944	2.79606	3.25021	13.4834	7.57913	3.80185	27.4162	8.10657	3.74991	24.7212	6.12915	2.76456	20.0204	5.43109	2.36163	15.7556	5.60112	3.93516	20.471	4.78836	2.68898	13.074	
3.35324	2.28632	15.7198	3.71799	3.39378	10.9844	5.40442	1.1576	25.2925	4.61004	3.98393	12.0896	5.40302	3.96495	21.9605	5.18148	1.06321	15.0696	4.72363	3.42601	16.6148	2.63493	1.34656	12.3363	4.8038	3.92441	15.9783	3.53634	1.81687	14.6867	5.53384	1.1986	27.4716	3.47268	2.44058	7.31482	5.28265	3.04672	17.6578	5.4041	3.06864	15.7395	3.74555	3.30656	10.1697	2.40772	3.64918	6.23777	4.45226	3.99325	15.8967	1.95635	2.77102	7.41056	
8.42457	2.73783	26.9117	2.91938	3.09092	7.78083	0.989712	2.91471	3.20937	1.20173	1.50703	3.31902	5.73836	1.08704	26.0911	8.81452	3.44214	41.5164	7.56238	2.01886	28.9678	7.30815	2.09772	21.0544	9.35172	2.6013	30.4491	8.37731	1.85642	37.248	8.64675	3.4148	19.7137	2.9243	1.01372	6.48694	8.56231	2.12847	22.6916	9.4583	2.97383	39.8094	7.36263	1.36899	17.9624	7.36699	2.66501	16.4536	5.93452	2.40667	13.807	7.26941	1.69776	19.5212	
5.54617	3.05651	20.4269	1.31175	3.45265	5.70528	3.20724	3.46834	6.79731	2.48638	2.78706	9.03899	4.13686	3.88516	10.3945	6.138	1.43441	24.0582	5.05355	3.85427	16.778	4.4278	3.484	10.3319	6.50294	3.62304	31.7958	6.09145	1.35007	22.4424	6.11176	3.40775	13.9268	1.05863	2.17689	4.56304	5.97322	2.69707	20.0926	6.6993	3.43904	13.8877	4.6285	2.95982	19.856	4.48777	2.35467	14.4926	3.77607	3.10539	17.2359	4.6637	2.10591	20.27	
6.63711	2.40321	23.9862	8.75739	3.79623	26.7303	8.61494	2.37166	27.6146	7.9979	2.00895	19.479	10.7987	1.34351	32.994	9.61708	3.74429	26.3231	9.70878	3.68548	21.802	6.9671	3.07606	23.8561	8.40189	3.84891	32.9746	2.50421	3.22082	12.3173	10.2404	2.45568	37.4724	8.49576	2.42323	33.4645	9.9373	2.36161	42.1302	9.41741	3.31561	26.3911	8.54825	2.97814	35.4305	6.46847	3.90366	18.4877	9.81275	1.37867	38.3981	4.22134	3.03123	18.498	


# This instance was randomly generated with the following parameters: 
# SIGMA_MIN=1
# SIGMA_MAX=4
# CAPACITY_OVER_DEMAND=1.5