12	24
172.905	1109.85	103.18
29.3034	784.438	50.9079
7.00699	517.638	24.5191
9.05767	1279.8	157.931
93.7715	953.694	76.3049
125.227	1187.76	122.201
164.118	1120.53	123.93
88.3534	610.561	31.3723
59.0936	733.538	47.0017
28.3234	889.476	70.4998
19.6388	1306.17	146.935
34.7142	910.337	80.1965
12.7194
28.6711
4.39656
7.17373
20.7895
0.282137
14.0773
25.5614
28.5778
27.8726
23.9051
15.2267
4.48102
15.0148
2.58194
25.1963
2.09293
25.3208
1.75502
6.29032
27.9433
14.4968
2.76947
7.79679
2.19667	1.12826	4.43116	3.74678	1.27219	18.2336	4.85167	1.87081	10.1898	7.64475	1.07899	33.5125	1.15946	1.95103	4.86424	7.31101	1.44268	25.1501	7.45797	1.11662	20.5093	8.01325	1.0962	39.5892	7.25928	1.25899	34.5274	5.67186	0.690899	26.0165	5.36846	1.51498	22.0021	3.71389	0.586739	14.0727	5.33258	1.77439	11.2799	1.5011	1.33122	3.42433	2.49097	0.987749	6.85604	7.09847	0.976166	27.4304	8.03897	1.08595	35.9396	2.67098	1.56175	9.87775	7.46798	1.07106	24.6406	0.783624	1.6968	2.96486	4.16281	0.767892	15.1379	4.45959	1.39868	12.2121	1.16243	1.69508	2.60775	3.74785	0.936636	13.78	
10.2275	1.49489	43.4077	4.87996	0.790649	17.3606	3.97394	1.29411	12.296	5.78989	0.633057	17.2555	9.58787	0.736408	20.3954	7.44759	1.98387	18.3278	8.35941	1.27517	26.2565	5.81646	1.02958	22.4702	1.34502	1.37744	3.19455	8.36344	0.940683	32.3468	5.61256	0.597607	21.4614	5.69102	1.88385	22.3591	5.95711	1.52762	12.5964	9.46881	0.914826	36.6334	8.24174	1.39662	37.5906	3.18373	1.56527	14.9857	1.71375	1.46255	6.62415	5.96985	1.7049	22.1085	4.76159	1.96364	14.46	7.85683	0.678159	32.3496	8.00392	0.804569	36.573	5.91438	0.700811	20.6727	7.27443	1.94961	25.3517	9.49163	0.785543	20.7977	
3.6711	1.6833	12.0924	4.49531	1.8523	15.1447	5.42612	1.27893	23.4207	9.64441	1.02904	21.0314	2.3122	1.75472	5.0562	9.48218	0.564392	34.5343	9.67676	1.46894	38.4304	10.002	0.761485	39.2507	8.06377	1.82048	36.4177	7.91072	1.74367	31.8718	4.93906	1.8414	21.1448	5.63042	1.90234	18.2704	7.39049	0.645542	21.8891	1.02193	0.545563	3.30416	1.27672	1.62261	5.29123	8.69204	0.585704	38.5238	8.57331	1.60635	29.4104	4.3924	1.64549	16.3877	9.33468	1.39015	38.0268	2.93687	1.86772	6.9592	2.76978	1.81376	8.79461	6.49188	1.84508	22.147	2.86804	0.551588	9.88127	5.88346	0.930747	16.7615	
6.0209	1.82727	13.8841	0.725697	1.54089	3.11849	1.14478	0.967181	3.72043	5.65446	1.94996	23.8507	5.24654	0.69845	16.5924	6.37187	1.17859	31.6007	7.00467	0.924615	24.5645	5.93505	1.49947	28.8446	3.1718	1.35071	14.4926	6.01075	1.41577	12.1935	3.19681	0.951566	10.3822	2.52865	1.81434	6.48549	4.06832	1.73852	12.0846	5.10751	1.79259	20.8518	4.10111	1.9761	15.0579	3.86356	1.01831	13.5207	4.01583	1.34866	12.6133	1.94623	1.88233	4.40876	4.9774	0.640155	19.9577	3.57769	1.77195	9.57795	4.44585	1.40317	13.3762	3.37653	0.672984	13.9059	2.93922	1.50367	6.25485	5.95754	1.59314	23.0565	
8.50854	0.726528	35.8612	2.94596	0.728817	10.7406	2.0108	0.504516	5.09891	5.78286	1.29317	16.8331	7.7586	1.45363	20.2386	7.11385	1.7427	27.2003	7.94039	0.797438	16.417	5.93223	1.85754	12.4904	0.663508	0.861609	3.26564	7.50155	1.34741	30.8761	3.83536	1.22673	11.381	4.34709	1.1174	20.8813	5.16393	0.66907	22.9795	7.55323	1.64154	18.4359	6.27883	0.993991	28.0689	3.2202	0.674577	11.5219	1.64522	0.94847	4.86253	4.30473	1.11401	10.068	4.82517	1.62014	11.0371	6.08106	1.95653	19.9572	6.08733	0.991927	21.3295	4.84113	1.98468	19.1137	5.45216	1.88434	21.1693	8.1249	0.624645	26.098	
4.84505	1.39379	12.5212	7.25609	1.45416	20.4407	8.09061	0.868296	20.3295	5.15955	1.59543	11.5662	5.80788	0.875271	22.0618	3.55047	1.53825	11.1436	2.96905	1.90095	14.816	5.46459	1.76226	12.1359	9.16115	1.10605	26.0884	1.45639	1.88654	3.80661	9.83268	0.643194	43.7679	4.45615	0.620758	18.3592	3.76766	0.762741	13.0396	6.99848	0.666621	30.1678	8.10552	0.549645	39.8025	6.77358	0.854259	25.5982	10.3267	1.1023	40.7942	5.19883	0.804572	21.2135	5.80495	0.567826	25.9186	5.16776	0.712344	20.1897	9.62149	0.94556	20.7878	3.86028	0.93779	13.5925	5.64669	1.92913	23.9887	2.1225	0.705309	6.60906	
0.848799	0.767846	2.29114	5.89258	0.828046	19.5563	6.99894	1.2328	34.6793	8.94885	1.61453	32.2952	1.02929	1.37075	3.85001	8.20585	0.816809	20.8894	8.11032	1.50667	17.5038	9.32439	1.58191	38.7735	9.36995	1.49287	30.0515	6.18604	0.985138	20.1217	7.38277	1.21158	31.1413	5.35542	1.88206	11.7472	6.63222	1.47257	25.1965	2.08433	0.927612	9.80736	4.01855	1.21257	16.6093	8.88164	1.85814	40.4754	10.1795	1.52004	44.2066	4.58872	1.3473	10.3634	8.97421	0.654979	35.7887	2.65195	1.79157	10.6464	5.72439	1.67942	20.5323	5.86841	1.19114	17.8923	3.26437	1.23934	12.2112	3.57703	1.64774	17.1571	
4.91998	1.54912	13.706	3.07527	0.869959	10.8615	3.81611	1.4482	16.4987	9.00214	1.66578	36.4743	3.5812	1.66724	15.351	9.19997	1.56833	29.9092	9.56986	1.56717	26.0459	9.33261	0.620616	35.952	6.4558	1.77824	24.3957	8.00943	0.894344	36.5053	3.07433	0.626398	15.1322	5.08116	0.914585	16.4179	6.93149	0.700077	15.2666	2.55609	1.7376	11.7484	0.592378	1.03369	2.49918	7.59979	1.2901	15.9318	6.84248	1.86711	19.6663	3.7852	1.67484	14.8318	8.51421	0.965091	32.7448	3.19842	1.59369	12.2534	1.3014	1.17875	3.15377	6.04096	1.534	26.5367	2.70949	0.907434	9.12944	6.53462	1.8353	23.0619	
5.91066	1.67464	20.1078	4.05273	1.58992	19.3287	4.57448	1.74089	19.4059	10.1912	1.49853	38.1947	4.53642	1.63434	17.2915	10.4529	0.541992	32.2054	10.8368	1.11053	32.1516	10.5129	0.637054	25.0713	7.12212	1.70369	21.7097	9.28018	1.90578	21.0845	3.16103	0.925336	15.5743	6.31905	1.63914	29.3881	8.16946	0.679899	18.7735	3.33692	0.976887	12.7167	1.52057	1.25809	4.27173	8.63954	1.68101	20.4191	7.31825	1.23714	24.2005	5.03031	1.51287	19.7283	9.65481	1.38407	37.0353	4.42655	1.89903	21.1968	0.525501	1.87619	1.07152	7.28551	1.27594	34.9068	3.97389	1.5601	8.91515	7.73622	1.30673	17.5978	
3.19188	0.708658	10.2082	5.50409	0.661718	22.8008	6.44534	1.62546	27.375	5.34123	0.944398	23.3314	3.91944	1.75525	8.07262	4.27917	1.31432	9.0138	4.11188	0.708411	10.6119	5.7051	1.32649	25.0271	7.92855	0.668541	37.4392	2.18538	1.85208	6.03302	7.9861	1.78789	24.5907	3.04297	1.84274	12.4492	3.24942	1.9849	16.1668	5.04431	1.45998	21.6091	6.08809	0.577208	24.6436	6.1439	1.09782	30.0833	9.02807	1.16464	34.3639	3.42552	1.90968	15.6474	5.6535	1.69501	21.8394	3.15056	0.623382	14.2378	7.61666	1.55699	27.6702	2.85544	0.64897	9.10411	3.6493	1.68855	13.7782	0.844808	0.928449	3.27002	
5.06841	1.35599	21.3278	2.32925	0.543272	10.1205	3.00704	0.669544	11.6758	4.35441	1.69684	21.1991	4.70291	1.34314	15.8133	4.69359	1.10491	18.7989	5.23447	1.59138	12.2276	4.69129	0.892118	9.93743	4.36046	1.32869	20.3618	4.13968	0.527845	19.6441	4.97925	1.03736	14.4118	0.656476	0.670271	2.84958	2.36326	1.0671	9.09517	5.03877	1.65549	17.6608	4.7639	1.04789	10.826	3.44316	0.995461	15.9691	5.43129	1.11767	12.9251	1.00955	1.91217	3.45096	3.94861	1.41449	18.2001	2.92109	1.87164	8.30609	5.65793	0.808535	17.4679	1.55755	1.13576	7.52739	2.59278	1.92423	8.92804	4.3342	1.1461	16.2822	
7.51988	1.80876	28.9359	2.70077	0.723949	11.6965	2.40356	0.752691	6.3881	8.85547	0.768594	40.6165	6.30232	1.16063	23.0822	9.63579	0.509385	42.6872	10.2479	1.69031	30.863	9.11042	1.63616	30.7185	4.43651	0.87601	19.1001	9.10996	1.78973	42.6707	0.133791	0.590935	0.267983	5.66269	1.72772	22.4098	7.32306	0.650407	16.5866	5.4743	0.525905	16.8187	3.57428	0.81205	7.45052	6.73257	1.01535	27.0043	4.3937	0.812394	20.1269	4.6626	0.542004	12.9182	8.08905	0.73958	34.1868	5.28549	1.15894	19.1258	2.5158	0.990455	8.72799	6.58352	0.731523	27.6699	4.58307	1.36001	15.3078	8.45255	1.0972	36.6132	


# This instance was randomly generated with the following parameters: 
# SIGMA_MIN=0.5
# SIGMA_MAX=2
# CAPACITY_OVER_DEMAND=3