10	20
121.622	1150.58	112.567
38.223	1113.49	119.327
163.108	1137.91	109.92
130.686	910.187	73.0585
66.1048	1164.95	116.871
108.153	990.3	89.9596
126.312	1285.69	144.679
78.9485	876.547	66.6081
90.4835	1330.41	156.91
154.413	421.64	16.5451
43.5214
27.7102
26.3779
35.3033
41.125
54.0294
13.7771
12.4159
16.9424
25.168
29.5949
52.0635
21.5913
12.025
61.7901
39.1369
25.2324
29.1052
47.1957
56.8581
7.27345	2.65226	20.949	2.03309	1.07843	8.75582	6.92868	2.82934	26.4124	6.45322	3.42571	24.2958	1.76803	1.25812	8.49129	4.47816	3.97899	11.314	4.74584	1.03798	23.1448	3.26969	2.78411	15.5021	3.7581	3.31444	9.33808	4.62582	1.58624	20.8817	4.01647	2.38144	9.71395	2.41851	3.85713	11.4349	1.03059	1.61622	4.61517	3.28973	1.38205	11.0631	1.57655	1.83864	3.51569	3.36747	3.66629	15.2198	2.9601	1.88264	9.00449	3.79305	2.67705	14.778	1.67227	3.4319	6.86618	4.1693	3.1759	20.0683	
4.22936	1.02175	16.4445	2.24601	1.2474	6.24431	4.01502	1.23784	16.3474	3.53324	3.479	13.1844	4.38538	2.3019	15.8489	6.17171	2.09201	21.5102	1.57236	2.72931	6.73333	3.40291	3.32887	13.5919	7.17701	2.43534	30.8734	5.65008	1.83383	26.9373	6.77811	3.59794	27.789	5.83221	3.18239	18.2161	2.74426	1.39373	12.2945	6.532	1.82809	24.6879	3.63883	2.98215	10.3109	6.71974	2.00959	25.6994	6.31825	2.91971	24.1678	6.95787	2.3575	23.7806	3.0277	1.96093	8.58109	4.06815	3.03242	18.8472	
4.54639	3.11999	10.3103	2.31989	3.53959	11.548	4.22105	3.05199	15.668	3.73944	3.45497	14.1424	3.34871	2.86532	8.49663	5.02049	1.43625	14.096	2.72189	2.20853	9.80981	3.80492	1.85753	8.59331	6.34494	3.40866	17.5795	4.52263	3.73111	13.3773	5.69252	2.27356	18.5289	5.01055	3.14364	24.4174	2.36194	2.09404	10.4355	5.57664	1.71994	14.0393	3.42042	3.42912	7.48009	6.10174	2.44497	24.0185	5.69439	2.11452	19.9764	5.96482	3.66262	24.5738	1.94116	1.50634	9.01477	3.03612	3.57013	9.38188	
3.34198	3.01048	11.0375	3.14605	2.1301	6.73467	3.09835	3.84046	12.7973	2.61347	2.83479	8.73438	4.7097	3.91096	14.8488	6.10447	3.31929	21.5367	1.87601	1.61413	6.68844	4.33607	3.39331	9.2253	7.72372	2.6186	26.5049	5.43308	3.04535	22.3339	7.00338	3.20148	34.7393	6.38616	1.75433	25.1904	3.52129	2.86418	7.7702	6.95587	2.86228	19.6038	4.48801	3.40466	15.1557	7.4172	2.70153	17.7467	7.01109	1.44094	26.9561	7.33448	2.49821	19.7048	3.28595	1.14846	6.82588	3.68921	3.23625	11.7811	
4.22999	3.79857	20.6791	5.78769	3.05632	26.1434	3.729	3.55374	12.5172	3.51621	2.60121	10.3137	4.50389	3.0547	13.0585	3.89444	3.79141	8.68568	5.60487	2.88494	15.9157	7.33461	3.07744	20.2115	7.73289	2.75154	35.3746	2.81484	2.23461	10.0159	5.75674	2.28074	22.2868	6.65107	1.59819	27.7787	5.48545	3.81066	23.7365	6.54442	3.70203	25.4808	6.55561	1.44366	14.4664	8.19927	2.60176	25.1537	7.82489	2.3527	18.1344	6.65491	1.29061	15.2503	3.61233	3.61398	12.4443	1.29489	1.11513	4.07085	
4.74227	2.27879	15.3323	7.37804	2.24084	15.979	4.27468	3.19912	16.559	4.2366	2.75694	10.7426	5.85384	3.71781	22.5828	4.58883	1.05514	12.6573	6.98764	2.1854	22.6797	8.92027	2.5218	24.5723	8.94865	2.44886	21.6984	3.48002	1.27293	14.3523	6.68335	1.47503	19.8144	7.97314	1.80284	33.9905	7.06654	1.67405	21.7488	7.69902	1.30431	27.3407	8.13029	1.88661	26.873	9.5774	1.91317	32.7815	9.21901	3.90828	27.4672	7.72078	1.09239	31.279	5.12923	3.36913	23.8398	2.65897	1.94048	6.62411	
5.71558	2.75737	27.7748	2.84355	3.92065	11.6049	5.70923	3.92466	18.7117	5.30139	3.70066	19.4399	6.33338	2.93967	23.8558	8.54926	2.41742	22.814	1.57506	2.10345	6.14616	2.58034	1.80566	9.56714	8.42598	2.17663	38.4526	8.15846	1.41988	24.401	8.75408	3.67172	33.4124	7.15362	1.36407	32.9836	3.83532	3.71381	18.9477	8.13186	2.69033	32.7702	4.10271	1.37559	9.73198	7.4968	3.58083	25.3751	7.14569	3.24631	15.1913	8.63926	1.71255	18.7292	5.20905	1.43184	23.2395	6.66474	3.23163	19.6041	
8.33874	1.74607	41.1108	1.93625	1.45001	5.25627	8.07421	2.40249	39.1802	7.58728	1.04911	20.5389	3.55524	2.16677	14.7643	6.30167	1.96926	18.2766	4.96576	2.56436	21.5062	2.0838	2.73658	7.67427	4.21032	2.93393	11.6197	6.51929	3.306	31.1538	5.46503	3.60453	12.4336	3.13307	1.66548	11.1411	1.58381	1.85879	4.76995	4.32099	2.76046	17.4805	0.51197	3.86195	1.62936	3.07124	3.86204	14.6156	2.74455	2.35397	10.1638	4.87955	3.07515	23.0306	3.51467	1.16567	10.4608	6.0008	3.56937	19.1523	
9.24528	2.44199	18.8147	2.96252	1.75978	11.4601	8.95243	2.54641	29.7079	8.46708	2.80926	19.2983	3.56975	1.80074	8.32673	6.24727	2.0709	25.1183	6.01559	3.64214	16.3326	3.07965	2.31836	6.59064	3.36016	3.17928	8.24873	6.64365	1.63965	25.7774	5.06098	3.30681	24.2026	2.50063	2.47622	5.23552	2.40148	2.67135	8.85186	3.72677	1.13097	10.7004	1.4994	3.52487	4.9195	2.05212	1.59536	9.141	1.76884	2.44116	3.84691	4.28004	2.09528	10.358	3.93648	2.31481	19.5409	6.42173	3.45891	30.0861	
7.13405	3.48205	35.4527	1.51973	2.48095	6.85629	6.81698	1.67698	26.1235	6.33473	3.04514	22.0792	2.2837	3.19062	5.29663	4.96326	1.45102	16.9668	4.35081	3.83334	17.9824	2.74344	3.6475	9.37632	4.15418	2.02044	11.7025	5.04637	2.65916	16.2979	4.54917	3.182	21.4932	2.83505	1.97106	8.12872	0.517751	1.93408	1.91521	3.78039	2.3646	7.99716	1.16004	2.68544	2.37177	3.58324	3.50961	16.9016	3.18089	2.3882	13.5519	4.29561	1.13975	18.9413	1.95216	3.32643	7.18753	4.43057	2.59814	9.8934	


# This instance was randomly generated with the following parameters: 
# SIGMA_MIN=1
# SIGMA_MAX=4
# CAPACITY_OVER_DEMAND=1.5