6	12
46.242	1132.14	113.59
80.9922	1041.69	104.61
151.197	545.183	25.0724
44.6603	994.244	84.1249
35.8532	1225.32	133.299
172.156	737.724	48.1202
40.7794
33.7462
17.1547
8.50219
29.2305
23.7209
31.533
17.17
38.5803
47.1724
30.907
20.7148
3.2869	2.94823	10.5889	8.67067	1.7578	30.0288	7.33723	2.86281	29.8913	1.14212	2.89254	2.31808	6.32975	2.6071	24.5091	4.77536	2.02001	10.5066	7.86998	1.3095	29.7858	6.6667	3.82254	17.5986	8.10791	2.58473	40.4918	8.80778	3.87793	23.9304	4.61544	2.15849	22.9707	8.04427	3.55745	23.9971	
3.76287	3.5007	11.4702	7.39473	2.12177	25.8497	3.81938	3.62321	11.6261	4.70001	1.90232	11.7383	2.77408	3.11603	8.47577	3.12517	1.91064	11.5105	7.63682	3.11696	17.5781	3.40928	2.67747	9.15666	7.73474	3.57149	38.5912	5.41228	1.72599	16.0036	1.74564	2.04429	8.39971	6.2958	2.18017	17.9734	
6.68866	1.80775	25.0311	4.71226	1.86399	10.8086	3.16064	3.07808	7.71846	9.8401	2.24671	25.6508	4.00755	3.3524	9.94392	4.39915	2.56013	11.4711	6.69847	3.70329	28.1213	2.54509	1.29861	10.4921	6.51207	3.27598	19.0747	1.94719	1.58409	7.68976	6.56045	3.85119	28.9231	3.38481	2.36437	7.57346	
6.96719	1.53643	22.1429	7.09887	1.82824	23.7301	0.735566	3.78534	2.60071	9.17708	2.28138	37.5658	1.84599	2.48005	3.78675	4.85048	2.392	18.917	8.63595	2.62888	17.6435	1.8224	1.56099	7.27864	8.53945	3.43224	36.0747	1.17958	2.92853	3.64886	4.48635	2.04446	16.9977	5.68331	2.38006	28.0587	
4.53931	2.36368	18.4697	9.87876	1.51487	38.2436	7.87216	2.03453	21.7605	1.57859	1.79724	5.04333	6.79674	3.08556	16.3675	5.85608	1.61403	25.3107	9.13336	3.28621	32.4024	7.39324	1.8399	21.7494	9.36893	2.02128	44.3953	9.46346	1.80146	23.3274	4.66338	1.91978	18.706	9.18801	2.98543	39.109	
2.5952	1.465	5.88561	3.00159	3.15118	6.57879	5.44828	2.69206	16.0587	6.35344	1.47541	19.2874	5.26314	2.45328	19.9789	1.50357	2.42099	3.55403	3.11262	3.63184	9.92217	4.05675	1.61721	8.55532	3.15877	3.8215	14.5838	5.77928	3.28862	26.6887	6.24638	3.2452	24.506	2.41928	3.7117	10.334	


# This instance was randomly generated with the following parameters: 
# SIGMA_MIN=1
# SIGMA_MAX=4
# CAPACITY_OVER_DEMAND=1.5