12	24
147.891	678.237	39.2045
115.401	1311.35	147.809
3.91873	1052.98	109.385
35.5187	1289.25	150.805
107.382	1351.18	155.1
69.2091	784.538	54.6402
126.949	1086.15	117.217
114.46	1033.89	98.3324
20.1604	1195.58	126.69
121.617	1332.3	156.015
62.5132	735.682	45.1652
124.943	949.095	81.8521
16.1661
2.18895
4.08688
12.9792
8.69932
9.12015
1.91879
2.83455
20.8405
20.275
17.7814
12.2176
12.2358
2.14644
21.7333
4.26696
12.4207
20.6107
8.30232
4.55511
14.6434
0.579919
4.12772
21.7122
9.35682	0.251429	31.5969	10.9673	0.811747	54.0145	9.18644	0.499934	40.5056	8.45949	0.676154	38.0561	10.0446	0.586054	23.8032	3.77213	0.450058	11.8898	8.80556	0.932917	26.4001	9.00897	0.586567	26.6429	8.83691	0.992498	19.5422	9.32704	0.935868	20.4841	7.13754	0.723158	18.3656	6.19736	0.407204	21.2098	1.93909	0.133676	6.92886	1.7644	0.110644	3.67228	5.49332	0.715232	26.373	3.10001	0.571506	12.5685	5.14766	0.58719	10.8741	2.11999	0.199375	7.74353	8.49599	0.684738	22.4723	1.83208	0.496415	5.23602	6.30283	0.157913	29.8057	8.51816	0.279994	41.0352	7.81423	0.216207	21.7668	7.65229	0.346349	22.603	
7.88542	0.269318	25.567	8.20749	0.466735	21.0104	8.37931	0.312544	37.2188	5.14061	0.362201	12.3519	7.561	0.448369	24.3204	4.75179	0.809933	19.6661	10.7014	0.264646	42.1073	8.11397	0.490315	22.1447	9.57036	0.951325	36.785	9.76201	0.416387	45.0742	7.84852	0.984305	22.1859	0.43457	0.485328	0.93714	5.20792	0.638961	18.3613	7.00771	0.455933	18.1245	0.977009	0.297204	2.31797	4.25279	0.342234	14.7257	1.56665	0.895402	3.36222	4.1645	0.311761	16.7464	9.60696	0.965218	29.2922	7.9896	0.764705	38.4332	6.07351	0.277549	27.1021	8.28813	0.642081	20.4952	8.50822	0.401425	42.3219	6.74339	0.185258	20.6894	
6.33951	0.242466	30.9696	8.22257	0.480719	38.0825	6.01749	0.635499	15.7062	6.27732	0.58992	14.2744	7.28432	0.845971	27.4434	1.71148	0.38987	4.72558	5.59124	0.526405	15.0906	5.87134	0.368146	24.7209	5.50213	0.463566	11.9165	5.99585	0.337312	24.0012	3.82953	0.676571	17.4879	6.12227	0.741659	13.5232	1.79293	0.849549	8.57903	2.10399	0.581735	7.1952	6.11193	0.452791	24.2765	2.11141	0.967884	6.88334	4.81695	0.274787	23.226	3.98747	0.386968	9.77915	5.16852	0.892029	18.6029	4.43149	0.871149	11.1331	3.32809	0.352301	14.2571	5.27693	0.610816	12.4635	4.48889	0.613196	12.1656	4.65811	0.283381	15.2016	
0.944142	0.611867	3.9301	3.11261	0.671339	8.94227	0.895484	0.18236	2.85932	3.19768	0.661394	10.4939	2.26728	0.467877	8.73007	4.78937	0.873728	21.3344	4.54029	0.578623	13.734	0.635702	0.960473	1.33519	2.72703	0.585488	7.33836	2.61775	0.151482	10.4292	2.19831	0.675075	10.739	7.06452	0.764068	25.5867	6.56359	0.617469	24.6885	7.51678	0.607744	31.4389	7.98314	0.43616	29.3889	5.66699	0.82844	19.1688	6.23772	0.428745	27.1771	8.1192	0.981998	16.5625	3.11029	0.310426	7.55331	9.82561	0.386461	31.2048	2.18096	0.280341	6.40597	1.11217	0.721666	3.32041	2.21136	0.497643	5.36134	0.866421	0.685332	3.23973	
8.67898	0.59035	32.4705	10.4413	0.778903	24.5339	8.41149	0.635035	32.4717	8.15749	0.361783	34.5229	9.50592	0.42317	37.9617	3.30926	0.40439	11.7849	7.70596	0.975312	29.0909	8.25537	0.928125	38.018	7.86004	0.860296	25.3148	8.37274	0.712193	28.7666	6.23497	0.515293	23.9066	6.58722	0.14371	23.6182	1.62784	0.706377	3.44291	0.593541	0.681647	2.13621	6.08508	0.417081	23.1342	2.90278	0.617547	8.79595	5.40719	0.17474	15.1677	2.92263	0.907955	8.15986	7.48383	0.818477	19.2069	2.0641	0.224844	8.44326	5.62442	0.968814	14.7077	7.68553	0.567816	32.0179	6.8802	0.48511	17.2494	6.97772	0.934729	19.0283	
8.39189	0.213164	33.8415	10.0426	0.862204	45.72	8.20835	0.726158	27.1496	7.61832	0.706056	30.5406	9.11492	0.649699	23.6179	2.84397	0.259191	8.15628	7.91201	0.671803	36.5352	8.03276	0.4832	18.9102	7.87501	0.435429	32.6847	8.35881	0.398067	22.4277	6.16209	0.293399	17.0373	5.80713	0.802963	27.2091	1.0225	0.461836	2.39171	1.26401	0.958442	3.88515	5.29186	0.904358	12.0335	2.27416	0.816881	9.5121	4.64631	0.311182	20.5206	2.18257	0.622036	8.13733	7.54692	0.70994	19.5315	2.5329	0.459366	9.7357	5.33405	0.443334	26.2959	7.53762	0.152694	19.048	6.84319	0.64248	29.3568	6.68618	0.873311	26.1653	
7.76427	0.395659	37.3058	9.04391	0.115287	28.1695	7.82268	0.702709	19.6512	6.27478	0.265742	29.9194	8.16425	0.183115	40.7906	2.35903	0.305041	5.32826	8.59502	0.394657	27.2767	7.60129	0.58764	22.4289	8.08408	0.914756	24.0945	8.47181	0.402557	29.8611	6.24784	0.968215	12.9332	3.73579	0.502466	10.4746	1.58285	0.240409	7.8232	3.266	0.873093	10.9128	3.2309	0.305148	10.0287	1.416	0.633092	4.06316	2.64236	0.662844	12.1929	1.12105	0.756692	4.95823	7.89388	0.28972	39.0351	4.33751	0.576119	13.2279	4.89932	0.951563	21.0154	7.33533	0.204106	28.6026	6.97449	0.981549	33.4573	6.13474	0.954708	18.0359	
3.26012	0.194546	6.91522	4.98972	0.157418	18.6321	3.21956	0.27116	13.645	3.28602	0.332206	15.1226	4.05125	0.461468	17.1987	2.37149	0.292441	10.6495	5.04918	0.999329	18.0122	3.00273	0.167175	13.1741	3.86341	0.219939	16.5777	4.11164	0.211843	20.3884	2.13661	0.756718	6.01823	5.3404	0.404565	18.7606	4.16805	0.134438	19.0085	5.29358	0.65743	14.9053	6.01416	0.197354	20.9075	3.24955	0.541972	14.2698	4.26839	0.462426	20.4168	5.71646	0.805799	12.7268	3.88714	0.282051	8.97198	7.53675	0.766698	25.2814	0.354162	0.956217	1.31696	2.7809	0.846766	7.45652	2.78714	0.581106	11.5327	1.5645	0.341925	6.73777	
3.00779	0.396774	8.74125	1.86157	0.883157	5.20008	3.96036	0.213033	8.75881	1.55179	0.979742	6.78763	1.67446	0.192498	7.70564	6.31664	0.983449	16.3313	8.03528	0.585684	33.8133	3.76543	0.633424	17.8869	6.18422	0.356004	30.2558	5.96735	0.140963	14.8397	5.52808	0.52697	23.0884	6.06691	0.178111	27.751	8.09564	0.831438	36.4031	9.56649	0.598351	31.417	7.30966	0.579916	29.0699	6.879	0.576424	24.4088	5.89278	0.402912	19.831	8.87327	0.115185	34.9731	6.60398	0.674689	32.1297	11.6402	0.513854	46.3582	4.51642	0.13215	20.9842	4.58927	0.753727	19.7141	5.69078	0.632013	21.5094	3.59154	0.678566	16.5265	
5.47929	0.105827	19.2499	7.65626	0.703206	16.4861	4.8466	0.143025	21.0304	6.58356	0.526651	22.4928	6.76873	0.28226	24.8033	3.45625	0.275447	17.2222	3.28788	0.625621	14.0729	4.79538	0.152307	20.5824	3.59229	0.260757	15.1525	4.15348	0.198566	14.7692	2.41849	0.402257	6.93615	7.87289	0.587479	25.6515	4.13212	0.385656	14.88	3.94659	0.744237	15.113	8.11887	0.488784	26.0858	4.21197	0.643667	18.3321	6.59846	0.308988	32.3571	6.32125	0.979203	14.2288	3.13252	0.243246	8.26273	6.21798	0.836654	24.8582	3.15777	0.868692	11.6801	3.96461	0.469022	17.5294	2.82543	0.547394	13.2244	4.0842	0.247827	15.3044	
3.20458	0.94072	9.92566	3.79644	0.894287	12.088	3.80034	0.944489	16.303	1.05606	0.583804	5.04807	2.99587	0.552596	9.73127	3.80243	0.118688	12.3832	7.01688	0.960754	30.0547	3.53361	0.483866	15.367	5.4511	0.122682	22.4855	5.47947	0.720907	24.1766	4.12299	0.257931	8.76822	4.25947	0.536239	19.8	5.55641	0.300206	15.9852	7.07902	0.524351	18.7425	5.33013	0.33997	21.5348	4.33328	0.449985	9.47148	3.68844	0.183609	8.17447	6.3876	0.244265	28.4902	5.67555	0.154746	24.0329	9.10482	0.427742	39.1886	2.54803	0.586568	7.65102	3.92942	0.297617	16.5874	4.57875	0.148461	19.9087	2.39245	0.632401	9.8017	
6.24902	0.681389	22.9591	6.68222	0.733936	29.2963	6.74083	0.304888	29.4353	3.60722	0.624831	10.0252	5.98635	0.865775	26.45	3.68457	0.339387	13.8952	9.22108	0.191886	40.3824	6.47518	0.530598	22.5344	7.99591	0.536795	39.5676	8.16194	0.157689	27.9361	6.32225	0.873054	26.034	1.21497	0.176694	4.98963	4.66727	0.234161	15.7052	6.49501	0.945977	19.4443	2.29338	0.358027	9.7378	3.48041	0.309644	8.25643	0.999701	0.419132	4.06896	4.36871	0.316584	9.90864	8.06649	0.35616	18.2003	7.91963	0.46862	18.7783	4.53105	0.554405	22.5104	6.67046	0.805378	27.8619	6.95649	0.426099	20.4327	5.11707	0.130857	18.5962	


# This instance was randomly generated with the following parameters: 
# SIGMA_MIN=0.1
# SIGMA_MAX=1
# CAPACITY_OVER_DEMAND=5