12	24
169.795	574.197	28.5848
46.2122	1030.4	89.8619
110.478	601.183	35.8442
12.2063	1185.33	133.121
150.429	695.65	46.5365
62.3894	597.153	35.0485
177.249	1151.15	121.929
166.143	950.09	87.0839
99.858	735.178	44.7846
61.5368	1007.23	91.1308
45.9758	1151.9	126.415
10.308	588.487	33.2482
8.61524
9.85717
1.17528
1.78275
11.3562
6.84671
11.8983
6.59919
7.55041
11.2365
9.08639
10.603
5.18092
10.3301
3.20603
1.13488
5.36441
0.719646
10.3703
11.4966
11.2991
6.72505
7.14454
5.13924
2.0192	1.35296	9.15924	4.90647	3.04387	15.8398	2.65182	3.32444	6.27415	1.93728	3.68798	8.1423	4.82058	2.03977	10.072	6.97593	3.1086	20.1826	3.89257	2.24723	14.2919	2.94351	2.46938	7.98588	5.40984	3.10604	15.7539	3.78069	1.47705	17.8579	3.40355	1.51922	16.7858	1.32621	2.12966	5.85437	6.42461	3.73721	26.2992	2.97661	2.35978	12.8651	7.27611	3.07209	16.7134	7.99255	1.53794	20.7017	2.3891	3.95857	8.44088	5.10422	2.82382	12.3075	4.49894	1.7774	21.6662	5.62931	3.30518	18.9829	3.1305	1.10194	11.2032	3.02199	1.94585	10.2595	3.58482	1.45434	11.2643	6.86908	2.49902	17.8449	
6.03917	3.83964	18.9537	2.78306	2.75076	13.2347	6.89135	1.57978	15.6392	4.07885	1.43311	19.8065	6.10183	2.87469	24.664	1.26077	2.92919	3.37136	4.29295	3.85186	16.1437	8.10427	2.94957	35.7016	7.9875	2.08874	35.9692	2.26529	2.14596	9.84873	9.14969	1.03755	18.5841	6.24204	1.76872	14.2719	1.14516	1.59272	3.43864	4.79152	1.36993	17.9492	2.7211	3.88267	9.93181	2.69423	3.31953	9.95469	4.78908	2.3046	11.5917	5.61888	3.21458	13.8016	5.71691	1.8939	22.7167	0.285485	1.26559	1.22508	5.92145	1.53166	21.665	3.04908	3.7889	14.1859	5.11214	2.26548	16.7155	1.53771	3.38111	6.6873	
4.00122	1.82156	8.40112	3.72417	2.49565	14.2108	3.97598	3.03394	17.1538	4.73029	2.90579	16.5279	1.05	2.72236	2.65637	6.79503	2.42607	24.0349	8.30479	2.0595	19.28	5.32356	1.73382	22.765	2.28103	3.88274	6.68148	6.38871	3.62552	28.943	7.14728	3.35065	35.4367	4.83176	1.19745	15.6255	6.03238	1.42004	12.9714	7.88548	3.45595	26.2122	5.43456	1.59645	12.4697	6.60166	3.34979	24.4742	7.38058	2.21232	36.2261	9.91121	3.48986	39.7799	1.37183	1.20333	4.97484	6.58138	2.74598	21.3754	8.59431	1.59799	22.8422	4.6055	2.74169	16.8892	2.34866	2.40146	11.1996	6.18891	2.32037	14.2014	
4.64093	1.58443	10.9877	0.629772	3.34497	2.14797	5.37674	3.15412	18.3285	3.19336	1.19398	6.99241	4.01802	1.38917	15.8663	2.57551	3.40653	7.74848	5.231	1.25245	12.1968	6.76058	1.10993	29.5746	5.96363	3.70379	26.5906	2.89982	3.3587	13.6905	8.12	1.67764	26.7325	5.08933	3.10848	20.392	1.80969	2.05511	8.23659	5.32062	3.67086	14.5801	2.15088	2.60641	5.32321	3.01057	2.43302	14.7335	5.06969	1.09713	12.1367	6.80008	3.79038	30.8624	3.66185	1.42209	10.4931	2.28138	2.09072	6.94748	6.37688	1.99632	26.3365	2.13749	3.47752	8.70536	3.23459	1.11375	14.6421	2.11096	1.29589	8.71347	
5.3615	3.0185	16.542	4.37997	2.52279	14.0903	5.32775	1.77243	16.1043	5.94177	2.08389	19.1111	2.40936	2.6308	9.44168	7.1565	2.72848	30.4327	9.40661	3.47025	45.632	6.64273	3.34607	31.7657	3.27767	2.72211	13.4738	7.35063	2.48081	20.7745	8.47394	3.57243	32.2352	6.19146	1.79143	25.9174	6.43204	3.00175	21.214	9.06876	2.09527	35.6923	5.51487	1.14855	22.0822	6.66559	1.9876	13.3888	8.5904	3.0069	37.7817	11.028	3.41532	37.349	2.69444	1.23761	12.5311	7.22191	1.57536	20.4349	9.83757	3.46251	21.9	5.66095	3.96509	11.9478	3.63147	2.55127	10.2044	6.49465	3.07998	22.5783	
3.81145	2.35056	10.3669	4.26779	3.79346	17.8579	3.63092	3.29402	12.0448	4.86123	2.48896	11.9395	1.07286	3.74054	2.5711	7.39993	1.29768	22.7045	8.50909	3.20277	41.4643	4.88092	1.9661	14.2296	1.58172	2.72354	6.18143	6.72122	1.51711	19.2517	6.71534	3.84144	17.0439	4.63492	1.65764	18.7382	6.63169	3.85747	18.4178	8.01129	3.42365	18.5168	6.11345	1.77818	14.0328	7.27734	1.89224	17.0816	7.4795	3.97958	34.8515	10.0921	3.58831	29.9405	1.49423	1.84353	5.36098	7.08773	2.39085	16.2507	8.64143	1.01179	25.3634	4.89569	2.31656	22.4646	2.45839	1.0944	7.584	6.8137	2.68896	28.6301	
7.04911	1.73131	29.4572	2.96511	3.94887	8.17803	7.79992	3.0552	22.1034	5.4111	2.18307	24.2218	6.22486	1.56019	30.5027	0.97328	1.11361	3.63987	6.29329	2.4501	19.6496	9.17043	1.0359	28.0113	8.20585	2.94291	36.8412	4.1495	2.51126	20.2152	10.4638	2.31394	34.0101	7.44629	2.06632	20.0516	0.943794	1.73734	2.8765	6.73365	2.00198	24.7317	1.08279	2.34115	3.24	0.713219	1.39265	1.75684	6.66697	1.42144	17.3348	7.62241	2.31867	28.1663	5.92037	2.752	15.3415	2.294	2.2751	7.95792	7.86149	2.89845	17.1215	4.30706	3.8268	11.559	5.62608	3.91269	25.165	0.486078	3.44384	1.52169	
5.29309	1.34246	24.5549	1.47461	1.51591	4.47743	6.07495	1.96638	20.329	3.62053	2.14258	15.5696	4.86145	1.89626	23.537	1.75931	1.45809	5.27633	5.00603	2.77842	15.888	7.41165	2.94146	25.4579	6.80117	3.7234	16.9736	2.69281	2.99341	9.01343	8.67273	3.75445	21.2838	5.6599	1.13471	16.3086	1.01609	3.08448	3.63453	5.25706	1.0057	24.6726	1.89174	2.40131	6.18762	2.4625	1.35971	11.0187	5.09696	1.03667	24.4154	6.50192	1.5857	17.8294	4.50144	3.68479	11.7843	1.54615	2.01755	3.50824	6.36043	2.6097	18.3859	2.51701	1.06946	9.84104	4.03042	2.42831	17.222	1.39251	2.84059	3.52326	
3.07807	2.24231	7.11785	1.68985	2.68438	6.07413	3.56134	3.65999	17.1542	2.82147	1.53661	6.5655	1.71328	2.79553	7.13775	4.88348	2.71809	14.3629	6.17998	1.2536	12.6699	5.04136	3.93557	24.9515	3.651	2.42071	11.0625	4.16699	1.02402	9.1737	6.66927	2.79381	27.6618	3.78552	2.3257	7.69269	4.11341	1.47948	13.4728	5.87506	3.90815	25.847	3.97607	3.27794	9.58695	5.06466	3.88408	15.4541	5.42539	3.94327	23.3144	7.80221	1.86444	34.9674	1.34846	3.65093	2.80538	4.43149	3.93013	13.0813	6.70864	1.3239	13.9881	2.43432	3.02272	9.76844	1.16867	2.63016	4.35423	4.36888	3.03346	16.1782	
2.84119	3.04555	6.56075	5.41959	3.6259	15.7123	2.19069	2.97141	10.5498	4.68853	3.53591	11.8434	2.24987	3.9814	10.3476	8.59643	2.92204	18.597	8.27723	1.80704	16.86	2.99431	2.94338	8.90607	0.784062	2.86597	2.42017	6.99332	2.86206	30.758	4.78559	1.11276	16.0015	3.49427	3.67204	16.5525	7.83336	3.91462	37.4383	7.56037	3.72658	20.1568	7.68644	2.2198	18.9777	8.80323	2.65556	29.8063	6.97523	2.02092	21.0768	9.72846	3.59655	30.6828	2.4611	3.78642	6.42826	7.92215	3.86795	38.0745	7.9245	3.28943	38.2049	5.19877	1.51521	23.6557	2.83313	2.82736	9.44078	8.1131	2.41941	26.8939	
2.80339	2.05956	7.59257	6.81681	1.1429	31.3521	2.6532	2.07407	10.2906	4.07069	2.9025	17.5967	5.60663	3.75528	13.6789	9.2201	3.3308	28.7341	5.97188	3.38565	14.2194	1.64012	3.71616	5.69791	5.3358	2.34782	11.1245	6.11193	3.69258	26.5074	1.07334	3.44689	3.85056	2.11254	2.14093	8.41304	8.62171	3.32431	19.1851	4.96858	3.01135	20.6054	9.3007	1.1283	30.4861	10.1245	3.18329	45.2552	4.44196	1.4199	20.1253	6.88999	3.60566	28.904	5.43005	3.7962	22.5598	7.92769	2.10428	17.4373	4.68378	2.4229	10.7046	5.17024	2.48965	12.8592	4.78093	2.49399	19.0976	9.05072	2.82175	28.6261	
6.38802	3.79569	30.9853	2.84782	1.83068	11.1117	6.82575	1.25112	18.7945	5.7289	3.84876	15.5213	4.22585	3.01994	19.7952	4.26386	2.56333	19.7319	8.24661	2.47292	16.793	8.30943	2.50767	25.0822	6.0309	1.58933	21.3486	5.91576	3.74215	15.0505	9.97538	1.96415	25.8854	7.08118	2.13265	28.4008	3.69081	2.63994	15.3074	8.29102	3.439	27.879	2.33392	2.83693	7.98578	3.38153	1.7962	15.2915	7.98804	3.66081	38.7128	9.81403	2.44512	24.8295	4.12968	2.75979	14.0308	4.90488	3.28504	24.339	9.30877	2.00376	30.8294	4.87671	2.46629	18.4122	4.44608	2.67754	13.7925	3.56839	2.07926	16.7269	


# This instance was randomly generated with the following parameters: 
# SIGMA_MIN=1
# SIGMA_MAX=4
# CAPACITY_OVER_DEMAND=5