12	24
41.6273	961.235	83.6461
147.413	877.098	69.7625
100.775	947.517	75.9645
12.3239	1003.86	87.281
6.99797	1223.22	145.842
172.759	1074.1	100.778
7.78766	1351.85	157.808
126.04	1302.22	145.434
154.538	1167.79	118.444
103.446	621.102	38.4587
154.367	1176.28	135.561
103.864	704.319	47.0243
48.6772
14.0837
32.1473
64.8215
37.111
30.028
19.7175
62.2748
63.0355
10.4125
2.7258
37.7016
26.2069
60.767
23.2907
12.561
46.6635
22.2853
48.4277
2.12156
7.7257
39.9642
47.7118
43.5405
3.24053	1.05302	11.762	3.59198	1.51838	9.90313	5.29312	1.6012	15.5807	4.12921	2.84618	10.2389	2.59741	3.86899	5.80015	6.8242	2.74166	22.442	7.18687	1.5642	30.9687	1.72459	3.45506	7.14439	1.77053	3.5584	6.85646	3.10572	3.988	8.92344	1.09578	2.36968	2.51844	7.77128	2.16198	29.7262	2.67058	3.768	10.5426	4.17819	1.08275	10.4399	5.95579	2.4114	12.3677	5.23244	1.16156	22.6535	3.56425	2.61791	17.3947	3.26038	3.40496	9.69155	2.42001	3.99383	7.94682	6.57057	3.67917	24.0883	6.34908	1.13577	30.7479	5.67714	2.85411	22.3709	0.95641	3.09751	4.70504	3.51925	3.12133	16.9292	
5.25158	1.15149	20.9922	4.43239	1.55137	18.8153	8.27014	2.19966	38.2679	7.1652	3.55197	19.8646	5.52044	3.84797	26.1216	9.50321	2.27446	39.6969	9.82303	3.89722	40.8231	1.65527	1.98364	5.13728	4.30999	3.21562	16.9467	5.34184	2.12972	25.0254	3.46964	3.86649	7.99267	9.71173	3.40939	38.1513	3.09433	1.51422	14.2196	5.3019	3.10782	22.4967	5.95197	2.75294	25.0898	6.71718	2.00243	32.0478	3.99931	1.03945	10.3439	6.15221	1.50279	18.6539	5.19278	1.59391	12.6101	8.30669	3.68803	29.998	8.17617	1.04951	35.1334	8.05194	3.47356	38.6658	3.7673	3.24413	18.6449	5.90529	3.41515	24.5083	
3.30587	2.33532	11.2296	3.00095	2.41012	8.16736	6.49922	3.24259	23.9558	5.29894	3.12017	25.377	3.82996	1.59662	12.3635	7.42498	2.34794	17.1139	7.75374	1.87273	19.3809	1.44336	2.45962	4.82647	2.93789	2.70812	9.88868	4.22926	3.18719	16.6931	2.14408	2.7846	7.982	7.87536	3.40919	16.5829	3.05376	1.3498	14.9969	3.76159	2.33057	17.6575	5.14265	2.40517	25.1912	5.0419	1.78381	24.9221	2.791	1.32951	9.10627	4.06455	1.19267	14.1388	3.09826	3.32609	9.92922	6.54417	1.7231	28.1968	6.37106	3.67712	30.7525	6.04025	2.16589	19.6932	2.16884	2.81382	10.0182	4.69096	3.85593	10.0313	
5.54988	2.65552	20.2266	4.79838	3.70891	15.6445	8.29406	1.34556	34.7425	7.22661	3.26609	32.0142	5.54221	2.93828	14.219	9.74572	2.47519	22.909	10.0737	1.39342	28.5163	1.61271	3.43289	3.45901	4.27843	1.40372	8.69335	5.23604	3.09997	20.2941	3.45589	2.06788	16.309	10.043	2.78984	32.7008	2.86257	2.15993	8.64455	5.66299	1.30788	27.6298	6.34866	1.91271	20.3704	7.06831	2.98819	34.9151	4.37766	3.27459	20.3795	6.33822	3.21295	16.4984	5.39726	1.34181	15.2842	8.64887	3.28887	27.3555	8.51116	1.6834	26.7732	8.33386	2.42711	20.5256	3.80061	2.16522	12.5129	5.81174	2.23709	12.1649	
1.73707	2.50084	6.46816	3.30934	3.34997	12.2576	5.57914	2.43044	24.8958	4.44202	1.1047	8.93272	4.75068	2.11067	16.8943	2.75038	1.27623	9.38913	2.98562	3.66058	14.8725	6.20887	1.62536	22.8012	5.41638	2.86856	13.6178	6.4362	2.6287	24.7397	5.37378	2.04106	17.7659	3.24604	3.14014	10.5856	7.24397	2.00687	32.4701	2.72839	3.80196	9.9945	4.9106	3.1159	20.9701	2.08611	2.91753	7.11177	3.87801	3.07148	18.6226	2.16066	1.21432	9.32645	2.34552	1.7476	6.68901	2.38941	1.65673	9.55476	2.0837	3.44794	9.62078	1.09997	3.33632	2.49216	4.86847	1.95626	20.8948	6.44332	1.03351	15.0495	
5.26828	3.63906	19.2336	6.06855	1.55608	22.9199	3.95582	3.65989	10.1513	3.30809	1.67784	7.28084	1.65075	1.11118	6.95577	7.58365	2.61796	33.5294	7.99189	3.49483	35.1683	3.16951	3.58147	12.6644	0.840771	3.79407	3.4439	0.547173	1.48195	2.24113	1.5397	3.39918	3.46002	9.37296	2.62358	34.8005	2.32286	3.12092	11.0493	6.52933	2.36221	17.0562	8.48663	3.71153	30.5342	7.33506	3.11488	23.4586	6.10883	2.67348	17.6331	4.11616	3.80581	11.1825	3.82602	3.50581	18.0662	8.41221	3.52995	34.5082	8.14004	1.62465	20.8495	7.00598	3.48703	15.2744	1.66559	1.59258	5.17709	1.083	1.87611	4.95478	
3.64051	3.1176	7.74651	5.02861	1.68154	14.5471	2.61632	1.78328	10.5917	1.38061	2.69996	4.9211	0.854185	2.05888	4.26473	5.11073	2.8356	17.5815	5.5206	1.25766	22.5638	4.31629	1.42417	19.7598	2.06734	2.84517	9.44072	2.6192	1.92242	11.0275	2.59336	3.5627	5.72204	7.1157	2.23055	27.1693	4.38421	2.65418	13.1358	5.17392	1.9599	15.7806	7.44526	2.69054	18.9527	5.56458	2.74338	22.154	5.29849	3.0792	17.1389	1.80681	3.81755	3.8839	1.99087	3.97455	4.98619	6.33943	2.91194	23.8092	6.0403	2.53631	29.9016	4.68695	3.55179	11.1358	2.12317	1.15007	4.50026	2.51312	2.26312	6.59473	
5.34192	2.93362	20.3963	6.32243	2.30756	20.1484	8.30879	2.54213	23.6386	7.51403	1.35126	19.2322	8.33439	1.33154	33.2296	2.9797	3.8513	13.1883	2.66285	1.95623	6.63574	9.98271	1.32563	37.574	9.17964	3.98833	35.841	10.0853	2.55157	31.2565	9.19215	3.054	35.1801	1.00624	1.83857	4.67936	11.069	1.48553	28.7161	5.46721	1.48318	23.8985	6.63073	3.79513	20.1076	4.0359	1.8541	17.4076	6.88287	1.7001	14.9485	5.73268	2.40215	18.2804	6.14991	2.70725	17.5309	2.45279	1.50888	10.8892	2.46099	2.13823	9.55845	2.84205	2.68224	11.2583	8.67996	2.72121	27.0874	9.99753	1.5627	48.4482	
7.67313	2.6042	19.2858	7.47117	1.30079	29.6742	8.14178	3.09194	30.6917	7.46251	3.03377	21.8429	5.70357	2.15595	14.9213	11.2156	2.47562	34.6744	11.5977	1.03306	33.7707	3.06114	3.29661	11.7838	4.33198	1.08257	12.8265	4.45935	2.22017	17.4379	3.91945	2.38908	11.5595	12.2506	2.75793	49.1237	2.01484	1.49568	4.45547	8.2607	2.69903	32.0974	9.35269	2.38803	44.4481	9.53217	2.14778	46.579	7.17131	3.25226	34.0183	7.59008	2.52774	22.7757	6.88029	1.954	27.8191	10.9886	1.70439	30.7302	10.7908	3.6486	51.2936	10.1785	1.85376	40.1357	4.45498	3.27239	18.7486	5.0227	2.20438	10.1042	
2.56033	3.68083	6.03389	1.56613	3.43652	7.3934	8.44837	1.59543	24.5909	7.16644	1.64701	35.3423	6.70826	1.06102	17.7035	5.91634	3.41559	21.3848	6.02733	1.94455	24.0284	5.9953	1.39308	16.7613	6.67696	2.8155	22.2274	7.98536	2.17599	35.6834	6.19267	1.30278	15.7584	4.45631	2.3881	17.839	7.59171	3.40068	37.5973	1.0106	1.72753	2.35096	1.51519	3.78665	6.68052	1.53681	3.21585	6.83123	1.87857	1.44266	6.60441	4.78573	3.26165	17.4316	4.19369	2.7353	18.859	2.99072	2.22005	10.9291	3.03019	2.91905	14.039	4.06384	3.49627	14.7372	5.87616	2.4231	24.4842	8.23095	1.45801	39.9526	
2.71742	2.15222	12.9518	3.65197	1.5462	10.9402	4.3148	1.75796	9.10012	3.0769	1.79803	11.838	1.83087	2.17462	6.74293	5.74472	1.26543	14.7207	6.12132	1.60835	26.9506	2.88648	3.56411	8.45232	1.74135	2.0315	6.42602	2.98541	1.98246	14.4481	1.61438	1.34404	5.43533	6.99961	3.737	26.3671	3.5223	3.87108	16.8128	4.01279	1.78347	11.3608	6.10447	2.46098	16.5418	4.78525	2.29942	23.1317	3.80883	3.09474	11.1394	2.13257	2.97692	5.6636	1.43132	3.56891	5.04297	5.92947	1.3501	26.8619	5.67388	1.64203	26.1195	4.7582	1.41445	23.3859	1.10178	2.68772	2.70721	3.21903	2.48948	8.1959	
5.52223	1.50933	22.9754	6.65904	3.95158	18.3953	2.64554	3.9512	8.36584	2.28184	2.68456	9.90883	1.29066	1.70013	4.03694	6.95686	2.37015	13.9642	7.37112	3.81595	17.6895	4.45781	3.42698	12.733	1.82112	1.8759	4.36012	1.05586	1.69396	3.27434	2.671	2.39453	9.17244	9.14931	1.22477	31.6058	3.69893	3.30618	12.0258	6.96439	1.63159	20.9272	9.11198	3.48173	19.5515	7.52642	1.9713	19.8493	6.80904	1.39155	25.0112	3.84825	1.4468	17.0599	3.90708	1.55042	13.5315	8.37533	2.56395	18.7831	8.07849	3.17465	24.9068	6.7128	3.41544	22.7539	2.55089	2.5944	6.76467	0.5878	2.00697	2.83605	


# This instance was randomly generated with the following parameters: 
# SIGMA_MIN=1
# SIGMA_MAX=4
# CAPACITY_OVER_DEMAND=1.5