10	20
130.821	784.985	58.638
118.169	902.821	74.4261
12.8819	1189.74	124.659
176.091	1136.01	120.129
153.443	933.479	72.4827
125.438	420.646	16.66
172.253	831.48	59.3165
102.701	1181.89	116.814
71.0836	1237.29	139.957
13.4746	350.257	11.3254
22.879
6.09327
4.21716
14.9982
24.6774
25.5043
9.18634
10.3184
15.7049
0.528031
19.4693
25.7687
23.993
4.87217
7.96535
11.1875
23.0823
2.4219
8.37145
3.5637
7.47038	2.29216	19.4402	2.64715	3.93364	12.1143	2.90442	2.7235	13.7687	2.86578	3.5627	8.42834	3.30021	1.73076	8.71097	1.34247	2.35246	4.86299	2.57663	2.55784	7.946	5.92662	2.3139	19.371	4.49261	2.52373	18.4972	3.35559	2.24807	10.2831	2.23925	2.36445	7.76162	4.40997	2.89968	14.7873	7.0659	3.49387	14.7688	6.41533	3.38685	29.9106	5.11617	3.65829	18.5768	2.323	3.89047	11.5184	5.0361	2.08532	24.2685	4.57281	1.80741	13.521	5.41816	1.84345	15.6513	3.64804	1.39364	12.129	
8.79722	3.84166	43.6957	5.01952	3.52497	18.7472	5.81222	1.9543	24.0168	2.32135	2.9535	4.77166	1.32093	3.52916	5.18245	3.94166	2.36421	10.5309	5.49157	2.64493	13.963	5.64213	3.9813	15.0868	8.88035	1.43458	23.2761	7.79516	2.76314	25.8887	5.91212	1.49879	23.7294	6.51476	3.8919	22.7206	7.67306	3.68607	21.3159	2.09735	2.33031	9.43026	5.39736	2.18538	21.2626	2.20343	1.33012	8.19458	3.66284	2.0303	17.0685	7.24881	1.20071	35.7063	9.85138	2.99825	44.1147	8.17021	1.48818	34.6667	
6.42485	3.64916	19.3218	4.39766	3.46831	9.95522	3.62517	2.23718	18.1076	6.82143	3.09885	32.1743	7.95191	2.58175	39.0244	6.053	3.5088	26.8795	6.29238	3.03065	26.0339	7.34491	1.50282	34.743	0.91601	1.57196	3.05357	1.7375	1.92999	7.20853	3.1323	3.74697	15.448	4.32495	2.10173	17.2136	7.03627	2.80769	23.3634	10.5539	2.79112	40.6063	6.48995	3.75821	25.7905	6.92325	3.13785	13.9253	7.79844	2.12975	27.3965	3.50023	2.08067	15.6113	1.45897	1.63371	4.59602	2.28331	2.41735	11.0772	
8.25536	3.39025	17.5114	3.45693	1.55658	8.12369	3.65053	2.71331	8.91407	3.48686	1.631	11.1476	3.54327	2.84222	11.2975	1.0503	3.19389	2.9478	1.77182	1.97078	6.94287	6.74257	2.99385	15.3766	4.60107	2.86377	12.7195	3.44789	1.53231	10.4943	2.87734	3.09466	8.26547	5.18627	1.49182	23.5382	7.88392	1.40169	34.0442	6.83409	3.69028	25.4312	5.93802	2.81655	14.1021	2.68347	1.57321	5.8726	5.77885	1.36674	26.4638	5.28066	2.69112	12.7777	5.45223	3.87645	19.4794	3.53829	3.93251	14.758	
5.73807	3.97409	16.7928	2.73442	1.36167	13.5641	2.01366	1.42496	8.48629	5.11695	1.98864	21.0357	6.3044	3.87257	19.9791	4.62326	2.94792	13.3329	5.22661	2.32191	12.5828	5.94169	3.05622	18.9811	1.89578	2.71968	4.05823	1.44634	2.96601	4.47339	1.42645	1.35261	6.92108	3.07515	2.01032	9.69008	6.01628	2.9313	17.0135	8.84762	1.13904	28.4177	5.05386	1.17496	19.5328	5.27643	2.45385	23.1255	6.17392	1.57268	21.5353	2.49627	1.23239	11.0618	2.86648	1.32261	9.16133	2.3247	1.73541	5.54046	
9.53383	2.18178	35.6345	5.1178	2.36039	23.0218	5.80073	1.108	25.0475	2.77127	3.46801	13.7909	0.972039	1.02778	3.17538	2.69622	3.24761	9.95749	3.94369	3.09143	13.8763	6.73935	3.9816	25.2609	8.1876	2.34938	30.1804	7.04565	3.3281	21.8727	5.59448	2.96429	12.4556	6.86614	3.58769	15.9248	8.60285	2.01754	35.749	3.79812	1.90635	15.9751	6.29372	2.16146	16.696	1.74799	2.92407	4.47371	4.92027	3.6906	16.6852	7.42699	2.54356	22.3979	9.10146	2.81264	24.4304	7.2505	1.98053	22.168	
7.89372	3.01081	35.6895	6.31248	2.13427	26.3405	7.08504	1.56812	33.6205	4.42723	2.89574	17.2754	4.89719	1.38565	13.1774	7.24225	3.80129	24.4796	8.98422	1.20351	34.3679	4.43086	3.16632	10.2867	10.8885	1.21621	41.9265	9.99775	3.56635	30.6194	7.68475	2.7301	16.5789	6.9149	2.71249	26.6951	6.4448	2.30624	24.7113	2.16115	2.23916	6.33732	4.84126	2.92492	22.6455	5.32664	3.88741	18.1472	2.97139	2.94439	12.4707	7.85768	3.0762	16.4045	11.8843	3.04099	27.5899	10.6126	1.0018	41.063	
10.6558	2.93488	51.6627	5.87688	3.57293	26.0554	6.02908	3.54154	17.8109	5.47381	2.17519	15.3209	4.78416	3.89647	18.5125	2.4797	2.35301	11.0679	0.689283	3.89794	1.82396	9.09291	1.93019	20.7726	5.92299	3.35459	27.9261	4.89351	3.11999	14.4944	5.1707	1.36158	11.1744	7.58372	3.15409	17.7573	10.3029	3.8178	39.4616	8.15878	2.19696	30.8094	8.31784	3.2583	17.9207	4.32203	2.35443	17.5262	7.92973	1.85914	25.5241	7.60093	3.82766	25.1645	6.52026	2.83944	21.1516	4.53808	1.18178	14.6499	
10.176	3.90836	49.7188	5.64919	3.10095	22.2203	6.28731	3.87959	14.7697	3.44498	1.73678	12.5129	1.68544	3.80576	7.10571	2.76584	1.78345	8.39089	3.69204	3.66046	13.0194	7.44964	2.09137	32.2676	8.38351	2.48461	16.8798	7.23113	3.05536	23.2383	5.98431	2.27261	14.5721	7.43778	3.66382	21.918	9.28394	2.9038	44.0765	4.37099	1.74798	20.7164	6.97958	2.17663	32.0508	2.30922	3.32018	7.70189	5.64859	2.63205	27.9289	7.9467	1.75027	17.5074	9.26157	3.96074	45.9779	7.35011	2.08203	15.6354	
9.80472	3.15175	19.6299	5.28777	3.78189	14.1088	5.21561	2.5509	11.1541	5.69384	2.37567	22.8137	5.53448	3.4422	17.1574	2.91879	2.48861	9.66209	1.69327	2.38573	6.43421	8.77683	2.56538	22.7669	4.32539	2.32143	20.2306	3.37901	2.25092	16.8928	4.2429	3.29962	17.8647	6.77633	3.94431	22.7577	9.67172	2.68299	33.5867	8.91355	2.33839	42.9624	7.92832	3.97695	37.114	4.80295	2.18584	11.7882	7.96279	3.96385	37.4646	6.60386	3.15594	27.8432	4.85966	2.48131	21.9659	2.90658	1.28503	10.3293	


# This instance was randomly generated with the following parameters: 
# SIGMA_MIN=1
# SIGMA_MAX=4
# CAPACITY_OVER_DEMAND=3