12	24
82.5348	715.951	45.0863
74.398	950.557	88.0471
102.277	1177.75	136.511
79.0616	562.543	30.0176
152.227	368.28	12.7065
146.773	881.852	67.4818
166.337	996.239	98.2858
161.002	1106.65	116.768
19.9836	657.86	38.0538
141.12	725.022	50.0365
22.7569	1126.45	105.199
62.7178	1266.59	159.183
2.8954
6.06172
20.7922
5.61133
10.7992
11.169
1.63747
3.40017
13.5748
8.12147
19.8322
16.9309
3.8358
8.89998
1.23424
3.19466
18.738
0.778037
4.53531
9.13462
0.642313
6.31333
8.0393
3.30353
7.7403	0.800476	23.0474	6.90787	0.729222	32.4124	3.25178	1.42642	13.8987	8.05644	1.96644	19.1891	9.30815	0.550041	40.25	7.3554	1.87491	30.6684	5.21278	1.40288	20.1501	4.10954	1.38119	11.9229	9.85568	0.804565	30.3637	5.21458	1.15735	22.9898	6.99294	1.01106	21.1699	7.51003	0.819329	24.1111	10.7213	0.628189	45.967	2.09768	0.682732	4.30352	7.05088	1.88963	24.6516	6.38163	1.96921	31.8603	7.58157	1.83084	29.2516	7.30061	1.85292	15.5448	2.7542	0.786446	7.79449	7.38305	1.16497	34.2598	5.49797	0.978613	18.1661	5.56742	1.96613	19.4616	9.49322	1.49824	34.6892	5.94009	1.86902	24.4617	
4.0697	1.31897	8.86514	4.27574	1.30117	11.1376	10.1975	1.07886	23.6296	5.83949	0.936024	28.3777	7.41648	1.67481	28.505	5.69613	1.44422	21.4841	7.93282	1.20412	24.3959	6.97827	1.43519	17.7897	7.72428	0.5079	16.6782	7.23728	1.80076	31.538	4.21324	0.782188	11.9364	7.5735	1.0305	25.1523	2.12412	0.912293	8.72777	8.80804	1.90864	23.5363	5.69855	0.739081	14.8777	5.93444	1.99435	12.6207	6.55523	1.45712	14.8034	6.83871	0.761986	26.2798	10.0613	1.39961	33.2656	4.55433	1.13306	11.5609	7.93047	1.13181	22.1495	5.72871	1.75043	26.2366	1.5841	0.645987	7.37313	7.79038	1.54645	28.4947	
5.02796	0.887285	12.3575	4.29792	1.61575	8.83501	9.10837	1.52873	27.9128	1.91458	1.03107	4.80047	9.14549	1.28398	28.6501	6.59488	0.918766	32.6234	4.39735	1.5505	21.3957	5.67048	0.834157	28.1977	9.62639	0.53911	34.9985	3.84583	1.61257	13.8756	4.31315	1.01655	10.6941	8.48375	1.2184	21.7008	5.45394	1.68197	11.976	6.83071	0.545776	26.7411	1.95564	1.80229	7.35183	6.19576	1.92729	28.121	7.57723	1.22993	29.5385	7.70021	1.16311	36.2005	8.784	0.721135	21.3199	1.20267	1.41226	3.66426	4.31339	0.773834	15.1799	3.03886	1.62196	6.09096	2.46548	1.17178	11.5188	7.93597	1.87387	17.6864	
4.89111	0.675753	19.5149	5.28479	0.776314	16.9586	11.1769	1.45839	34.3897	6.97862	1.93294	21.9399	7.73492	0.992317	18.6115	6.38745	0.792057	13.1625	9.16081	0.771068	40.2836	8.06124	1.26999	23.2045	7.96243	0.754511	20.5678	8.46817	1.61433	24.9029	5.21353	0.623246	18.7163	8.15835	1.94184	20.2067	2.21299	0.578833	10.0156	9.9429	1.69096	34.68	6.90231	1.45902	29.6235	6.7744	1.57376	28.5475	7.15673	0.542614	32.2565	7.47247	0.689548	20.1896	11.0761	1.11818	24.7402	5.77252	1.39237	17.2172	9.15431	1.81743	40.7532	6.95429	0.763147	24.4619	2.81233	1.63662	8.75651	8.57153	0.862202	23.4258	
3.03408	1.17063	14.6405	2.22014	1.94191	10.2006	7.36216	1.64021	33.4774	3.42511	0.99986	12.2015	7.13247	1.83716	28.5915	4.5288	1.79685	14.6456	4.50697	1.2112	18.5116	3.91162	1.24676	14.3462	7.63465	1.24521	23.2918	3.7646	1.11466	18.3208	2.24013	1.00986	6.52124	6.40293	1.14169	13.0592	4.30763	0.632267	18.7571	5.45039	1.9367	17.6874	2.70969	1.76123	10.9103	4.11573	0.510102	10.4495	5.50722	1.22821	17.1472	5.62097	1.36801	13.2289	7.10333	1.49418	21.4541	1.57994	1.26523	3.5201	4.56263	0.630017	17.9186	2.14125	1.59899	10.0042	2.0914	0.945897	7.2616	5.88259	1.30143	23.7124	
4.42159	1.34698	10.9146	4.35	1.99755	20.8554	10.1877	1.96574	39.0695	4.83747	1.18887	14.8261	8.12283	0.559555	34.3141	6.12533	1.84427	16.6539	7.15293	0.51163	30.5597	6.83043	1.72514	21.9114	8.48033	1.42572	37.2129	6.49786	1.22923	19.2728	4.3056	0.919525	18.2924	8.06385	0.58445	31.5857	3.12593	1.40904	9.6815	8.52035	1.47025	29.7028	4.81666	1.30554	18.4376	6.1895	0.644832	20.7808	7.04974	0.860935	28.5311	7.29675	1.51662	18.0993	9.99622	1.29227	38.3504	3.73786	0.974949	13.0374	7.12016	1.65895	20.598	5.14664	1.2787	10.4495	1.04674	1.83402	2.82326	8.0753	0.550627	23.8244	
5.30547	0.900651	24.0799	4.29015	1.15397	16.0295	4.30375	1.10042	18.5164	5.12488	1.80641	13.0162	8.04777	1.30308	27.8657	5.53824	1.55464	22.8333	2.87051	1.2094	8.48392	2.09121	1.27847	5.18041	8.62907	1.14665	40.7141	2.50194	0.835063	7.20487	4.37881	0.768838	19.1019	6.47984	1.35613	25.116	8.01616	1.54551	25.4311	1.53103	1.90786	7.23737	4.04718	1.79833	8.77953	4.55234	0.699558	20.264	6.12826	0.784073	25.0519	5.96977	1.48792	24.1054	3.83869	1.5256	13.2851	4.24721	1.19521	20.4582	3.16259	1.11434	10.27	2.42008	1.82536	11.5818	6.42163	1.07079	26.7067	5.09382	1.29208	13.8252	
0.381678	0.643019	1.83835	0.852316	1.40781	2.09963	6.45563	1.3573	31.1909	6.07004	1.01642	16.9414	4.49912	1.40004	12.7936	2.05607	0.660736	8.13076	6.51859	0.796222	25.7803	3.57454	1.38371	15.5581	4.98712	1.6045	17.9625	5.75411	1.77746	25.5605	0.765035	1.76103	3.54408	4.01304	0.668236	12.1333	3.06142	1.3491	7.80839	5.58857	1.7951	26.0146	5.25628	1.33342	13.7423	2.09299	1.46527	6.55193	3.02939	1.0283	11.198	3.22709	1.19166	11.4204	6.38452	1.92058	15.1167	4.21276	0.643526	11.387	6.66102	1.36656	22.9224	3.95791	1.34136	12.1297	3.2291	1.14308	7.55974	3.96608	0.853912	12.8345	
1.95185	1.12642	5.37032	2.71722	1.99465	5.56412	8.29782	1.74378	25.3544	6.82953	1.91186	26.2256	4.84431	1.46539	16.4977	3.29425	1.86861	8.47277	7.97432	0.57989	19.2637	5.50789	1.90898	15.0215	5.17257	1.28946	15.3786	7.2101	0.941038	34.7906	2.62983	0.980713	11.1837	5.06859	1.11886	16.9534	1.13665	1.62064	2.76455	7.51617	0.845548	34.9925	6.26426	0.543328	14.6666	3.77601	1.97079	16.5754	4.0608	1.56755	17.4195	4.3725	1.1773	9.80189	8.26482	1.28611	29.6271	5.08819	1.01332	11.4121	8.0675	1.39428	34.851	5.43595	0.552821	13.2981	2.84499	1.84522	7.89506	5.50314	0.912347	11.6274	
6.71386	1.96215	29.1052	5.95998	1.99184	15.3988	2.19305	1.46362	9.37498	7.89068	1.27546	19.2047	8.09787	1.52866	29.0915	6.20538	1.42375	19.6395	5.34171	0.715795	16.1187	3.13332	1.25315	14.3774	8.64378	1.49462	23.2724	5.16677	0.999077	24.7424	6.04153	0.828527	25.049	6.29746	1.00146	26.883	9.74985	0.880525	26.6669	1.32398	0.677831	3.39367	6.81867	1.31254	19.5159	5.25001	1.03737	22.8175	6.38865	0.735665	31.0741	6.1008	1.95687	20.63	1.66454	1.25215	5.49127	6.95675	0.874972	29.8394	5.64	0.802347	19.6217	5.11537	1.70979	19.2778	8.77255	1.58512	26.4758	4.72758	1.41629	21.4562	
5.56295	0.820306	24.3171	5.3722	1.08858	17.6994	1.48535	1.91918	6.94784	9.53271	1.56123	28.2368	5.16962	0.804759	19.6458	4.25929	1.49504	12.3724	7.82597	0.97702	38.2631	3.49622	0.882497	16.6501	5.64151	1.34288	16.2806	7.36718	1.41806	21.8392	5.41885	1.91554	17.6183	3.38909	1.58526	15.976	8.54824	1.40876	20.9909	3.7156	0.609745	17.1107	8.41597	1.91682	23.1613	3.68147	0.757132	16.9545	3.92252	1.35307	11.8613	3.55989	0.878712	9.93673	1.90134	1.42228	9.24359	8.04655	1.80109	28.4001	8.11325	1.44716	27.657	6.44722	1.79165	21.9589	8.71812	1.63725	39.863	2.06389	1.70517	8.09661	
7.20665	1.03087	18.3112	6.61737	0.773372	30.1981	1.31039	1.27635	6.29529	9.17806	1.61738	45.4548	7.85482	1.95694	30.1214	6.37866	1.41145	25.9147	6.71449	1.4778	19.605	3.88983	1.61421	10.7951	8.36054	0.585963	34.3943	6.51033	0.992652	17.9709	6.69072	0.573102	27.6133	6.03809	1.10553	17.2938	10.2934	1.09208	41.5941	2.53453	1.54307	10.6612	8.08688	0.95454	28.9493	5.52165	0.508142	14.1066	6.34799	1.95472	16.5155	6.01679	1.78552	25.26	0.989803	1.28302	3.58174	8.12207	0.661022	30.3455	7.0133	1.89474	23.0103	6.29523	1.00871	12.7691	9.67158	0.615961	30.9478	4.52279	1.99472	15.0358	


# This instance was randomly generated with the following parameters: 
# SIGMA_MIN=0.5
# SIGMA_MAX=2
# CAPACITY_OVER_DEMAND=5