12	24
70.7681	1095.11	115.106
172.946	1044.57	104.118
65.1285	1219.51	128.572
120.619	791.412	53.8919
138.447	787.641	57.0278
60.9413	1159.98	122.033
147.66	960.13	76.8917
113.369	1315.01	144.358
2.03786	1025.38	100.77
159.584	924.724	78.4792
137.95	922.531	77.1161
75.5674	1198.7	124.929
0.510953
14.3883
25.6177
18.0873
30.6619
22.4148
17.969
9.04831
4.40272
3.88327
21.0096
11.4799
26.0935
21.1544
15.1687
3.63919
13.8919
23.4916
34.3884
28.9608
5.10355
33.4624
1.373
8.22996
6.4521	0.659152	23.5959	3.12398	1.61592	8.40888	3.4495	0.870687	8.23282	5.74017	0.787953	16.6528	4.61111	0.513763	9.64814	5.14194	1.47917	25.5544	5.18764	0.822963	20.0064	7.31621	0.759166	20.9569	3.78526	1.73903	16.0419	6.39876	1.66329	29.5239	6.37611	0.595853	13.6995	6.04704	0.659156	16.2793	4.25374	1.56897	10.7329	5.37715	1.72602	23.0408	5.98541	0.628513	28.3688	6.15417	1.46539	24.6345	3.64541	1.50474	15.4201	5.74918	1.15121	20.3497	2.65524	0.915752	6.66939	2.7913	1.60924	7.46725	6.55462	1.56208	27.7631	2.54529	1.13762	7.48171	4.26995	0.613253	14.4239	7.03835	0.553071	29.6712	
4.409	0.619029	18.4283	5.50325	1.89775	20.081	2.58635	1.55578	11.5553	3.78366	1.52344	10.1449	6.14977	0.869897	16.2612	8.52027	1.69119	40.9698	6.37786	1.25916	26.6027	3.25521	0.820562	9.28446	3.54177	1.94863	13.1486	8.1962	0.994139	29.4555	2.77108	1.4257	9.09553	3.28225	1.42122	11.3027	3.66753	1.53596	11.2803	4.24754	1.30599	13.5028	5.99	1.5571	28.8347	1.18325	1.57949	2.96755	2.46493	1.87504	6.81483	0.729455	1.54087	2.08775	8.16266	1.00434	18.5771	5.16872	0.831296	12.7346	0.814815	0.737283	2.34376	8.2915	1.78721	20.7942	5.56367	1.80956	24.9519	3.69181	0.52243	11.1716	
8.02842	0.911626	39.95	6.48728	1.74397	16.3767	6.55342	1.57166	19.0317	9.32451	1.92697	37.8899	7.85734	1.24803	34.4686	3.58022	0.707351	16.7939	8.42464	0.626778	33.4176	9.53196	0.990001	35.3416	6.03338	1.53099	13.5679	5.6146	1.4574	21.9518	8.66267	1.78702	31.178	8.10775	1.36689	40.1273	6.28924	1.06721	15.373	8.94486	0.679716	22.9649	6.63152	1.61704	29.1025	9.52167	0.97512	38.2518	7.03445	1.68696	18.7049	9.04342	1.79912	28.5629	3.98868	1.21752	17.7278	4.31322	0.805143	15.3262	9.8051	1.94988	29.4443	1.09359	1.89292	5.16145	5.10911	1.6159	15.8385	9.022	0.782852	32.8104	
7.16634	1.83998	16.8027	0.823111	1.58634	2.69505	3.14083	1.75712	7.92702	3.44025	1.24898	7.07382	2.28564	1.0489	9.7601	7.47271	1.09369	16.9506	2.83678	0.674779	12.3969	7.34598	1.05071	35.9579	4.49089	0.71923	11.0017	8.41428	1.77248	18.7662	6.45588	1.03783	14.0887	6.40278	1.48275	24.2426	5.0171	0.903845	24.5472	2.97319	0.658514	7.35185	7.39356	1.51615	29.1236	4.68573	1.25348	10.6706	2.5978	1.42263	12.8829	4.48915	0.980553	10.4183	3.42857	1.74182	14.1049	4.44998	0.797535	16.0689	5.29032	1.68962	18.1259	4.9196	0.645305	19.9849	5.87199	1.79893	19.8883	7.32545	1.17374	30.241	
9.73079	1.41484	47.2698	2.0517	0.893839	5.13797	5.79155	1.34278	22.0984	5.06534	0.501244	24.8653	2.16003	1.40486	5.45058	8.9458	1.67721	25.3002	2.54192	1.83155	7.87074	10.0067	0.843623	22.549	7.0035	1.26669	22.325	10.3007	0.845141	28.1039	9.11166	1.15086	42.4696	9.02908	0.909008	40.4496	7.52972	1.1738	25.158	4.40678	0.603858	14.3061	9.70509	1.01676	35.7755	7.07259	1.55446	16.9786	5.24125	1.74881	17.1503	6.98514	0.685395	27.0814	2.57371	1.81968	9.88078	6.56275	1.17322	24.3639	7.7478	1.92949	24.5068	5.41052	0.585301	13.2587	8.05443	1.39796	36.6761	9.96781	1.66392	26.1538	
5.28351	1.36497	25.5329	6.39007	1.4482	30.5547	4.79267	1.81217	10.9418	8.40631	1.98802	29.9996	7.89666	0.508703	36.4423	1.81422	1.76235	3.96772	8.46682	1.14037	32.8443	6.93433	1.62134	24.6251	3.70171	0.862394	15.082	3.23437	1.34403	8.82388	6.1279	0.582988	30.2598	5.50384	1.91195	24.5185	3.80873	1.85725	13.6726	8.21609	0.604263	27.2904	3.82447	1.7608	12.7474	7.82413	1.27543	17.4049	5.57128	0.87042	11.8684	7.26558	0.979542	28.1499	5.34675	0.840702	13.3306	1.99144	1.07886	6.14756	7.92733	0.803334	18.4151	2.77366	1.18547	9.20946	2.33456	1.05552	9.16543	6.35709	1.11257	25.1354	
2.63372	1.37142	6.01252	5.34225	1.69152	11.0667	1.49334	0.764593	7.02937	5.33419	1.81688	25.888	6.53671	1.60272	28.6688	5.79105	0.575401	16.6586	6.96055	1.54419	18.7176	3.01193	0.810983	6.64518	0.834614	1.82143	2.1646	5.51516	1.14636	21.6387	2.07121	1.36006	8.11992	1.84857	1.85108	7.70013	0.950007	0.692809	2.50647	5.49666	1.33213	16.1099	3.5145	1.52468	12.2691	3.65829	1.80691	8.27115	2.41884	1.87801	11.4736	3.05396	0.869409	7.07415	6.88997	0.71291	25.3784	2.57633	1.24439	7.89791	3.55065	0.905544	14.1777	6.14637	0.654262	26.6896	2.82668	1.91022	13.6097	2.81272	1.62811	13.1228	
7.11595	1.37216	14.9577	3.33035	1.93529	7.51012	3.44534	0.637929	8.08665	0.65041	1.45368	3.04509	3.33896	1.74676	15.0456	9.62749	0.986693	30.7416	3.41095	0.883419	15.3146	6.36601	0.580476	23.9766	5.17596	1.02622	21.785	9.95759	0.625979	47.9786	5.72787	1.25168	16.1882	6.05015	1.4471	15.6089	5.57133	1.0226	26.7333	1.10447	1.34914	3.77935	8.20046	1.96554	33.3583	2.19975	0.640819	7.3815	2.46844	1.29156	11.5597	2.44004	1.35877	5.10673	6.68162	0.701021	15.1045	6.15552	1.43547	30.268	2.95091	1.32025	13.0376	7.96435	0.677414	23.436	7.1798	0.79937	30.3948	6.68921	1.60238	23.5197	
1.19275	1.92484	5.49441	8.16201	1.67728	39.1743	4.53381	1.17944	12.8775	8.42945	0.969932	25.367	9.48597	1.67019	39.8152	4.70553	1.50963	16.4522	9.95076	0.564362	44.2074	3.2229	1.54681	6.70603	2.87407	1.828	11.2919	3.36629	1.88993	8.97612	2.8655	0.704706	8.97728	2.16516	0.617257	7.82716	2.36253	0.841962	6.06608	8.6001	0.583422	18.3678	0.898643	1.46463	3.6006	6.46677	1.8232	19.0672	5.50635	1.02736	26.7382	5.87937	1.19646	23.343	8.85009	0.719603	39.5942	3.47865	1.10063	15.0189	6.12897	0.669017	15.1714	7.05637	1.16605	28.2065	2.19904	1.07688	4.86148	2.46801	1.15277	6.99457	
10.6356	1.65243	36.9501	6.41266	0.645677	28.029	8.15113	0.704456	37.2967	9.7108	1.89228	24.6551	7.37111	1.95423	25.9624	6.72913	1.04826	15.8044	7.8526	1.52834	34.4007	11.8413	1.20991	48.7612	8.2359	1.38543	37.7043	8.75026	1.65789	39.5324	10.9155	1.11976	43.6331	10.4804	1.29002	43.3301	8.61839	0.912003	20.7944	9.1656	1.49476	29.7903	9.52915	1.45115	30.0889	10.7407	0.858356	32.5766	8.27417	0.609334	29.6087	10.3891	1.57013	40.1502	2.98722	1.49891	9.42796	6.73729	1.15121	18.9959	11.2048	1.1342	47.1047	3.01999	1.48683	8.65083	7.87447	1.7902	35.7883	11.4546	1.25847	23.4543	
8.64925	1.94693	35.2201	1.80086	1.05324	8.82998	4.89539	1.28009	20.1048	5.13557	0.867325	23.3136	2.75631	1.75972	9.14816	7.62056	0.914542	31.7897	3.28505	0.725136	7.39805	9.11278	1.45304	41.7561	5.907	1.34577	13.6792	8.98523	1.66718	40.6747	8.19197	1.83007	19.7402	8.03264	0.904421	36.7793	6.42562	1.36814	24.9833	4.54709	1.51823	13.9682	8.47789	1.01641	27.8664	6.67583	0.84952	25.5809	4.52852	1.62934	20.18	6.48046	0.980663	29.1266	1.67883	1.29342	5.59862	5.30548	1.35472	26.3006	7.28346	1.49063	33.501	4.17506	1.34644	13.8473	6.79912	1.77072	24.8473	8.99832	1.37675	40.8918	
4.88971	1.54674	11.9487	3.14579	1.07811	13.3755	1.27452	0.905613	2.92854	4.36912	0.967055	13.0724	4.52166	1.57016	15.6487	5.76678	0.885046	14.727	5.02557	0.634958	12.6367	5.35068	1.99133	21.0155	2.17372	1.34193	8.59636	6.33297	1.19822	13.964	4.4177	1.5032	17.8291	4.23062	1.42499	9.00631	2.70141	1.5261	6.95703	4.23515	1.06211	9.80454	5.0864	1.03292	22.9701	4.09525	1.16222	19.8502	1.6167	1.64831	5.89467	3.63553	0.86768	13.9011	4.58267	0.99497	19.8661	2.36763	1.39819	6.62379	4.42228	1.32043	17.602	4.51695	1.2939	11.5841	3.65129	1.10192	10.837	5.19875	0.542735	19.908	


# This instance was randomly generated with the following parameters: 
# SIGMA_MIN=0.5
# SIGMA_MAX=2
# CAPACITY_OVER_DEMAND=3