10	20
127.807	944.209	74.2801
146.449	1124.49	116.731
175.025	645.239	40.9919
111.121	953.951	89.0061
14.6576	801.023	59.4373
134.734	1086.93	107.078
69.3827	1156.29	120.414
25.4242	830.401	67.5174
110.784	1073.05	100.766
68.0005	1194.22	119.721
15.2677
1.70733
20.3525
2.39495
10.082
1.91086
6.15688
16.2041
5.42416
6.4972
16.6934
20.6511
1.19128
11.5131
1.37445
4.01986
1.13675
13.5503
19.9012
3.15963
5.86654	0.843074	28.4979	4.14227	0.765674	9.70967	3.1599	1.82117	10.0666	1.4187	0.665777	5.20278	3.67814	1.94792	9.8413	10.1635	1.71415	33.9933	8.76041	1.31074	31.4301	2.94491	1.22976	9.01118	9.52237	1.60436	44.247	8.4637	1.23982	25.3581	7.24026	1.58411	32.7457	4.11445	1.97915	17.4968	6.48468	0.983941	28.9291	6.65011	0.694551	20.1535	4.73211	1.09119	22.2642	3.72903	1.0541	8.80731	7.86602	1.4384	19.3906	5.68117	1.78291	16.7299	7.43228	0.688843	16.418	1.87243	0.980957	3.9491	
7.21301	0.958421	28.6705	9.84699	0.973929	47.163	8.69878	1.81373	21.6556	6.41406	1.40913	15.5543	4.14219	0.542394	19.8579	2.69325	1.58541	13.2711	7.64555	1.36962	26.6049	4.91802	1.17536	20.6858	6.00133	1.27956	19.2463	6.10312	1.41173	26.1376	2.11872	1.3408	10.4698	8.60443	1.6238	27.7203	1.16921	1.70315	5.43932	6.06865	0.625248	23.3505	7.01627	1.94764	21.2101	9.08599	0.804333	41.4662	7.53441	1.34691	28.6839	7.73544	1.95569	17.9348	3.16566	1.16791	7.89741	6.68312	1.94149	17.5605	
0.907701	1.30635	2.75241	3.45132	1.48923	16.3746	2.97338	1.99365	13.1577	5.76767	0.637414	24.7006	4.28883	0.651313	17.4212	9.40199	1.5294	31.0104	3.946	1.41915	11.8515	6.10205	1.18381	27.5521	5.74265	0.74411	23.2233	4.40927	0.843221	11.0514	8.70047	0.848587	41.4492	1.95304	1.80904	4.24171	7.17946	1.42594	18.2376	2.5148	0.522462	11.1001	9.23874	0.882734	37.5944	2.84691	1.366	12.5338	2.94588	1.00954	6.23504	0.440847	1.07778	1.35016	5.35564	0.916972	26.0881	3.4581	1.2748	8.63924	
4.94307	0.906266	15.5197	2.41528	0.77937	7.83388	1.52833	1.65735	6.21883	3.0283	1.64971	14.3211	4.26467	0.958851	12.4049	10.8773	1.93363	25.2175	7.9968	0.703483	37.6877	4.34991	1.31317	21.4851	9.2238	1.69354	36.7938	8.02527	1.55746	24.8406	8.4616	1.51898	42.2868	2.62414	1.19267	12.3505	7.45698	1.22119	16.0122	6.08679	1.66432	13.4236	6.46143	0.963314	16.0455	2.06654	0.697656	8.47858	7.03021	0.904012	21.2058	4.59471	1.65779	13.124	7.61724	1.43626	31.587	1.74099	0.521085	5.29837	
7.65034	1.85259	16.969	10.4609	1.32472	25.0476	9.32496	1.46605	33.8583	7.11423	1.51884	23.8872	4.80163	1.34128	22.5344	2.003	0.913092	6.47425	7.83105	0.803189	35.1651	5.61485	1.4447	27.2507	5.9773	0.696784	21.0296	6.23247	1.59877	20.5224	2.47609	0.536954	8.63536	9.18513	1.56471	41.1175	1.85008	1.30027	5.04625	6.40676	1.07133	13.4652	7.62469	0.50309	36.5011	9.69674	0.866357	37.5765	7.80612	0.675045	32.1064	8.20013	0.775741	18.0292	3.32896	0.64373	11.8944	7.34437	1.0499	22.7874	
4.3475	0.748993	9.22275	4.44685	1.43257	9.47535	3.2497	1.92768	10.9841	1.90089	0.589082	5.71629	1.66405	0.961685	6.93531	8.27857	0.7483	28.2147	6.96796	0.805957	14.3143	2.23143	1.35311	7.53361	7.47201	1.1336	20.2522	6.47797	1.01735	31.76	5.90651	1.43595	29.279	3.66275	1.09104	10.3993	4.82322	0.629536	16.7962	4.7765	0.964252	20.2401	5.26883	1.96733	15.8348	3.76325	1.53811	13.2329	6.15739	1.72724	22.9269	4.36638	1.11706	16.127	5.33239	1.02115	24.9921	1.01208	1.59332	3.6202	
4.24836	1.68919	10.0032	0.812804	1.75788	3.93773	0.509611	0.738128	2.52703	4.56247	1.12486	18.448	5.08667	1.71038	10.313	11.5009	0.90055	41.9346	7.29889	0.528032	31.0159	5.71747	1.98548	11.7962	8.95045	0.538437	44.004	7.65749	1.53767	26.3711	9.57554	1.38608	40.0303	1.43641	0.925252	3.4698	8.38885	0.592721	26.1458	5.69603	0.81587	24.1154	8.06812	0.561105	30.3682	0.574246	1.49206	1.41249	6.2957	0.567957	12.7853	3.73528	1.99913	12.1938	7.86297	1.05881	16.166	2.66912	0.541584	12.2503	
2.38026	1.56536	11.0873	2.66475	1.70281	11.3348	1.71806	1.89891	7.0476	4.20592	1.59224	16.4502	3.39043	1.82963	16.5726	9.43421	1.71054	26.8969	5.42823	1.25296	18.9845	4.77693	1.64872	19.1884	6.80406	0.935858	31.8769	5.54719	0.515934	17.4038	7.98727	0.736057	20.7059	1.32575	1.34166	5.41958	6.61967	1.03998	32.7972	3.58427	0.731983	12.8712	7.75296	1.58096	19.4039	1.90256	1.67195	8.83318	4.46273	1.62723	11.7003	2.10478	1.10907	8.59131	5.6751	0.876208	24.6118	1.85184	1.74562	7.73602	
4.40305	0.873077	12.6937	6.80399	1.35694	21.7071	5.67762	0.786338	14.6106	4.32124	0.793911	16.2043	1.39169	1.18447	4.12847	5.3457	0.982178	23.7706	5.73374	1.09687	16.6957	3.31227	1.26247	7.39313	5.19216	0.599674	19.1358	4.60438	1.81508	15.4945	4.08786	1.31765	13.862	5.53942	0.883341	11.9894	2.52844	1.50175	7.77255	3.68111	0.529621	13.0882	6.43806	1.90355	22.3015	6.03909	1.85441	19.5845	5.28718	0.77049	19.8475	4.83845	0.877633	22.0946	2.4958	1.35584	8.90835	3.81237	1.68877	11.2901	
6.54395	0.69414	21.0906	9.17901	1.35786	25.4474	8.03722	0.694277	29.734	5.92602	1.34486	12.1413	3.51008	1.83122	14.5119	3.17524	1.98458	15.0268	7.09773	1.13896	31.5761	4.48771	1.34358	18.8351	5.62047	0.944089	18.7731	5.60188	0.535216	17.5201	2.42974	1.95254	8.26645	7.9249	0.590464	24.2858	1.00453	0.941982	4.53584	5.44055	1.8261	21.3563	6.84669	1.58943	17.6036	8.41644	1.31089	22.0222	6.93577	1.16926	28.1678	7.05909	1.38954	25.6902	2.68435	0.531378	10.2899	6.05252	1.131	26.3416	


# This instance was randomly generated with the following parameters: 
# SIGMA_MIN=0.5
# SIGMA_MAX=2
# CAPACITY_OVER_DEMAND=5