8	16
16.5708	1132.73	122.669
51.0386	734.081	45.4932
60.1101	912.66	71.8233
161.219	455.62	17.3486
104.848	1223.04	148.997
93.7896	1006.72	85.3115
101.544	915.357	80.0241
129.505	918.944	70.2615
28.5949
40.0124
31.6223
25.6826
41.631
29.6378
27.9622
12.2019
21.1145
17.0699
29.7748
47.4423
14.3917
38.5072
1.183
21.1235
4.86414	0.65654	18.5693	5.78384	0.595125	18.3646	9.15948	1.59162	19.6181	2.32387	1.90813	5.89364	8.596	1.36062	27.0201	7.42394	1.80755	18.7295	4.75705	0.934264	10.883	2.19066	1.61247	10.4868	5.82824	1.96277	16.5485	3.61135	0.608618	15.1849	4.47016	1.79732	20.5358	4.8165	0.871609	21.2763	1.30381	1.18844	3.48152	7.81036	0.836999	30.3369	3.78267	1.65311	14.7741	6.79518	1.17922	23.1965	
5.61059	0.654874	13.3596	8.1816	1.24038	21.8361	1.26702	1.45157	3.41229	11.5996	0.502104	34.7373	2.10642	1.97176	4.3744	4.27239	1.5768	18.4748	9.72877	1.20677	41.9822	10.2977	1.97341	34.1705	4.66582	1.89376	10.1396	6.84363	1.8081	22.6389	7.87692	1.44347	36.4218	6.48998	0.621546	19.5666	9.1667	0.593131	26.1231	4.44314	0.984413	9.12101	8.91067	1.85631	28.5399	3.63185	1.82988	11.0918	
5.12886	1.66606	12.8646	4.49758	1.49418	19.668	4.48719	1.3782	17.7427	9.399	0.514754	33.6096	5.47428	1.70972	16.2856	2.26137	1.70777	8.36398	10.9477	1.10992	43.2503	8.09364	1.11485	35.1369	4.50536	1.85786	17.1554	6.67231	1.71674	18.9003	9.07198	1.32499	25.1372	7.67214	1.3957	27.8699	8.0041	1.76692	26.1464	7.60465	0.901265	18.8748	9.73417	1.97851	45.7487	4.88242	0.945639	12.2448	
1.54588	1.05969	5.38264	5.6172	0.829931	22.5309	4.64442	1.1378	14.371	6.43605	0.985876	13.8672	3.88899	0.508228	15.6528	4.22363	1.7363	15.1492	4.49228	0.850694	19.8526	5.3362	1.48137	17.234	1.98069	0.774868	8.05118	1.21152	0.708907	5.96292	2.59145	0.702318	10.5588	1.22739	1.72147	5.87075	3.64911	1.44055	16.5787	3.2669	0.788962	15.4353	3.35837	0.748672	11.3565	2.2784	1.83695	5.47766	
3.2998	1.71177	15.4987	7.34062	0.922009	27.1742	3.14142	1.39925	14.3223	8.90168	1.11278	39.0597	1.97222	0.854426	8.4282	4.57176	1.94482	13.4453	5.66527	1.9631	20.729	7.77326	0.784784	29.7101	2.88057	1.19728	7.14511	3.67957	1.94404	7.4028	3.85927	0.984075	18.414	2.59352	1.16442	7.72326	6.11569	1.89392	15.6799	1.0581	0.925347	2.97969	4.93467	1.26132	16.4765	1.8333	1.25162	8.14804	
0.852104	1.69185	3.07091	4.60353	1.01778	11.4264	4.95145	1.6504	10.659	5.62283	1.58177	26.3242	4.42906	1.52726	17.922	3.77828	1.15608	14.2855	5.02644	0.768364	12.2852	4.44322	0.747935	16.0787	1.71802	1.68298	7.073	0.729576	0.663186	1.55001	3.25726	1.38545	6.85669	2.13229	1.34847	9.76562	2.97686	1.98193	9.63995	4.23823	1.31589	15.6181	3.77362	1.58203	9.0858	2.58745	1.33159	10.3171	
5.53242	1.04075	22.1243	8.87932	1.48592	30.2668	8.37509	0.716543	19.8258	6.98247	0.560252	15.7649	7.30595	1.03059	21.5397	8.38134	1.64882	35.7235	0.326556	1.51253	1.59009	6.58048	0.5409	20.6328	6.14657	1.23328	28.8607	4.10983	0.809582	15.3208	1.60589	1.18162	4.14893	3.07585	1.30766	6.17512	4.61141	1.51044	11.3757	5.31755	0.914411	20.2061	1.0554	1.36042	4.5347	6.24402	1.1477	28.785	
5.28238	1.99562	22.5373	6.37101	1.65333	27.0099	9.52822	1.11373	36.5665	2.65249	0.658559	12.8777	8.906	0.952964	25.8129	7.92078	1.71259	26.8009	4.47562	1.53722	14.9518	2.72562	1.76176	13.4894	6.24212	1.13662	28.2499	3.93781	0.798593	16.5661	4.42821	1.75839	14.2514	4.95096	1.20888	20.9621	1.80282	1.98628	5.55569	7.96898	0.882433	21.9563	3.62458	0.804201	16.9418	7.14726	1.57962	24.0538	


# This instance was randomly generated with the following parameters: 
# SIGMA_MIN=0.5
# SIGMA_MAX=2
# CAPACITY_OVER_DEMAND=1.5