10	20
175.617	1188.73	137.193
158.925	492.247	20.3159
148.989	460.863	19.1648
158.45	411.786	14.107
46.4895	1310.95	156.232
152.393	385.019	12.6786
49.1567	856.289	70.6361
114.696	1325.03	153.763
54.5176	1032.53	93.0287
178.923	1110.47	116.462
17.4951
21.8231
8.44404
17.1856
1.16937
1.41099
14.8868
6.09794
14.2396
6.15455
20.8976
15.2325
6.40964
25.3275
15.964
24.3902
11.0546
9.01068
19.0364
8.29682
2.11412	0.831477	4.27178	4.59671	1.05606	14.5153	9.12417	0.746026	34.9341	6.27418	1.50175	30.3091	5.01413	1.85137	17.9047	5.92888	0.730118	17.3083	8.91645	1.64768	24.0377	3.15495	1.35376	14.4315	10.8312	1.30461	52.6597	1.17647	1.0009	3.18236	7.92032	0.847465	36.819	5.37402	0.609213	17.3177	6.12715	0.644023	22.4679	9.29588	0.897642	29.9296	7.63919	0.728653	35.598	8.14683	0.666584	23.8162	9.10951	1.29124	32.1645	6.74339	1.61651	16.2855	9.02156	0.791609	36.326	0.62229	1.67226	1.83635	
4.83966	1.99738	13.7089	7.61196	0.662268	22.8798	7.33331	1.00758	19.6115	6.06332	1.98473	21.843	0.993561	0.908952	2.19261	7.01447	0.886301	28.4536	6.64917	1.84997	15.5936	7.98483	1.60899	34.7197	7.90805	1.86756	21.8654	6.20761	1.47319	15.4412	7.4264	1.29001	30.9247	0.673728	1.46868	2.56832	2.94924	1.26589	13.4767	10.4742	0.936509	39.5808	4.02177	1.78179	18.4867	8.73568	1.00319	37.8757	8.08432	1.96802	18.3999	6.7724	1.12157	23.2122	5.96562	1.66608	17.3363	4.53985	1.55362	16.0104	
7.09957	1.54965	34.1024	4.5835	0.941269	9.83645	6.01733	0.981822	22.3372	4.64179	1.11688	12.9459	9.60597	0.530695	41.6063	3.55017	0.762137	14.1729	6.7905	1.90894	14.4663	7.72304	1.10112	16.6196	8.40097	0.819377	19.544	8.53577	0.904322	20.1166	4.06681	0.745623	14.1996	10.1134	1.40487	41.0644	8.33929	0.937673	17.409	0.688132	1.00737	2.85559	8.79425	0.524931	24.0971	2.18491	0.666301	6.40464	4.72188	0.912944	14.1545	3.97544	1.60441	14.1522	8.0987	0.923093	39.3537	9.25738	1.45006	29.9792	
8.55763	1.92585	42.306	8.66371	1.73465	40.6438	1.60274	1.47461	7.75454	4.70488	1.88429	19.6117	7.16829	1.9428	32.6046	6.11237	1.67165	16.3919	1.57303	1.77595	5.75052	11.458	0.593731	39.1449	1.05013	1.02977	2.67054	10.8685	0.919584	33.6298	3.70914	0.836182	8.77897	7.38492	1.6576	30.1087	5.1542	1.94096	23.8568	6.81975	1.42345	14.3053	4.14461	1.62531	10.2145	5.36382	0.959216	20.3116	2.67936	0.519477	13.3132	4.70762	0.85508	11.3701	2.19357	1.49036	10.6948	10.2581	0.878436	49.2317	
0.521449	1.732	1.41383	2.83199	1.02747	8.01536	6.62381	0.593801	18.316	3.66287	0.525984	12.777	4.23659	1.18815	18.8334	3.36194	1.04393	13.6569	6.53161	1.016	13.5948	3.72421	1.39065	9.11983	8.53663	0.522219	28.8973	2.80104	0.520422	7.22175	5.29539	1.97237	15.7773	4.7461	1.57888	11.5329	4.45257	1.2373	10.321	6.86857	1.54785	17.2964	5.86348	1.2631	20.4923	5.57216	1.55319	12.0777	6.5039	1.51857	24.6522	4.11166	1.27759	17.3251	6.87034	1.70814	33.8205	2.67849	1.12225	9.07365	
4.93989	1.49947	12.4089	5.36253	1.4041	16.1715	2.2291	1.12731	10.9015	1.43949	1.56969	7.08619	4.52103	1.28049	9.64519	3.07656	1.04943	14.2208	2.10058	0.874036	9.83891	7.90091	1.09509	34.5591	4.15202	1.25293	10.8817	7.24901	1.88704	23.6496	1.99427	1.24423	4.90944	4.92482	1.87776	22.3541	2.74742	0.520914	9.73641	5.51969	1.37246	11.843	2.98579	1.07993	12.7272	3.67828	1.24167	9.87609	2.59781	1.93051	5.38319	1.90334	1.24209	8.25986	2.79234	0.577577	13.8957	6.72362	1.9244	20.3227	
5.07877	1.05926	19.317	7.76284	1.32251	24.3234	7.06044	1.66084	24.7824	5.97247	1.70031	29.1648	0.908126	1.37716	1.91662	7.0136	1.25224	31.188	6.34513	1.29015	27.9743	8.29432	0.51336	30.7327	7.53412	0.64681	30.6236	6.55709	0.925741	27.7802	7.27009	0.568743	16.6175	0.404349	0.858917	1.36007	2.67454	0.526887	8.88468	10.4163	0.885619	28.66	3.64237	0.843743	8.42073	8.65126	1.71064	23.649	7.86726	0.774241	32.7137	6.68141	1.05411	24.5762	5.60244	0.814188	24.5821	4.92333	1.86502	20.3598	
6.717	0.946712	30.4028	6.54232	0.819722	17.1023	0.542549	1.2098	2.1622	2.64998	1.791	6.47027	6.26908	1.55508	18.9124	3.97772	0.523203	17.4523	1.28088	1.55471	5.01641	9.42384	1.3242	37.222	3.00891	1.36191	9.99223	8.99607	1.54095	44.7807	1.60071	1.60469	5.02979	6.61539	0.900142	23.0491	4.32863	1.62499	10.4609	5.04756	0.693642	13.2087	3.95253	1.31314	10.0082	3.3932	0.53495	13.7794	1.0115	1.17	3.92977	2.575	1.7175	6.28599	2.65576	0.904956	8.14609	8.60001	1.60549	21.7439	
8.88175	1.08127	38.6107	9.41853	0.641552	37.9521	2.62745	1.52967	7.9027	5.41229	1.56735	15.1937	6.79307	0.62444	32.4242	6.95715	0.824772	29.1555	2.081	1.24179	9.63983	11.9913	1.435	34.5272	0.423067	0.931759	1.44756	11.1871	1.45704	53.2678	4.74741	1.26584	16.4464	6.9159	0.715332	16.1791	4.8623	0.723508	21.6044	8.08615	1.43716	17.045	3.56569	1.68489	10.5228	6.52778	0.583805	24.167	3.90352	0.743192	14.2819	5.57181	1.78906	18.357	1.68866	0.577673	3.77058	10.3665	1.59946	26.2772	
4.77924	0.624628	17.2886	1.93623	1.73384	9.10677	6.59317	0.777167	23.0459	3.99101	0.957186	9.82352	8.10931	1.05779	21.1765	2.36294	0.619274	6.61498	7.09972	1.43359	29.5422	5.02143	1.83602	18.349	9.05269	1.62925	39.4155	5.90912	1.99991	21.719	4.46333	1.25654	11.4958	8.64123	1.62157	21.389	7.34366	1.79588	22.9297	3.1908	1.75438	13.5052	8.22737	1.80646	16.9409	3.11214	0.516748	10.7885	5.61445	1.41463	12.7893	3.6198	0.699395	10.2278	8.15845	0.665157	26.8339	6.82506	0.588224	20.8743	


# This instance was randomly generated with the following parameters: 
# SIGMA_MIN=0.5
# SIGMA_MAX=2
# CAPACITY_OVER_DEMAND=3