6	12
79.9367	1014.9	99.2387
1.57356	790.019	61.7183
2.36202	1257.49	153.178
8.09877	658.569	42.3847
39.8662	1241.69	141.566
5.83031	969.214	79.738
10.6824
18.6818
3.49117
11.7007
9.2334
5.24117
9.77029
18.5744
13.0084
1.12845
6.0675
7.98523
8.75806	0.447251	34.4739	3.20741	0.850752	12.954	1.19774	0.896887	5.23117	9.2398	0.546061	21.0996	7.78534	0.896494	18.0148	2.7542	0.436927	7.33782	8.36136	0.287946	23.3878	2.23253	0.706838	8.68894	4.11177	0.625383	10.0209	4.19714	0.676513	8.57992	5.76758	0.410415	20.4281	9.21591	0.886831	45.0984	
6.44603	0.989351	31.538	3.14813	0.454297	12.7635	4.78565	0.912832	23.7247	5.59973	0.173538	17.5477	4.70378	0.912866	12.5459	1.17801	0.64055	3.30531	4.85093	0.146505	23.5725	3.47922	0.241571	7.82138	0.325332	0.969657	0.771174	5.01698	0.968545	13.7241	6.52431	0.15078	13.3082	5.31902	0.301949	26.2518	
8.47134	0.368723	33.6682	4.00012	0.903799	18.4054	7.61722	0.991069	17.1708	5.86442	0.574258	24.6634	6.24057	0.764091	24.3155	3.99063	0.339713	9.96442	5.62083	0.460362	17.1487	6.71095	0.291343	31.0955	3.37634	0.444368	16.5642	5.24759	0.524693	12.7568	9.78202	0.221056	22.0031	3.94174	0.248345	13.952	
5.46143	0.436013	18.744	4.92274	0.252662	23.7508	6.72201	0.11765	29.5154	3.62758	0.678298	15.1865	3.30015	0.766899	14.9643	3.24221	0.920537	7.62805	3.015	0.316595	11.8639	5.09416	0.847344	13.0669	1.81764	0.953758	5.31179	6.71526	0.283169	16.1147	7.34295	0.565104	35.7874	3.38785	0.293614	10.6388	
0.563555	0.883916	1.92193	9.80858	0.491336	27.7236	8.85283	0.45066	43.759	4.6946	0.570838	9.72112	2.84633	0.452806	12.8225	7.43412	0.376939	31.4787	4.03654	0.632472	17.9218	6.74111	0.406184	18.0781	6.45847	0.666939	30.648	11.6656	0.565934	28.7477	5.42307	0.334334	12.1159	7.31895	0.322148	27.3816	
5.0181	0.983243	16.9831	5.70724	0.104834	28.1726	3.81882	0.994023	13.1689	6.66259	0.760313	15.2658	4.66287	0.914733	21.8973	3.46081	0.971401	9.29528	5.67153	0.541041	12.1631	1.71237	0.84883	7.28771	3.47961	0.670474	9.2839	7.38239	0.708522	33.9097	2.92926	0.354054	10.1208	7.77817	0.104283	15.8564	


# This instance was randomly generated with the following parameters: 
# SIGMA_MIN=0.1
# SIGMA_MAX=1
# CAPACITY_OVER_DEMAND=5