11	22
47.7903	702.206	43.614
135.809	1221.62	138.997
140.039	990.901	96.0906
126.629	710.048	48.11
100.346	965.197	88.3159
52.9533	921.221	74.2785
47.9856	384.333	13.1115
111.929	907.275	77.1206
111.163	1083.85	97.635
94.1258	907.659	74.8708
108.725	658.249	43.303
11.5684
30.2281
6.57709
2.26619
26.7667
16.9574
33.6686
17.5126
29.55
9.90159
5.45576
25.0373
1.95776
17.9854
16.1203
23.9198
15.5111
13.7752
26.0512
11.1203
33.4815
22.3112
5.05458	3.12277	17.6278	2.13573	3.1999	9.16741	1.88089	1.16441	7.70438	2.33286	3.94587	7.01136	5.9782	1.13873	29.045	4.35572	2.49687	14.2582	3.7212	1.59851	12.0155	6.70231	2.45507	13.9379	6.01804	1.9361	16.1059	0.504367	1.86809	2.03741	3.8784	3.15258	10.8478	3.21495	2.17111	14.7024	1.8884	3.06823	4.38704	4.41543	1.1163	12.5874	8.41216	3.66478	28.1145	2.33387	3.98073	10.4526	1.98965	1.20808	4.62318	8.16963	2.86779	29.3068	3.27425	1.18728	13.7521	2.9768	2.9234	12.6379	6.95111	1.33337	25.1116	6.44432	3.99997	28.2376	
4.80104	3.63603	14.9098	7.43565	1.31644	16.4202	7.22863	1.38498	18.9345	4.05017	3.7461	20.0366	8.11003	2.14494	19.0979	4.69121	3.01393	16.253	3.52394	1.17805	10.3559	6.7037	2.9134	17.6566	5.70264	1.27251	26.9671	6.65534	3.30505	29.6931	8.05414	3.82084	22.7195	3.58451	1.38508	15.6509	6.43335	2.05142	19.2711	3.35641	1.92813	14.1813	2.71539	3.54961	10.1473	4.23197	2.4358	18.1062	7.30246	3.39324	16.4823	2.58996	3.57889	8.72764	4.03067	1.18924	9.91933	8.55244	2.90714	35.5893	1.40994	2.8733	3.22525	2.52746	3.79677	10.9405	
3.19596	2.6731	11.03	4.43171	3.12001	18.6602	4.18724	2.96969	12.624	3.53411	3.82909	10.9368	3.65268	2.82986	16.898	6.07353	1.17542	22.2752	4.99762	2.26759	18.9523	4.48372	2.62701	17.8662	3.94665	1.57212	13.3684	2.40351	2.41386	9.71005	6.22254	1.8551	18.4092	4.42983	2.00513	12.1669	4.20969	2.37919	9.39121	3.26089	1.07272	9.81816	8.73704	1.15798	37.0469	3.72683	2.68091	8.33282	1.51156	1.33125	5.85396	8.54789	3.4397	34.3676	2.17188	3.76548	4.84313	2.63429	1.05101	12.084	6.44067	1.36202	25.3641	5.44941	1.56739	15.9726	
2.0014	3.62808	5.60887	8.67548	3.29797	20.0685	8.42148	1.42885	40.7569	6.67141	1.82613	27.1093	2.3418	3.67886	9.50298	9.13084	3.91365	44.0165	7.73056	3.91661	33.6186	0.163811	2.27906	0.574338	0.932454	1.25014	3.37714	6.69426	2.54365	31.1987	10.3591	3.10075	23.8262	7.25901	2.70757	28.1913	8.2627	1.62875	29.0463	3.57124	2.37904	14.1936	9.22144	1.56595	20.9172	6.96249	1.16735	34.0173	5.63596	2.43501	16.3399	9.1582	1.0309	19.5691	3.88944	1.03178	16.1681	6.34507	2.78075	29.5738	5.99448	2.38258	18.83	4.43066	3.69391	12.3536	
1.47233	3.76502	3.29781	5.82827	1.82376	24.2131	5.57128	2.40144	21.735	3.90671	3.02716	11.8792	3.15617	1.68799	10.4703	6.46036	2.04191	20.0677	5.14395	1.58261	22.0366	3.04621	1.67705	11.3096	2.32437	2.21595	11.215	3.90891	1.36202	13.2523	7.47472	2.71698	32.82	4.61807	3.17102	14.5982	5.37503	1.26411	10.7521	1.89769	2.85399	4.45707	7.89028	3.89857	23.3851	4.18105	2.83054	10.3315	3.22958	3.85642	14.3546	7.74524	1.80585	36.6722	1.30803	3.04614	2.69182	4.27484	3.88712	12.5264	5.17617	3.94198	16.3461	3.96346	3.53412	10.9862	
6.68339	1.94079	15.3102	1.33862	1.84013	6.25864	1.2555	2.87492	6.17598	3.83582	1.47572	18.4399	7.00064	2.5278	16.971	5.19458	3.12747	12.0482	4.99378	1.42035	12.8018	8.13698	3.19634	25.6917	7.56208	2.97783	17.6522	1.38518	3.16245	4.32678	3.15715	1.43472	6.92764	4.58335	3.24444	13.1279	2.05189	2.05826	9.29597	6.17341	3.42986	19.377	9.92848	2.87833	33.4852	3.73408	1.83376	16.7728	2.53733	2.44658	6.02628	9.67031	3.40811	34.2794	5.01466	1.47555	21.177	2.78951	2.69657	8.53769	8.69571	2.78773	30.7971	8.22004	2.63597	24.9332	
7.43892	2.22362	26.2683	1.05579	2.83883	3.60055	1.12727	3.81202	2.80685	3.13325	1.18023	8.63267	8.65516	3.18197	17.4233	3.23586	2.01732	15.5596	3.61072	1.0242	11.7715	9.26186	1.43703	38.5089	8.49143	2.43695	35.8702	2.76104	3.85157	8.55501	1.26727	1.1257	3.93182	3.43573	3.87428	16.6472	0.842156	1.38172	2.67246	6.44818	1.00053	23.2926	8.60747	3.48937	42.7371	2.87457	2.24912	11.4057	4.45614	3.51429	18.9199	8.32589	2.26426	25.3129	5.47763	3.29301	13.8742	5.05971	2.96207	18.2354	8.16332	2.72784	34.0395	8.12726	2.0176	24.5161	
8.01651	2.23249	33.507	1.27759	2.36558	6.05589	1.4468	2.72381	6.87894	3.70814	1.02687	15.9099	9.14905	2.98284	41.4053	3.55685	3.22117	13.8562	4.09264	2.6001	9.73737	9.82052	1.33511	31.1954	9.06215	1.10262	38.8469	3.21197	3.55142	8.72963	0.69792	2.31779	2.64421	3.96141	1.53317	18.6051	1.4166	2.354	3.12063	7.03627	1.19549	19.404	9.04241	2.09411	31.8112	3.443	1.06947	12.317	4.86903	2.70317	20.0002	8.75752	2.61206	38.9906	6.06113	1.62212	20.79	5.36714	1.61082	16.9375	8.71464	2.37571	18.0745	8.70706	2.601	38.8508	
4.62684	2.41767	18.0533	4.67323	1.21311	20.8784	4.47026	3.59374	21.2368	1.31722	1.07192	3.92299	7.30678	3.51545	28.3589	2.61791	2.60682	12.0591	1.16985	2.74263	4.60546	6.74514	3.4793	15.89	5.75857	2.18836	14.496	4.09701	3.79625	11.2374	5.37274	3.40179	24.8392	0.912091	2.25834	3.92149	3.66913	1.81799	16.6701	3.12131	3.77407	12.2384	4.81961	3.19817	13.7912	1.47029	3.52109	3.15306	5.10952	3.34488	14.4285	4.57742	2.11344	22.3104	2.86341	3.77616	10.5815	6.32351	2.5136	25.1121	3.89383	3.86578	19.0744	4.09133	1.59196	15.9629	
3.38284	2.57724	16.5424	3.81735	2.82209	15.9133	3.55863	3.34509	11.255	1.84955	3.31607	4.37198	5.09152	3.17548	19.7311	4.43081	1.42704	16.9064	3.28007	2.14785	6.74248	5.24474	3.90026	25.5843	4.4369	2.70836	12.8387	2.21327	1.32211	7.25331	5.3252	1.12043	11.9588	2.71398	3.18842	9.80205	3.21832	1.37871	9.00313	2.60092	3.11306	10.5341	7.19456	1.75375	34.0631	2.07951	1.44015	5.44865	2.61628	1.5188	6.94553	6.98469	2.49443	26.9572	1.47809	3.6223	6.88868	3.86426	2.16339	18.5752	5.29331	1.90612	15.7076	4.65397	3.22652	13.8628	
5.19276	2.35286	20.924	2.90396	3.91	9.45237	2.6989	3.44548	6.0438	0.529193	1.74507	1.37215	7.15722	2.27598	26.6972	2.42887	3.65642	7.47021	1.62606	1.35647	6.30429	7.19756	3.38442	34.0089	6.31207	3.91221	16.6974	2.57441	3.42428	9.56613	3.79553	3.0364	14.0134	1.14921	3.41974	3.41813	1.91862	2.81978	8.40766	3.98386	1.24129	13.0741	6.48663	2.56964	29.2376	0.30157	1.57612	1.17126	3.94919	3.7504	9.13046	6.2274	3.45925	17.1783	3.19081	1.27422	15.5585	5.04825	3.08549	11.5619	5.59231	1.38673	20.6915	5.53022	3.48777	16.4156	


# This instance was randomly generated with the following parameters: 
# SIGMA_MIN=1
# SIGMA_MAX=4
# CAPACITY_OVER_DEMAND=2