10	20
103.119	1039.97	107.412
57.5419	1219.59	139.232
15.4787	1148.82	127.069
65.9921	836.988	59.7732
131.88	402.054	14.4075
25.9485	508.216	22.0865
75.4878	835.224	62.0378
25.1083	677.404	43.3406
155.989	807.619	64.6628
86.3803	1216.36	139.243
6.04349
4.68182
0.442333
7.3064
3.52979
0.688942
3.90714
4.11435
2.46716
4.16629
8.35598
2.14336
5.09521
3.56382
3.41195
4.95798
4.25153
3.22815
2.76351
2.80711
3.49178	2.68235	16.4054	4.63063	2.45208	11.716	3.73449	2.77415	9.49897	4.88243	2.21471	15.8967	1.01534	1.02479	3.01665	4.48516	3.95378	14.2234	3.76903	2.79734	7.79597	6.06989	3.36668	28.0055	2.47865	3.47641	8.38403	3.7288	3.47291	9.1913	2.89124	1.97402	7.05958	4.76366	1.67071	10.949	4.3105	3.05344	19.7705	4.45654	1.7029	14.8737	5.48002	2.44944	26.2241	2.44128	1.5102	8.56814	5.27946	2.52875	16.6155	2.52558	1.05255	8.48809	5.2133	2.85848	21.3459	4.09234	3.34326	14.2012	
6.08146	2.86466	19.5269	8.19173	1.78952	23.7696	6.01813	2.8724	26.3346	6.49514	1.26042	26.1879	3.27699	2.05894	7.38233	8.67427	3.3711	32.5671	6.63434	3.21079	32.3864	7.37446	3.71913	31.4561	4.25104	2.61494	9.64488	1.99927	1.0861	5.55479	6.28838	3.60439	17.0296	7.29594	3.07866	24.1761	6.1617	1.40602	29.991	0.536914	1.82427	1.63369	2.9467	1.31543	6.98244	4.46756	2.02132	16.2224	4.38838	3.8417	10.0129	2.38854	2.33035	8.14306	9.04643	3.35484	38.5346	0.389788	2.85621	1.04059	
3.71362	3.18052	8.56231	3.69327	1.10553	8.05716	3.44315	1.02895	13.0321	5.29014	2.44532	19.1356	2.05662	1.87942	8.44717	3.3642	1.9584	8.85818	3.81936	2.09838	14.0037	6.47474	1.94735	29.4432	2.73863	2.06757	5.70808	4.83228	1.77581	10.0866	2.7821	1.33846	8.78615	4.84919	3.42505	13.1524	4.70239	1.06687	18.0491	5.56835	3.01826	20.4892	6.56538	1.76856	23.3905	3.11432	1.44981	8.97067	6.20559	1.48194	14.5618	3.41171	3.3638	15.0455	4.56745	2.93593	21.229	5.15856	1.14217	22.4916	
3.32951	3.42524	10.6137	9.12931	2.31807	45.019	8.07463	1.52727	17.7991	2.76934	2.98844	8.00529	4.35261	1.53038	12.1292	8.36581	3.40532	36.378	3.90856	2.60034	11.6599	3.34495	1.00059	9.53956	6.42114	3.29803	14.3512	2.18138	3.62361	10.0882	4.28073	3.64742	21.3236	4.05079	3.66598	16.2332	2.71761	3.38892	6.69089	3.81236	1.7793	13.9897	2.30676	2.46753	7.07955	2.46714	2.00373	5.55839	0.779456	2.76883	1.83268	5.04372	2.07746	20.4476	6.88509	1.29943	18.5061	4.43609	2.9337	15.3454	
1.66035	3.18677	6.14979	8.17521	1.53924	23.7607	8.54543	3.16957	30.9064	1.72517	3.20926	4.16265	5.73204	2.3585	13.4776	6.28471	1.80353	29.6047	1.30435	3.78714	6.2637	2.24325	3.34337	5.57337	7.54453	3.93633	36.3631	5.87292	3.00065	20.8676	2.32571	3.86214	7.91368	0.361316	1.7169	0.764111	1.65877	3.98375	6.24992	7.51008	2.8334	17.4338	6.65866	1.93998	29.0744	3.24664	3.93339	15.1681	4.92596	3.04725	19.8651	7.18579	2.77007	33.4872	3.15563	1.95662	8.91114	7.75851	3.68557	20.9798	
1.96746	3.65161	4.92488	8.09052	2.51513	23.1789	7.37929	2.23687	21.4343	1.84299	1.96837	8.54331	3.77564	1.41743	18.6719	7.10792	3.87305	19.7545	2.55709	1.91387	9.92884	2.80999	2.68262	13.4258	5.87916	3.55941	14.1225	2.74134	3.69555	8.54067	2.91581	1.30297	9.54799	2.84004	1.15063	13.1558	1.5602	2.60702	3.43614	4.42507	2.3126	11.0338	3.52182	2.42671	14.1041	1.29357	2.93889	3.11608	2.11498	1.3439	6.1948	4.84222	2.78309	17.609	5.51799	1.94888	17.4551	4.8231	2.58379	13.4184	
6.78687	3.4879	13.8382	2.52256	2.88277	8.70372	0.391915	2.50197	1.19904	8.30041	3.94077	36.2549	3.55004	2.95342	11.8963	4.37196	1.73733	18.6902	6.9205	1.59887	25.0723	9.49167	3.40678	19.9786	1.77619	3.19606	8.55787	6.53846	2.04662	30.6899	5.88092	1.79876	28.441	7.95029	2.6996	20.7491	7.71755	3.51353	19.0915	6.47281	2.58916	23.1731	8.29207	2.75545	38.1442	5.91026	1.37148	14.6591	8.56514	3.75462	29.5721	3.64357	1.78388	11.4317	7.24528	2.72974	20.5876	5.69679	3.95038	19.0979	
4.52918	1.1175	20.1896	2.59723	3.38965	5.81679	3.51428	1.80175	11.9582	6.19158	1.99462	13.4254	3.50988	1.17785	7.80335	1.89159	2.46306	7.77014	4.44284	1.60265	12.561	7.32973	2.03407	14.975	3.57306	2.23604	10.4535	6.32591	3.68712	17.9904	3.37216	2.90553	10.6943	5.42628	2.84182	12.9758	5.61639	1.95215	17.0224	7.04609	3.88971	17.9305	8.04638	3.05601	16.1765	4.36167	3.77257	10.0011	7.56459	3.07022	27.8853	4.71574	3.81467	17.1761	4.13918	1.36796	9.01092	6.58824	2.27754	28.6272	
5.18711	2.80373	18.3362	5.19626	3.99101	20.4463	7.17031	3.96446	28.2257	6.5546	1.81326	28.3258	6.75773	1.40865	22.3273	2.62015	3.33619	10.7781	4.69431	1.81306	15.7089	7.33358	1.29054	28.3178	7.32024	2.03344	16.4084	8.8743	2.25968	25.1852	4.15911	1.70458	8.95555	5.17237	1.68967	15.5785	6.15751	2.14535	21.15	10.043	3.74532	27.5828	10.3319	1.73877	27.6974	6.13313	3.02863	17.7237	9.17639	2.28898	29.6987	8.20343	2.58849	35.3251	1.98484	2.03712	5.6991	9.80712	2.48223	19.858	
5.3662	1.91952	21.1857	1.76723	3.23807	5.80618	3.15056	2.2539	10.3979	7.02885	3.01501	33.4843	4.01648	2.67581	18.2022	1.66727	1.48582	3.34328	5.27124	1.72107	22.4712	8.1659	2.83663	38.1617	3.63218	3.90679	11.7639	6.96466	2.10874	29.3246	4.20402	3.23996	17.5743	6.24588	3.10202	28.9913	6.45354	1.36198	26.8441	7.54768	1.19006	35.9743	8.71303	3.08859	36.6114	5.15897	2.6006	21.2204	8.33276	2.15373	37.1909	5.03921	3.42603	10.6216	4.72427	1.63113	12.3638	7.01246	2.5596	32.0409	


# This instance was randomly generated with the following parameters: 
# SIGMA_MIN=1
# SIGMA_MAX=4
# CAPACITY_OVER_DEMAND=10