12	24
63.6469	1162.31	130.98
93.7376	1065.61	94.4748
167.089	932.764	76.4849
71.9798	1327.57	151.287
0.916607	878.897	68.1572
118.512	678.556	45.5231
97.5805	1176.21	126.39
109.617	827.78	61.259
3.27587	778.139	53.1548
69.2153	953.082	77.691
124.811	977.491	80.6757
155.499	951.794	82.4166
17.5969
10.3672
13.0783
22.0005
8.80723
23.128
21.6973
2.59753
16.2309
7.88079
11.9385
13.5108
22.0748
17.3041
9.3794
15.0146
18.3286
9.32957
24.7666
10.539
24.5089
6.03967
9.13678
14.242
5.68848	3.26332	18.1399	4.34727	2.56863	20.6473	8.94132	3.76352	39.321	5.15145	2.93827	15.3693	2.26481	1.24566	6.00339	7.32942	2.52664	27.7705	5.54116	1.33913	17.4134	2.55692	2.22558	8.40578	2.85913	1.49258	6.55854	7.88767	3.42554	33.4509	10.1947	3.08831	45.2583	5.81321	2.16081	28.7019	7.98425	1.93022	17.098	3.30701	3.69761	13.6307	6.71599	1.14332	20.5341	5.93024	3.73388	23.9303	6.17243	2.95666	16.7159	6.63639	3.85726	24.0278	6.91711	3.21941	26.2954	5.81856	2.71035	18.9553	2.15349	1.28561	8.99858	0.505289	2.53605	1.67701	3.22987	1.67643	12.4613	6.29085	2.46946	27.0481	
4.06049	3.40435	12.8565	5.2121	2.91995	22.8248	2.13169	3.08915	10.4158	6.01037	1.71451	26.9793	6.70666	1.00612	13.6393	7.61923	3.20916	25.2636	8.12742	3.16684	16.7767	8.80501	3.45592	34.3807	6.4021	2.47909	21.7571	3.41582	3.76092	12.3062	3.38152	3.36502	7.36827	6.81337	3.39388	26.7361	5.3443	1.47857	19.6795	6.32011	3.77303	16.0728	3.29538	2.62318	15.0918	7.89031	2.65239	22.549	3.42528	2.4264	14.5272	2.32621	1.04441	10.672	2.14121	2.30779	6.1869	4.04986	2.72506	16.4093	7.06818	1.62742	34.9006	8.80261	2.90658	42.4102	7.01945	1.35602	29.8545	4.14664	2.42775	18.7733	
2.92681	1.89237	10.55	2.80301	1.23381	9.54479	2.44581	1.3667	5.13209	3.74728	3.02229	14.7837	4.44497	3.61258	19.0091	7.13978	1.78219	30.7086	7.03637	2.61389	26.157	6.94803	1.65521	22.7916	4.40497	2.94277	14.7347	2.33701	2.90291	4.78864	5.0228	3.72809	10.7717	4.68311	3.80424	16.3875	5.45372	2.70173	17.4975	3.91459	2.39318	11.6423	1.35513	2.86883	2.8646	6.93618	1.74429	24.7768	1.14925	1.4315	4.91055	0.699222	3.80702	3.16375	0.288739	3.37099	1.01798	1.77029	2.92037	6.57609	4.71821	3.36796	23.563	6.50044	1.97092	24.33	5.28042	2.99576	21.3814	3.46191	3.59286	10.0294	
6.01828	2.01097	18.2765	3.41122	3.05097	13.8217	2.93199	1.84473	12.9725	2.62271	1.83234	8.21792	5.70756	2.26374	15.4822	10.2542	1.66729	39.3735	9.80569	2.14579	38.9584	8.83537	3.87216	41.4089	6.37251	2.09805	14.965	1.33637	2.94832	5.16264	7.99887	3.74431	37.287	2.72	3.95103	9.54649	8.74399	2.06628	39.2288	4.31738	1.51981	11.0894	1.9696	1.84247	8.29765	9.80832	2.97869	43.5487	2.45057	1.65811	7.48893	3.99686	1.94108	17.7549	3.49929	2.92745	14.0925	2.24686	2.61273	4.55421	5.48996	1.40694	25.9696	7.23047	2.48786	33.5201	7.53238	1.20416	28.0372	6.66829	1.517	26.7301	
4.49393	2.23374	20.8711	5.41765	3.8525	14.2761	1.87442	2.41918	8.36923	6.10333	3.23118	26.8083	7.01772	3.39701	26.1264	8.0742	2.41832	38.4407	8.57794	2.85499	28.13	9.20152	3.83469	18.4482	6.77085	1.92144	30.028	3.30464	2.1616	14.4182	3.66459	3.02693	12.1687	6.84943	1.09519	31.3769	5.78651	1.15072	21.3392	6.54597	2.43339	22.0812	3.36077	3.24281	8.73827	8.34411	1.1419	18.7562	3.56747	3.88454	14.1383	2.65422	1.21745	5.86497	2.38966	1.4174	7.61964	4.17675	3.98109	12.6419	7.34376	1.50457	16.6307	9.10253	3.51576	27.2981	7.4248	1.0891	31.4925	4.59893	2.75419	10.0567	
1.55215	3.69005	6.25138	5.32589	2.22995	15.1977	5.91188	2.9837	29.0991	6.89892	3.52761	28.8627	5.17053	1.13765	13.9306	3.35155	1.18886	12.4831	4.02543	2.59875	18.6501	5.67646	2.73117	17.6001	4.10991	2.84733	8.67596	6.31626	2.56034	20.9009	3.49171	1.07479	17.3995	8.00549	3.63475	29.3667	1.51664	3.17929	3.14818	5.88557	3.3393	22.8747	5.29332	3.8212	14.3663	3.70894	1.75894	16.4123	4.86448	1.08774	19.0256	3.29853	3.01174	14.6413	3.85512	2.53837	16.4535	5.29666	1.55398	26.3556	5.89202	1.63568	26.6238	7.03122	2.84005	25.1194	3.95807	3.64474	12.7886	0.756744	3.95964	1.62414	
4.7011	1.15607	16.2326	7.28742	1.48182	21.7381	9.89957	3.4249	24.0231	8.88948	1.28058	38.5815	5.59425	2.78265	24.4719	2.05486	1.388	6.82746	0.536498	3.57534	1.19813	3.39508	1.40928	7.75402	4.36253	2.3931	20.7967	9.79693	2.38323	36.0651	7.67303	1.78514	36.3004	9.95252	2.3262	39.5118	4.24013	2.53339	20.786	7.09828	1.47747	20.6292	8.54324	2.97808	22.9049	0.762039	1.28207	1.5895	7.95861	1.49385	26.2952	6.99101	2.15395	32.5486	7.55939	1.77673	21.5513	8.09786	3.05527	16.2417	6.33312	3.24001	23.6411	6.2521	2.52998	12.9432	3.16464	2.60646	12.2846	4.46908	1.50109	17.1897	
6.13951	3.77272	25.0273	8.55745	3.4943	33.1036	5.43569	1.4661	19.6961	9.54068	1.42337	20.805	9.60843	2.24606	23.1058	7.99934	3.51931	21.222	9.27239	1.18256	38.0981	10.949	1.29444	28.6771	8.94292	3.57085	28.5553	6.93365	2.82312	26.6593	1.97831	1.93646	8.33357	10.3845	1.34138	42.5937	5.46897	1.35885	13.9307	9.58188	2.08356	26.504	6.86371	3.42579	23.8942	8.8817	1.40935	32.647	6.92838	1.06834	19.1794	5.4847	3.4538	17.6563	5.53341	1.2559	16.4963	7.56042	2.62576	23.0417	10.1277	3.81159	36.0575	11.6966	1.60233	34.2566	9.16026	3.62002	21.0725	5.7399	2.73738	22.5418	
4.62457	3.00678	13.7343	3.06244	1.87615	8.83703	7.62869	3.40307	21.7439	4.03361	2.22381	13.3593	0.981375	3.37975	1.99859	6.92471	2.36891	34.3972	5.36532	2.14516	22.402	2.88818	3.29482	10.2837	1.92544	3.157	7.45668	6.59766	1.37352	30.8808	9.0996	3.68133	23.6504	4.83062	2.29999	11.6187	7.18405	2.52645	15.1045	2.09361	3.17307	6.81388	5.41037	2.03682	19.5618	5.67245	3.0239	22.011	4.86162	1.75804	14.8026	5.35971	3.22169	23.2029	5.61913	1.82877	20.8134	4.52177	3.11669	16.6629	0.916954	1.79658	2.97101	1.12634	2.20076	3.74125	2.73765	1.9237	11.9545	5.2984	3.7523	17.8722	
5.03625	2.03043	15.8223	4.26241	1.92979	9.19351	0.467116	2.54709	1.77115	4.42385	2.52844	9.20664	6.3315	3.05402	27.8869	9.14938	3.95875	27.1931	9.19487	2.88734	27.5382	9.06566	2.36943	26.609	6.50233	3.78097	14.0522	1.19327	3.03139	2.55386	5.7354	3.43119	12.0642	4.96372	1.29365	19.1066	7.19105	1.9878	25.9906	5.41056	1.14823	17.4856	1.85851	2.25561	7.23394	9.07074	1.7115	41.8039	2.36969	1.75448	6.83945	2.73292	1.07027	12.355	2.16235	1.03673	7.50901	2.79483	1.67334	11.7398	6.42946	2.50839	18.8545	8.26102	2.71855	23.7909	7.44267	2.98676	30.6709	5.45818	2.96093	21.8206	
2.18775	2.36395	5.9635	4.08329	2.59074	9.94177	3.25106	3.95067	14.4703	5.29869	3.36034	23.8659	5.11172	2.45933	17.3965	5.99069	3.30548	15.2201	6.30335	3.49767	17.6773	6.96063	2.98021	15.8085	4.62958	1.59207	13.4124	3.79786	1.48944	7.9626	3.4436	3.94101	10.5904	6.29302	2.37589	14.8625	3.98794	3.23317	19.4095	5.05395	3.61254	10.7928	3.00698	1.59782	11.891	6.09743	1.59957	13.2429	2.78116	1.13127	6.1215	1.06171	3.66099	3.9065	1.42106	1.80642	6.95958	3.37023	1.19377	10.2355	5.59172	1.09683	14.7443	7.21628	2.34496	15.0582	5.16353	2.19565	15.0768	2.35893	2.80721	11.3073	
2.58783	3.13727	10.6864	5.07956	1.33533	13.3041	7.72446	2.30103	23.1824	6.71291	3.15649	32.8404	3.67584	2.36206	12.0139	2.79796	2.94957	13.4525	1.73834	3.17306	6.52112	2.85486	3.96673	11.3165	2.36773	1.59221	5.2492	7.53576	1.38892	23.8211	6.39929	3.59093	14.2593	7.80232	2.77614	23.4881	3.47444	2.02654	12.4242	5.0345	3.23819	15.5116	6.27416	1.5457	30.8031	1.78929	1.35142	4.51323	5.68627	2.29308	26.693	4.80494	2.4131	13.3054	5.35876	3.50747	19.7426	5.82591	3.72905	19.2689	4.46323	1.58079	10.7678	4.91602	2.61369	18.2547	1.44813	2.80506	3.82374	2.60297	3.17854	9.02025	


# This instance was randomly generated with the following parameters: 
# SIGMA_MIN=1
# SIGMA_MAX=4
# CAPACITY_OVER_DEMAND=3