10	20
80.4319	1067.87	107.597
169.385	893.278	75.7296
177.826	817.752	60.8484
149.118	649.92	37.1613
48.6821	706.667	44.0184
104.171	781.938	55.424
31.4524	1087.61	98.1279
154.238	1067.41	108.567
9.66661	687.194	47.079
80.6703	973.431	83.3987
15.8413
5.38894
10.9097
15.322
17.3522
8.0376
15.5151
2.66785
17.2797
19.9382
7.07078
7.23057
13.7743
11.1533
21.2453
21.3347
17.6826
1.90534
2.66022
7.00758
4.50817	0.827513	10.2995	2.62731	0.704143	7.16283	1.21359	1.98276	5.78008	3.37045	1.12377	10.386	5.46573	0.617776	14.239	4.96062	1.91138	15.7187	3.76808	0.702696	10.7947	5.74928	1.80905	24.0972	1.49639	1.60138	5.20062	6.99273	0.687619	24.0076	5.08986	0.811072	12.3978	1.61714	1.39516	7.2807	5.0711	0.961979	21.3303	6.2503	0.814828	29.3568	8.11549	1.22753	20.4358	6.90145	1.36323	30.6721	0.435426	0.705324	1.94683	4.27461	1.88016	19.4044	5.14573	1.88877	18.2044	4.38039	1.33626	18.6404	
7.11134	0.605965	25.2817	1.86659	1.47855	7.67596	4.75831	0.739044	23.5423	0.417301	0.893294	0.875972	7.96594	1.35287	34.3712	1.35609	1.90494	5.72521	6.71712	0.719865	22.0522	8.33918	0.889143	37.3372	2.29072	1.49474	5.95541	9.14538	0.581297	41.8493	1.90434	1.40776	7.71415	2.19287	1.02429	10.2872	4.51144	0.519026	9.68032	3.14567	0.830897	14.0117	9.6363	0.828442	40.2938	6.00831	1.71029	26.9889	4.21851	1.49885	9.16406	8.03933	1.2219	27.591	2.93332	0.524024	6.81774	7.9125	0.589519	25.7257	
6.66175	1.69794	22.2641	1.66327	0.708908	7.53906	4.01766	1.44655	12.0884	0.584023	1.79496	2.46442	7.55935	1.20627	24.286	2.00275	1.11731	7.27154	6.17226	0.593254	19.7558	7.91582	0.960492	33.7029	1.48425	1.29625	3.62264	8.84622	1.90818	24.9043	2.7262	0.740957	11.1609	1.34455	0.750192	5.58695	4.73348	1.59082	12.0746	3.98588	1.11454	15.9304	9.50302	1.98837	25.2469	6.38323	1.07618	22.5711	3.39705	1.20788	16.7101	7.17095	0.92025	34.4686	3.51934	1.45796	16.9882	7.21657	1.67239	26.8816	
3.34904	0.687188	12.4409	7.5628	1.12278	28.7487	6.62615	1.88566	26.4113	9.10453	1.63329	40.2614	2.54546	1.49162	7.01265	10.6845	1.51634	33.9092	4.27303	0.511014	10.8373	2.54162	1.69186	9.92863	8.16769	1.20571	20.7204	1.092	0.512732	2.77554	8.97139	0.948863	34.0173	8.38427	1.96974	26.6943	5.52938	1.93681	17.9011	9.19688	1.5225	27.995	0.714468	0.526106	2.95551	5.63083	1.28402	15.6307	7.45544	1.15812	33.2342	8.26258	1.10772	33.4162	7.71368	1.24481	26.5794	5.52576	0.974581	12.0959	
5.8175	1.2472	13.8261	2.39357	1.37529	8.44916	2.61679	1.79904	10.0151	2.4309	0.807077	7.21283	6.77042	1.22836	33.1561	3.79298	1.82869	12.8323	5.13047	0.740338	25.3015	7.0753	1.12671	23.7018	0.930532	1.02612	3.43502	8.2456	0.818197	25.4863	4.46262	0.989591	16.8563	0.823243	1.75618	2.58738	5.42656	0.749039	19.6381	5.70664	1.83251	26.4273	9.23362	1.78921	30.0501	7.23864	0.767687	34.7893	1.79544	1.44976	6.90307	5.34014	1.35487	13.399	4.90231	1.96247	23.6378	5.77161	1.18787	26.4945	
4.8173	1.73967	17.0208	3.75828	1.87815	16.8524	5.42277	0.723635	15.2314	4.96473	0.910556	22.5213	5.16502	0.589583	23.5535	6.14515	0.611637	28.7867	5.16198	0.708399	20.6433	5.54785	0.878843	12.8858	5.07822	0.504634	11.7187	5.53007	0.725992	11.4531	4.00846	1.45613	15.9934	5.24024	1.08422	23.7237	0.580548	1.01244	2.50707	3.98108	0.532666	9.62832	5.24366	0.590091	22.056	1.32632	1.01043	5.86169	5.75066	1.38709	18.8747	8.82749	0.519283	41.4944	2.6088	1.00016	10.493	7.05324	1.69209	30.5493	
3.96016	1.28384	9.09042	7.70602	1.73562	30.4704	7.10308	0.942899	23.1951	9.22633	1.36028	36.3695	3.24564	0.970003	7.20825	10.7435	1.5814	50.6085	4.88475	0.923441	10.6122	3.2951	1.53884	13.1468	8.44216	1.89681	22.9052	1.90671	1.52587	8.41323	8.89914	1.82698	39.4424	8.65644	1.26291	40.7787	5.37778	1.45554	16.5032	9.01189	1.21481	23.9622	0.230635	0.646466	0.588716	5.21842	1.9714	13.2505	7.89917	0.673998	19.8069	8.97058	1.39946	38.7699	7.58038	1.47665	25.7178	6.26172	1.4987	28.5817	
3.2457	1.93394	12.8623	6.31677	0.621024	21.4603	6.01949	1.60165	23.6439	7.82514	1.7542	27.9687	2.83498	1.17976	10.7481	9.3249	0.804671	39.2779	4.11038	1.77046	10.6648	3.05209	1.10153	12.4619	7.12636	1.37834	27.7869	2.21245	0.559956	10.9271	7.47882	1.10109	26.8482	7.33775	1.47105	15.0641	3.97154	1.29796	17.4299	7.62421	0.620509	36.2764	1.61382	1.02004	6.68204	4.01241	0.546133	15.8981	6.75887	1.19373	30.4382	8.32788	1.93412	17.0788	6.17218	1.34431	29.1823	5.76758	0.826001	12.2928	
3.5881	0.576695	15.0062	3.97752	1.89057	18.0981	0.758014	1.28068	1.64115	4.95048	1.08755	10.85	4.50536	1.03738	9.97712	6.57577	1.12219	16.8926	2.69917	1.32462	6.07158	4.70973	1.22115	21.9071	3.09322	1.55381	6.50378	6.11717	0.813428	20.5927	6.5	0.719012	29.5445	3.23212	1.41647	14.5474	5.71307	0.766411	27.8835	7.58173	1.62367	28.3189	7.50089	0.792873	34.3438	7.45965	1.06615	16.0713	1.19371	1.43995	4.35928	2.87352	0.649078	13.2176	6.31272	1.38101	29.9518	2.82201	1.62264	13.4395	
3.99838	1.64584	8.69547	1.36163	1.9763	2.95565	2.80367	1.56939	9.93281	2.90904	0.623872	12.5131	4.79849	1.54367	19.2617	4.55213	1.21059	14.9146	3.77995	1.00958	10.9396	5.18259	1.99193	24.2203	2.27345	0.629053	11.3261	5.93554	1.09208	22.2577	3.39836	1.34037	11.2586	2.46407	1.68649	10.919	2.36835	1.40383	10.9787	4.24749	0.879313	16.2857	6.51222	1.64336	27.6318	4.20261	1.78371	8.96693	2.92462	1.80572	8.0153	6.41687	1.5166	25.4339	2.82458	1.25545	7.05732	5.34396	1.65195	11.7967	


# This instance was randomly generated with the following parameters: 
# SIGMA_MIN=0.5
# SIGMA_MAX=2
# CAPACITY_OVER_DEMAND=3