12	24
41.3934	1339.58	158.038
105.448	797.844	53.1403
9.93392	473.13	18.864
143.806	1141.49	122.147
56.649	1326.48	150.58
147.381	977.486	80.5455
147.642	1087.52	114.315
64.2572	1206.28	145.318
164.461	951.264	83.1098
165.755	434.042	16.0057
84.3414	1227	138.622
33.4486	1101.71	102.261
26.15
31.4622
33.8085
34.0542
32.528
30.4413
28.8943
32.1357
27.0401
14.126
19.5569
3.28858
18.3866
28.5828
27.1184
31.156
26.1839
25.5979
28.8369
24.1506
30.3878
8.93488
14.1457
14.5059
6.79177	0.980647	26.9423	0.987704	0.616692	4.03527	1.43148	1.89989	3.01243	8.65868	0.947185	25.0245	5.69924	1.60865	27.6605	4.18506	0.995185	9.98871	7.56621	1.03102	31.5908	7.99546	0.603458	35.7938	6.13606	1.61133	24.1543	4.1018	1.13392	15.5045	8.55915	0.813954	41.0906	4.31197	0.651245	10.102	5.36609	0.902761	26.6031	7.8667	1.19761	25.6739	8.56455	1.63202	21.1911	3.51161	1.76215	12.2736	3.44075	0.899784	12.8276	2.16668	0.662427	8.93167	8.23951	1.31653	32.087	4.23675	1.8161	13.7441	4.83056	1.69437	16.9836	4.99774	1.74464	19.3949	4.75335	1.22937	10.7654	2.98298	1.38085	8.77605	
5.29461	0.704757	13.7285	2.399	0.539706	11.7799	2.88142	1.50947	9.01074	8.80842	0.54162	40.0762	6.46925	1.75822	21.0771	3.18115	1.35263	9.37079	6.36614	1.22138	21.3518	7.63716	0.647971	30.7939	4.5775	1.16053	18.346	2.58932	0.616404	6.744	7.22355	1.15377	32.0074	5.43773	0.580512	17.8245	5.6811	0.926608	17.4586	7.64447	1.50112	23.5763	7.16685	0.685759	24.1803	2.04669	0.54622	4.79887	4.90925	1.21961	19.821	0.9332	1.27468	1.96865	6.89163	1.01454	26.728	3.50289	0.530963	12.4703	3.32131	1.92569	11.2017	4.1452	0.519822	13.039	5.59911	1.64154	12.6948	4.51594	0.666056	13.7156	
7.22222	1.74478	26.6909	4.02336	0.794741	10.1837	5.46626	1.28926	26.4263	4.06535	1.38169	9.93756	2.30337	1.62775	11.4643	8.00134	1.21706	35.3219	6.1634	1.32936	19.4803	3.94758	1.01243	9.39608	7.68699	1.57772	37.072	5.55447	1.14649	15.047	7.5791	0.906009	29.7982	3.0036	1.18935	6.07336	0.826352	1.48228	1.74354	3.58997	1.56164	8.75205	7.9318	1.89939	32.8024	6.4744	1.97351	23.4477	4.49472	0.998016	9.17965	5.77829	1.63821	19.0474	7.38502	1.83924	23.8314	2.90185	0.789382	9.35058	5.95221	1.97549	23.1366	8.99084	1.94228	22.1238	2.03338	0.598975	8.93293	4.87968	1.74118	16.0241	
10.8175	1.59725	23.5239	3.51163	1.814	16.4483	3.56045	1.01677	17.3104	8.55309	0.851101	21.3018	4.52362	1.45683	21.6882	8.36087	0.5475	26.9113	10.8573	0.549472	31.5527	9.32504	1.99415	33.3825	10.4279	0.598697	25.7814	8.25821	0.871161	39.5567	12.107	1.13208	35.4993	2.60334	1.3802	10.4426	5.69866	0.584306	21.3921	8.88345	1.52348	30.8751	12.2687	0.819136	30.8119	7.89761	1.87927	23.2835	1.08437	0.901678	3.06173	6.54345	1.73556	29.7117	11.832	0.549528	36.8786	7.15681	1.17144	27.4679	8.95075	1.87588	19.1699	8.99247	1.98428	32.7869	3.80661	1.49555	10.5845	1.41482	1.54866	5.76284	
6.99121	1.00588	24.3323	2.46714	0.997428	9.78539	3.91356	1.37465	18.2798	5.60579	0.61177	21.9039	2.93854	1.91937	12.1098	6.74122	1.05925	21.8339	6.55294	1.4383	24.4139	5.33357	1.61329	19.0411	7.10091	1.96721	31.0331	4.85673	1.38252	18.247	7.87134	1.63331	28.4677	2.48962	1.41297	7.12935	2.30003	1.81921	9.81046	5.06134	1.81818	21.192	8.11037	0.933434	31.4624	5.39666	1.22768	22.0864	3.34182	0.878725	12.0658	4.49288	1.55578	14.5012	7.62345	1.11629	27.9354	2.88283	1.66586	12.462	5.4008	1.5716	14.9406	7.6938	1.33293	25.0973	2.15605	1.97539	9.45498	3.56522	0.581585	14.182	
3.64088	1.469	10.4355	3.80841	0.943558	15.5669	4.54132	0.978675	10.7201	8.46556	1.06769	32.3702	6.91075	0.794629	19.9541	3.5403	1.98637	13.8508	4.76935	0.618716	12.4352	6.80032	1.70408	23.8904	3.18625	0.959504	12.4228	0.974421	0.701369	1.97868	5.55006	1.92647	21.0469	6.32672	1.8141	17.0455	5.68936	1.40711	25.6842	6.95067	1.94613	14.7924	5.4804	0.90445	15.4169	1.72986	1.21829	6.76903	6.23382	1.93494	21.8794	1.91498	0.742607	7.6434	5.215	1.83754	13.3575	2.59797	1.45086	12.0722	1.68825	1.06267	7.4822	4.562	1.06751	22.0339	6.17722	1.15976	30.4355	5.96134	1.46266	12.6712	
7.68029	0.889095	16.2612	0.302519	0.910086	0.713015	1.48704	1.21723	4.86819	7.98116	1.27941	37.5808	4.66221	1.35323	17.2359	5.45486	0.852932	22.4224	8.07027	0.696634	21.2631	7.72928	1.42883	34.3573	7.21488	1.72909	30.7352	5.06579	1.77148	23.9664	9.19749	1.03597	18.7746	3.09951	1.46644	14.0802	4.67093	0.616598	20.1689	7.4941	1.2628	30.0916	9.28194	0.61721	44.2654	4.7278	1.57715	13.7483	2.20849	1.48384	8.17567	3.42036	1.21958	11.1245	8.89748	1.91728	41.5677	4.47776	1.95974	9.97021	5.77179	1.93105	13.0217	6.24387	0.675308	23.1743	3.69562	1.56644	18.2764	1.87045	0.60057	9.19007	
0.68136	1.44105	3.35145	7.10116	0.612388	32.5835	7.7671	1.12125	19.9558	9.95425	1.94759	49.056	9.54418	0.867631	27.8111	4.9461	1.44593	15.6428	3.39149	1.40758	8.82316	7.54217	1.88803	15.7453	1.06321	0.643043	4.07692	2.32332	1.80818	6.65243	3.24847	1.7831	13.9649	9.36413	1.9573	29.7933	7.95203	1.62207	32.6702	7.96604	0.747979	25.9346	2.85596	1.04332	9.17181	3.52732	1.58966	12.0823	9.49688	0.736728	33.1684	4.70889	1.10773	9.64872	2.91889	0.828912	11.6257	4.39308	0.909254	21.8596	1.6103	1.5642	4.23844	5.69205	1.30726	18.7935	8.98121	1.27735	23.8897	9.25214	0.582703	32.7396	
3.8933	1.30665	8.64145	5.33187	1.28777	25.3884	6.60278	0.772232	17.4669	5.8636	1.15595	28.0654	5.80264	1.25504	21.899	6.70432	0.951949	27.0667	2.7556	1.12108	9.17625	3.72277	1.87159	9.28038	4.79589	0.786548	10.4828	3.21579	1.6709	7.4656	4.11471	1.0563	9.68127	6.20082	1.32529	26.9374	4.02082	1.75421	15.4474	4.00184	0.644271	13.5284	4.43118	0.641311	15.6486	4.856	1.81596	10.1701	7.06695	1.07885	22.7927	4.97186	1.77307	22.4092	3.8975	0.873239	11.3984	1.02219	1.98448	3.80435	3.21987	1.21335	11.5904	7.71744	1.05668	24.1911	5.46925	1.80444	20.9145	7.13673	1.73207	16.4149	
9.17797	1.15121	31.1936	2.1292	1.57414	5.83411	2.80349	1.40195	11.4813	7.3957	1.20044	23.9494	3.55491	1.73394	17.6224	7.27546	0.861219	35.7162	9.14625	0.923042	29.9024	7.81345	0.508147	35.1337	8.89804	1.01642	30.2064	6.6837	1.85384	25.9056	10.4011	0.783874	31.4549	1.62444	1.69701	6.8411	4.28699	1.56483	13.5905	7.42895	1.89578	34.8275	10.5729	0.919201	35.7947	6.53372	0.520256	21.5929	0.654042	0.532024	3.19359	5.249	1.65171	24.4172	10.129	0.583809	31.4199	5.44571	1.60834	18.7769	7.35425	1.94519	26.2765	8.03369	1.97133	28.3351	2.64863	1.07044	8.38781	1.09455	1.28713	4.34831	
5.25764	1.00409	13.1355	4.36145	1.07573	9.03315	5.75744	1.48744	22.2168	4.98162	1.09823	11.6466	4.30303	0.961722	14.3947	6.94989	0.615192	22.5611	4.23912	1.98905	16.467	3.54507	0.603106	13.876	5.88242	1.42934	16.9901	3.91674	1.55578	7.85154	5.62484	1.64878	25.6221	4.72	1.05544	17.7923	2.58707	0.872566	9.03969	3.55181	0.832534	17.1369	5.94884	1.24192	12.4168	5.2096	1.69054	25.3405	5.75089	1.26365	19.334	4.90561	1.70358	13.2816	5.41394	0.859048	23.4347	1.0093	1.12941	3.54337	4.1742	1.80511	13.6969	7.97408	1.74925	38.4011	3.95228	1.84828	11.9452	5.9167	1.83951	26.1529	
5.45294	0.577019	13.059	4.82606	1.66371	21.9357	4.52911	1.02449	16.7819	11.4904	1.22351	53.7343	9.26821	1.79236	20.7969	0.37356	1.10115	1.27255	7.53769	0.703835	32.6774	10.0005	1.69594	28.5317	3.97369	0.743969	13.474	3.37593	0.861449	8.34216	7.91905	1.03553	19.3391	8.11054	1.55195	22.5721	8.45537	0.758861	24.2514	10.12	1.62527	38.8989	7.63129	0.718445	19.0702	1.56848	1.07726	7.58578	7.212	0.941997	26.9428	1.8753	0.740637	7.67343	7.57258	1.13958	35.541	5.77968	1.06826	27.6132	3.84317	1.66181	12.477	1.38117	0.575893	3.81617	8.38121	1.612	25.8019	6.64513	1.26674	13.8575	


# This instance was randomly generated with the following parameters: 
# SIGMA_MIN=0.5
# SIGMA_MAX=2
# CAPACITY_OVER_DEMAND=2