10	20
121.254	958.313	82.1635
95.1128	1240.51	128.613
15.5272	642.336	34.2796
85.6016	843.358	59.8451
126.935	846.314	59.8031
169.004	594.809	35.0456
150.288	726.046	50.4897
164.474	1097.44	105.715
161.44	1101.79	116.102
86.1715	973.541	81.7844
5.86212
5.90627
7.53382
1.30289
7.16002
2.50564
0.563542
6.27423
1.10665
4.43399
1.10834
0.914038
4.60502
2.87763
0.281299
1.11215
5.38673
3.15452
7.07926
6.21591
6.88567	3.44283	34.1891	4.46021	2.88935	18.1661	3.16567	3.62125	12.6882	7.61782	3.83445	19.6086	8.01093	3.40651	36.2466	3.48957	3.69914	13.2119	6.54539	3.84004	24.7485	5.69858	2.55187	14.8102	2.22609	3.64474	8.15807	1.63891	3.88117	6.72518	1.47518	2.46882	4.19024	2.98679	3.29614	8.35148	4.88381	1.05448	17.2729	6.46324	1.20251	18.3329	3.85292	1.35731	18.8324	2.28039	2.64315	5.64829	5.55305	2.33514	17.9262	7.3726	1.69122	14.9601	0.443141	1.05847	1.34127	3.84055	3.2166	17.5373	
9.12564	3.28096	42.3544	1.57907	1.41989	4.83202	3.86839	1.2804	10.1086	5.02298	1.72197	16.7402	9.46134	1.81866	31.7408	8.419	3.88726	29.2144	8.91218	2.70215	29.2534	9.51722	1.14594	44.7742	6.17708	1.46396	20.0023	3.81276	3.31392	17.683	6.05991	1.42779	29.4028	7.64972	3.73251	19.6585	0.571214	2.04997	2.68557	5.07205	1.97636	11.7238	8.25634	1.88139	20.3988	3.27961	2.21632	8.28318	3.35834	1.26451	8.25309	4.75859	3.71673	16.8017	5.84354	1.89198	25.3702	8.69277	3.54609	30.7307	
5.0084	2.31599	12.4064	3.09126	3.24017	6.768	2.33995	2.77442	10.3321	2.29475	1.76474	11.2354	5.04832	1.62636	20.458	6.54951	2.84272	31.62	4.88386	3.58802	23.0656	6.29956	2.34106	27.8583	7.44693	2.0038	19.2191	4.55567	3.70205	16.325	4.885	2.94981	23.5244	5.72043	2.30438	21.421	4.24637	3.13007	19.2635	0.984808	1.47659	2.57789	5.86204	1.66276	21.4817	4.85975	1.20128	23.1664	1.26156	2.97777	3.70012	2.11029	2.48376	10.0255	5.90154	3.62401	15.5405	6.65654	1.22998	18.5854	
3.05366	1.67936	13.9342	7.39411	2.07559	32.403	5.97976	1.23327	27.8031	4.75397	1.89733	15.714	1.79749	3.5005	6.51591	7.65356	2.4503	17.0808	3.27589	1.96508	10.4769	5.71573	1.95568	14.9788	10.685	1.3453	35.9181	8.18789	3.26829	39.1873	7.26934	1.1715	26.6643	7.0671	3.47857	16.3327	8.5588	3.95651	42.6343	3.83603	1.39749	7.91857	6.62721	3.10918	15.9701	8.72028	1.45547	29.9864	5.47699	1.71981	20.6993	4.85966	3.43799	19.2269	8.78392	1.26793	43.3185	7.54323	3.81735	26.5026	
3.13974	2.52414	11.1583	6.68332	1.66175	29.3062	4.36221	1.33194	17.8246	7.53709	2.61747	19.6614	4.57925	1.97497	16.091	1.9257	1.08098	4.86784	2.79329	1.21263	7.54477	1.42457	2.55943	5.92958	6.3083	3.84584	24.3357	5.176	3.49844	18.6322	2.84525	3.52228	13.4037	1.58331	1.76627	5.54856	7.6683	3.9713	28.295	6.003	2.39088	22.9529	0.876238	2.43099	4.00173	5.97052	2.00156	23.5983	6.28766	2.83985	16.2155	7.40528	2.59966	18.8125	4.37031	2.95277	18.4457	1.77589	1.62476	6.03538	
9.33391	2.80335	31.755	1.98099	2.6745	4.10676	4.29783	3.67468	9.86753	4.63172	3.03242	10.0235	9.5417	2.12023	20.3229	9.0265	3.6659	21.707	9.14594	2.2516	34.8666	9.94107	1.82526	24.7161	6.99848	3.9489	33.2002	4.55328	3.51085	20.3169	6.69357	2.87701	19.8625	8.23544	2.14846	21.6314	1.33718	3.72035	5.2797	4.9248	3.9531	20.5274	8.79214	2.60015	26.3987	4.06949	1.01603	17.9846	3.27194	1.53238	11.146	4.38424	1.80259	10.0077	6.59245	3.63176	19.8853	9.28391	3.65421	27.4975	
2.65553	2.98833	8.28608	8.61267	2.22441	23.0205	6.29454	3.80783	13.3799	8.71756	3.94476	37.3953	4.06467	3.03048	8.38409	3.46143	1.30141	8.49224	2.46162	3.78403	5.24713	0.730786	1.48915	2.2994	8.34013	2.04839	20.3999	7.31774	3.67435	20.5577	4.98239	1.25433	16.5336	3.53017	3.90375	17.444	9.66311	2.8282	39.7703	7.19734	2.40721	16.3008	2.64321	2.39687	10.4899	8.10971	3.96296	18.0464	7.87685	2.53542	25.0983	8.64276	3.46752	41.6947	6.45597	1.39501	15.7679	3.13887	1.63756	8.59091	
2.37808	2.16891	7.17087	5.23388	1.63142	22.5306	3.3121	3.75221	16.522	4.46416	3.22931	14.3711	2.77953	3.617	13.1012	5.01754	2.90383	11.1948	2.23238	3.6054	7.48506	3.89829	2.6743	9.92776	7.73605	1.78707	38.577	5.36302	3.1447	24.535	4.31803	2.78478	14.4015	4.31833	2.713	20.7423	6.41162	3.86898	15.7316	2.94848	1.83184	9.02745	4.07858	3.13363	12.4086	5.97536	2.93629	15.923	3.8787	1.729	12.6266	4.39301	2.88764	17.5831	5.82418	2.43147	13.3571	4.99035	1.11045	17.3254	
4.00962	2.97163	15.2383	4.26781	1.58561	9.59669	1.94445	1.30867	5.19576	5.61357	2.12421	15.3261	5.00616	3.12487	17.3966	3.23907	2.65099	12.4543	3.69519	1.76206	12.7998	3.72933	2.99514	16.326	5.26228	3.03309	12.6603	3.19314	1.76682	13.2083	1.84525	2.94032	6.14213	2.40349	2.64665	7.26416	5.27901	2.20577	19.7923	4.16912	2.69733	15.8987	2.66805	2.31239	8.81948	3.92908	3.35682	13.9743	4.02977	2.44577	10.976	5.43073	1.44558	25.2129	3.32925	1.28372	10.8266	3.37498	2.11328	11.7678	
1.31633	2.29299	5.06083	6.59461	1.94982	30.096	4.3755	2.10516	15.7023	6.30797	1.34183	26.2442	2.63304	3.85243	11.7406	3.90298	1.28122	12.0469	0.9719	3.87194	3.62969	2.10662	2.69897	6.04959	7.75283	3.11504	24.5281	5.95024	1.46689	22.7092	4.14052	1.88168	16.0375	3.42527	1.69294	13.1097	7.72298	3.76496	31.7395	4.79085	2.89522	10.0545	2.85792	3.3924	13.9512	6.68335	1.7359	18.1468	5.57642	2.20612	16.3674	6.23601	3.64248	28.2621	5.76261	2.86535	27.5592	3.75996	3.62567	14.9299	


# This instance was randomly generated with the following parameters: 
# SIGMA_MIN=1
# SIGMA_MAX=4
# CAPACITY_OVER_DEMAND=10