4	8
58.1675	339.382	10.179
55.5942	833.751	60.294
58.99	1104.96	114.116
69.9748	1166.31	122.34
10.3847
13.0663
4.50115
1.04436
5.18888
10.6677
9.83024
6.70252
4.46706	1.22993	12.9561	6.60388	1.75978	21.7389	4.63049	0.516401	19.1343	8.92072	1.16664	20.7387	6.05378	1.31258	20.6308	8.10896	0.903424	23.2677	2.24826	1.96839	5.26018	0.385715	1.30581	0.927664	
6.93774	1.23649	20.7152	3.41253	1.14224	8.25844	5.80999	1.8985	15.7314	2.94771	0.628523	8.39006	5.91662	1.06095	16.6674	4.73691	1.38795	10.1862	8.85155	1.06116	29.3535	9.69431	1.23314	30.8124	
3.01066	1.25319	14.1172	6.7175	1.25751	27.5739	4.15848	0.869488	12.0029	7.92074	0.743757	38.4109	4.42526	1.08717	19.0586	6.52415	1.7716	24.9586	5.16527	0.685579	11.3508	3.11704	1.7712	13.2364	
4.04906	1.17305	19.0639	5.68519	0.945491	28.2188	4.68558	1.68635	16.4784	4.10182	0.839972	12.9433	2.7479	0.926226	12.6854	2.31897	1.39127	5.41003	8.99691	0.813457	28.6828	8.05612	1.1558	20.5082	


# This instance was randomly generated with the following parameters: 
# SIGMA_MIN=0.5
# SIGMA_MAX=2
# CAPACITY_OVER_DEMAND=5