10	20
93.6189	982.39	81.3299
120.93	1057.6	99.6169
52.0624	952.652	77.6191
55.7536	1250.33	143.716
134.346	1286.4	146.227
163.178	819.434	62.9953
117.52	923.373	73.4086
83.9826	653.633	39.3369
94.0702	534.523	25.5173
83.5178	1296.88	148.712
24.2056
33.8098
45.1996
19.6237
22.1879
42.6102
3.58746
5.93035
17.7081
11.7461
10.0585
43.6357
9.72158
11.0086
15.4975
29.9242
27.8673
35.74
34.3187
4.85902
4.32629	0.755233	10.7022	4.9398	1.48129	13.3034	4.93322	0.642224	23.5216	2.11291	0.71627	9.60637	7.67415	0.747384	36.2984	3.59805	1.36703	13.4341	1.41649	1.85775	3.72308	5.93042	0.682911	16.7961	7.20647	0.907841	25.9315	6.09005	1.31493	16.0257	3.66432	0.714224	17.5753	4.58552	1.90165	14.0686	5.75351	0.879473	12.5559	3.53144	0.91503	8.14089	7.13085	1.05237	24.4675	2.45418	1.52131	9.10824	6.54515	1.65712	27.3862	5.48189	1.3665	18.4261	3.36996	1.18011	8.73205	6.24163	1.29834	15.3646	
6.15396	1.18569	14.7108	2.90661	1.68704	9.73686	8.43276	0.694439	37.2635	3.39789	0.993867	11.4729	5.81659	1.97584	19.2206	7.99711	1.92093	25.5048	5.32867	0.509244	22.5214	9.51191	0.651556	36.8432	7.29182	0.893034	24.0232	9.83821	1.62066	29.4133	4.76026	1.44275	17.6942	5.96222	1.14149	22.9064	1.38572	1.66874	5.45564	7.96431	1.95614	39.2551	4.84451	1.7653	23.2907	5.3964	0.747536	14.8411	2.15516	0.818732	10.7724	9.41166	1.46947	20.8402	7.38445	1.22446	27.2591	2.62865	0.831291	8.29277	
5.79671	1.14345	22.5004	2.72779	1.04765	12.0671	7.05392	1.63469	32.2547	0.518059	1.71508	1.37623	7.68039	0.639026	20.9161	5.76586	1.68513	18.2635	3.53011	1.52581	11.3795	8.08455	1.95836	20.7349	8.09743	0.819181	26.8517	8.27681	0.761456	34.3565	4.70225	1.50365	15.6298	5.87494	1.81034	17.0333	3.89423	1.52492	9.97034	5.67552	1.03098	25.6243	6.89539	0.926493	21.1964	2.50745	1.43148	10.8487	5.04725	0.940645	24.4952	7.68936	0.62264	33.6828	4.52884	0.557941	10.3822	4.09385	1.536	12.0007	
4.80268	1.94322	12.5965	3.5247	1.94513	15.6761	6.91269	1.06761	26.4615	2.58864	0.638638	8.90493	5.63668	1.77113	15.6525	6.49801	1.86744	30.6889	3.80195	1.72603	13.0143	7.99161	0.810405	36.0836	6.44099	1.67086	29.9523	8.30769	0.863554	28.8483	3.4578	0.863514	7.88403	4.69173	1.26183	23.0144	2.91746	1.23701	7.07405	6.47675	0.693338	24.3777	4.8174	1.75991	11.6626	4.47728	1.00848	20.269	3.46406	1.96185	16.703	7.87304	1.41799	18.6663	6.22346	1.57801	25.6554	3.93211	1.81035	13.0469	
5.97606	1.03901	24.1607	5.58168	1.27827	18.1622	8.87174	1.7024	39.7479	5.86127	1.64927	13.6466	3.44476	1.24782	8.98824	9.30852	1.99682	29.37	6.58092	0.841513	29.863	9.90091	1.4036	42.1048	5.77993	1.80882	22.6513	10.3345	1.66751	50.2471	4.67736	1.5412	19.8146	5.56831	1.18236	11.9829	3.08066	1.72586	11.4421	9.33803	1.16714	33.1414	2.39981	0.812471	8.6281	7.80495	0.641898	24.5298	1.78317	1.4014	7.28598	10.0996	0.949641	30.7479	9.53569	1.98036	46.2709	4.70224	1.88592	20.7591	
7.88109	0.982495	38.5844	2.69422	1.89297	5.91589	10.1749	1.30395	31.38	4.51849	1.50902	18.9899	6.83197	1.43448	29.9239	9.59869	1.23818	29.9544	6.99418	0.661595	21.2589	11.254	1.49354	49.1958	8.75541	1.50563	31.7751	11.5716	1.78856	31.0545	6.48029	1.89854	19.3509	7.6628	0.530141	36.24	0.39958	1.06539	1.28525	9.54761	1.69674	32.4137	5.79462	1.98932	22.5612	6.43349	1.71245	15.6566	1.85879	1.81534	7.17819	11.1266	1.03944	23.8291	8.58752	1.0164	38.9217	1.30018	1.14856	5.55471	
1.6863	0.680791	5.39372	9.3211	1.76661	38.8513	1.55683	1.86971	4.41657	6.83175	0.637703	16.475	6.68832	0.628712	27.0304	3.98859	1.763	12.8154	3.47649	0.718129	15.5675	2.3646	0.67685	7.41877	4.31143	0.613581	13.8678	2.87605	1.06448	11.468	2.99645	1.9667	6.94325	2.17915	1.34073	10.5647	8.96695	0.87683	28.3735	4.18492	1.80513	14.0056	6.84281	0.92059	33.1779	7.14468	1.78091	25.1422	8.90141	1.5941	40.4431	2.95716	1.52319	6.81932	6.87558	0.651817	20.994	10.0749	1.78395	46.0016	
8.12587	0.87128	29.0791	1.21378	1.87859	5.2961	10.0405	1.66573	25.0476	3.60657	1.22251	10.4592	7.95346	1.71456	24.7227	9.04318	0.70341	43.0185	6.63571	1.80544	22.1319	11.1074	1.80769	53.7666	9.50627	1.20865	28.629	11.3633	1.80855	27.9748	6.77649	1.80089	17.7092	8.00711	1.98377	25.633	1.66813	0.704059	5.12457	8.96001	1.82997	28.8499	6.94594	0.7917	24.5238	5.33959	1.60442	25.0038	3.30987	1.17432	13.7042	10.8372	1.21203	44.3649	7.56666	1.193	27.6207	0.811284	0.884318	2.11665	
6.78185	1.4848	16.1682	3.83139	1.33149	8.88256	7.14629	0.681868	23.1627	1.55357	1.98414	7.74706	9.55412	1.59987	34.228	5.08296	0.793802	20.6464	3.80229	1.23248	16.0276	8.05157	1.94031	34.044	9.53777	1.54572	25.0938	8.10811	1.10577	20.6904	5.99698	1.86735	16.1033	7.01078	1.27324	24.4682	5.79226	1.67625	27.6914	4.92537	1.07717	12.8024	8.84023	1.83005	24.4012	0.536703	1.45595	1.75115	7.07521	1.67118	15.0748	7.40665	1.26231	35.0322	2.78238	1.23402	10.8132	5.60313	1.49081	14.2434	
3.71733	1.94286	13.1251	5.12299	1.92483	23.5	6.36047	1.92835	19.9194	4.07718	1.6204	12.6051	4.07248	0.668457	15.1476	6.67079	1.71876	16.4464	3.95557	0.654833	14.5769	7.41858	1.62256	31.813	4.82454	0.612006	18.5335	7.81754	1.29938	21.8305	2.31524	1.25438	6.09127	3.45423	1.95832	12.2075	3.82055	1.69659	16.4124	6.70574	1.33404	24.8236	3.36648	1.10603	8.2796	5.77582	1.13947	15.2488	3.62057	1.60644	13.9044	7.52446	0.640367	18.9316	7.19285	1.6242	14.8619	5.18834	1.19292	19.6172	


# This instance was randomly generated with the following parameters: 
# SIGMA_MIN=0.5
# SIGMA_MAX=2
# CAPACITY_OVER_DEMAND=2