4	8
163.663	1068.53	101.767
123.442	1245.86	145.663
86.9898	500.216	22.6993
129.7	806.272	55.7376
6.20945
12.5432
16.7803
2.67936
12.7683
7.89111
2.95745
3.34427
7.72332	0.163186	16.3409	7.52459	0.347781	24.055	8.83681	0.750245	22.2073	7.5266	0.175539	18.4536	5.45526	0.569058	11.3322	4.39325	0.279426	17.6859	5.35785	0.12582	18.7257	6.35565	0.356028	18.9622	
2.43611	0.975944	8.80659	2.60375	0.660179	8.39741	6.4138	0.947006	16.0764	6.62033	0.511915	14.4327	5.57462	0.818101	18.6697	2.54901	0.55404	6.3202	0.85782	0.944023	3.13208	4.69794	0.804451	14.3192	
7.85058	0.182931	25.3353	7.51802	0.328666	19.5865	8.1198	0.728642	21.3911	6.59197	0.455413	21.1833	4.50035	0.562026	12.0346	5.26815	0.571963	18.2048	5.51643	0.316199	23.6488	5.67167	0.103533	12.1706	
3.57825	0.392312	17.3457	2.82212	0.241132	9.46882	2.15117	0.636195	4.50716	3.93621	0.564658	12.939	4.82054	0.188491	17.7476	7.57036	0.161958	21.9615	4.40805	0.865585	12.6289	3.02861	0.653656	10.1586	


# This instance was randomly generated with the following parameters: 
# SIGMA_MIN=0.1
# SIGMA_MAX=1
# CAPACITY_OVER_DEMAND=5