6	12
169.879	741.103	50.8814
149.015	929.472	80.1627
85.9025	895.26	69.1949
37.6754	1033.53	102.646
61.7871	1156.86	120.63
109.462	819.3	63.0583
1.81854
2.87181
4.42561
4.34419
4.3688
0.615704
6.7863
6.22527
1.09795
4.93718
7.40348
3.76247
6.34182	0.643527	14.7741	3.25177	0.109637	13.6041	9.65551	0.803787	42.1265	7.24419	0.896027	18.8443	9.35859	0.15604	30.37	8.98387	0.619139	23.037	7.30342	0.486937	23.065	5.16834	0.273529	24.2102	5.84355	0.237023	21.6978	8.93413	0.461615	22.5473	4.7356	0.601236	14.6089	5.32707	0.649831	23.9417	
3.41534	0.639784	12.148	4.37094	0.95347	13.0199	6.6343	0.469984	14.5017	4.10148	0.230572	9.99927	6.75904	0.481015	29.1494	8.25389	0.984877	18.0427	4.03121	0.673456	15.8535	2.46942	0.460657	8.33527	4.30399	0.668695	18.806	8.63703	0.22773	33.7999	3.1056	0.612878	10.3639	5.50253	0.501634	23.7658	
5.8212	0.520375	18.6772	2.83292	0.218043	7.55985	9.13476	0.738819	18.9109	6.93786	0.540059	24.1106	8.79465	0.905924	42.5659	8.45168	0.190619	18.4392	6.88449	0.212704	17.3616	4.96262	0.404126	23.3055	5.26411	0.52269	23.2436	8.43793	0.958518	39.3292	4.15659	0.55544	13.6797	4.84126	0.752107	21.3438	
4.21622	0.109104	9.84647	4.76813	0.233858	21.1831	5.63575	0.317525	16.6437	7.95261	0.743523	17.4133	3.91654	0.140477	15.4178	2.44388	0.92035	10.493	6.43662	0.587955	25.1908	7.88445	0.701462	19.421	1.69479	0.522898	3.50978	3.25534	0.990974	9.76552	2.9073	0.829447	9.01629	3.0287	0.229567	10.2976	
6.67133	0.177206	29.1509	3.6438	0.655714	8.92475	9.98131	0.350669	32.2895	7.38881	0.733274	17.5045	9.73458	0.885493	20.9601	9.40693	0.364439	33.9705	7.53945	0.853394	26.5408	5.24629	0.195476	24.8149	6.25946	0.886798	18.1411	9.34713	0.131912	34.812	5.14082	0.303106	22.5302	5.73835	0.149186	20.7669	
5.86606	0.684851	22.3421	4.29558	0.17139	11.8796	7.54113	0.770892	20.3715	9.5026	0.964307	35.5412	5.78658	0.799402	14.8611	1.66615	0.790028	5.57487	8.11524	0.787427	30.5683	9.08025	0.20218	38.2424	2.97437	0.919161	8.62154	1.74064	0.918897	8.66008	3.89662	0.757781	8.1362	2.13889	0.993569	5.96526	


# This instance was randomly generated with the following parameters: 
# SIGMA_MIN=0.1
# SIGMA_MAX=1
# CAPACITY_OVER_DEMAND=10