10	20
75.0356	1341.47	150.813
60.2485	1054.75	109.549
12.5882	1188.43	131.366
94.6497	1267.46	156.466
14.1497	1085.01	99.7404
114.806	1073.42	99.6089
121.871	529.701	25.503
133.044	1281.97	149.554
135.549	848.519	71.4582
48.0501	1183.64	136.027
15.8664
3.9312
57.7631
62.4844
23.7931
40.0629
8.59662
13.1674
22.4184
59.1269
24.4996
57.702
12.8738
26.2403
43.6408
17.29
33.8457
4.96415
26.0985
10.6776
1.07147	3.52825	4.06362	3.16994	2.20177	9.9926	3.63079	2.86334	12.9474	6.70032	3.71881	20.084	1.79588	3.91672	5.43515	1.70375	2.83418	3.75476	7.74784	2.06052	24.442	3.18054	1.90928	11.6492	4.93288	2.21058	18.9399	5.97804	2.07625	12.6357	4.58251	2.77328	19.9551	4.40064	1.64073	16.46	5.01421	1.07872	10.9003	1.70597	3.98682	7.54539	2.74398	1.55765	13.5446	2.12509	3.73494	8.67323	3.11228	3.63834	10.8246	7.04617	2.29816	22.0031	6.36946	1.79779	14.8445	0.918805	1.70465	3.70446	
6.61025	2.16813	14.1833	7.61471	2.19503	16.9202	7.24142	1.13909	20.3215	0.875302	3.1359	2.54741	4.45727	1.23878	19.9826	7.29516	2.91967	34.9456	7.82932	1.38611	23.6932	8.7926	3.58592	30.0784	7.76682	1.72926	25.7719	0.18271	1.2291	0.48863	2.49649	3.01141	6.00238	4.73452	3.81435	13.3284	8.90386	1.59145	42.4203	4.4116	1.28712	18.913	4.30516	3.93522	19.1543	7.79367	2.24255	31.1705	3.08921	2.52943	12.1335	5.96699	3.22891	22.248	11.1669	2.84928	22.4659	5.537	2.79227	26.8753	
2.89236	3.63388	6.68504	3.18335	2.96023	13.2713	4.14573	3.70064	16.2599	10.1901	1.11603	34.7263	5.3822	3.49474	18.5638	2.24816	1.27868	9.93908	8.92243	2.35804	21.1325	1.12885	2.44098	5.41519	5.27022	3.0882	21.6215	9.50155	3.98895	39.6115	8.18322	1.89918	33.2998	6.70394	1.03627	20.3875	6.01568	3.84669	29.9064	5.31803	2.97785	18.8901	6.19668	3.89902	13.9272	1.7607	3.98644	3.58608	6.48141	2.27367	19.751	9.0039	2.00413	39.7328	3.97809	1.14016	11.5112	4.32517	3.55041	14.7304	
2.50689	2.09852	9.72907	0.380472	1.01851	1.86161	0.99858	3.99854	2.46257	8.44572	2.75511	18.2262	5.04599	1.65327	17.2817	2.15066	2.48936	6.77141	5.68679	2.66402	19.9475	2.11335	1.42699	6.58616	2.03879	1.07761	8.52661	7.89276	1.12336	24.4165	7.49212	2.10111	17.2848	3.99479	1.29947	14.5754	8.06569	3.63836	28.5885	4.86609	3.01973	17.9993	6.10925	2.85896	20.6598	2.1546	1.25598	7.27601	4.90003	1.76405	15.1112	5.93182	2.23783	27.7415	3.23418	1.62955	15.9247	4.44712	2.94518	15.6918	
2.4812	1.13344	11.4516	3.36164	1.22847	16.5966	3.18188	1.0929	8.522	4.90809	1.67824	13.4829	2.17116	2.92894	9.82628	3.10431	1.77544	9.14822	5.99582	2.0559	22.7627	4.54047	1.73902	16.0731	4.10678	1.8069	10.7091	4.27762	1.1266	20.5441	3.89327	1.72425	18.2084	2.34058	3.71758	6.07274	6.95033	2.12761	26.928	1.9467	1.89365	6.6948	3.12273	3.39747	9.76404	3.59907	1.91085	10.5487	1.21301	3.97522	3.43288	4.97072	2.70478	11.8618	6.94117	1.7778	29.0346	2.4959	3.32444	10.4541	
5.28281	2.78535	26.1994	5.18017	3.6325	18.6529	4.45786	2.96684	10.2006	3.78768	2.18449	17.6204	4.84267	3.28	10.3093	5.77189	2.37427	11.6267	4.1339	3.03029	12.2521	6.96449	2.91286	19.4753	4.49284	2.0959	11.1701	3.59494	2.13387	8.26573	5.05651	3.82278	24.8705	1.41417	3.01838	5.98673	9.83349	3.3629	23.4633	4.64821	3.61205	15.5183	5.48811	3.59697	23.9734	6.22031	2.85657	22.8612	2.63331	1.88982	12.1388	2.43416	1.56945	10.1448	8.37387	3.75145	16.9989	5.45097	2.57446	25.5145	
3.43675	1.87428	9.86152	3.73497	2.03535	14.5431	3.25482	1.45467	7.72232	4.43307	2.04851	18.0628	3.19306	1.42268	14.065	3.97464	2.85549	18.4281	5.04159	3.94818	16.3092	5.28089	1.28981	25.3979	3.82438	2.39969	14.3806	3.92716	2.4622	12.4011	4.28409	2.54032	18.2644	1.30411	1.86869	5.43723	8.0794	3.70092	30.6727	2.9776	2.77135	9.21458	4.02634	2.22929	10.2927	4.44568	1.60314	10.2143	1.34554	2.50763	5.98986	3.86001	3.90818	8.07088	7.21439	1.75094	31.6016	3.63691	1.90395	17.5417	
3.7608	2.64123	15.2732	5.62469	2.62103	25.9401	6.41479	3.72784	17.4443	9.37855	3.93405	37.6508	4.12544	1.31362	12.4336	3.78825	3.37008	14.1057	10.9599	1.77187	33.2388	4.26251	2.88103	20.5533	7.75502	2.36778	38.2177	8.61421	2.29298	33.6948	6.46066	1.24042	23.8232	7.74486	2.11396	26.5508	2.32786	1.88154	5.16622	4.2276	3.89597	19.3953	4.30947	1.34506	12.3611	3.74492	3.51726	9.41279	6.20362	3.56996	20.1003	10.3842	3.40106	38.5049	7.63098	1.19178	20.778	3.18124	3.62822	15.2087	
2.55149	2.36086	10.1382	2.63175	3.27754	8.20524	2.22401	2.33089	6.81576	5.51548	2.95192	26.6812	3.20372	2.88555	8.33192	2.99613	3.42862	6.00744	5.04993	1.79188	24.8071	4.21517	3.28075	12.0561	3.01986	1.3637	8.72499	4.97442	2.87854	18.5933	4.95156	1.03671	17.4655	1.6611	2.49134	6.52635	7.73386	1.76637	23.338	2.97865	1.49888	5.95848	4.20123	3.99125	12.7158	3.44094	1.57198	14.8835	2.08695	1.93096	4.76307	4.28046	2.1942	20.8372	6.14135	3.27082	17.7206	3.29388	1.86093	13.279	
1.54268	2.38497	4.61411	1.02928	1.62271	3.82615	1.23929	3.31395	4.30662	7.16843	3.07394	30.4063	3.7111	3.85064	8.27676	1.60553	2.91431	7.38886	5.72456	2.52056	20.2311	2.5378	1.36454	6.69459	2.55765	1.46716	12.6234	6.58024	3.06101	25.8304	6.09813	1.03491	30.0501	3.13534	2.23606	8.30974	7.2671	3.6771	34.6477	3.51962	3.50031	11.8923	4.78229	1.0024	19.9382	1.93088	2.39945	4.29032	3.54527	1.68036	8.11229	5.49058	3.18926	21.8592	4.60701	1.49009	20.2203	3.24706	3.30567	11.3861	


# This instance was randomly generated with the following parameters: 
# SIGMA_MIN=1
# SIGMA_MAX=4
# CAPACITY_OVER_DEMAND=2