8	16
66.0006	1230.83	132.583
146.314	460.253	20.8035
31.0719	392.518	14.0802
71.3058	1128.7	127.264
138.309	1057.58	111.244
123.353	414.449	16.3489
36.924	1214.36	131.957
88.7839	1339.12	153.219
5.30733
14.6643
7.03419
16.5999
19.5188
3.3322
29.0122
10.2349
0.504841
13.3018
25.3847
9.26318
29.4198
2.46019
20.5923
29.2027
9.58513	0.818526	42.1438	6.84571	0.688659	15.071	3.46815	0.201595	7.5997	4.2875	0.186885	10.67	6.57331	0.289684	25.4686	5.21801	0.587045	19.8592	6.43543	0.293028	21.7047	8.19224	0.565243	18.4671	0.533889	0.804962	2.31525	3.54871	0.90365	12.2838	7.23675	0.16698	17.3675	11.9066	0.26895	35.5253	7.45522	0.796418	15.7904	2.89575	0.414895	11.1053	9.38084	0.980535	34.3331	5.6191	0.826442	21.0186	
2.69819	0.146986	7.06707	1.28694	0.477508	3.60416	3.92637	0.28713	12.9771	2.8846	0.23638	10.7837	0.755696	0.126646	1.83326	3.67469	0.752196	12.4354	5.57568	0.350631	26.8968	2.20412	0.359936	8.2567	6.68211	0.55845	28.9154	3.47862	0.702182	9.31534	4.21615	0.598268	10.7803	5.9024	0.664009	21.5479	1.02358	0.380242	4.36106	5.54302	0.779798	27.3341	3.854	0.832354	17.7898	3.38071	0.101691	14.4991	
3.21846	0.458149	13.772	6.44193	0.607683	18.7428	9.40954	0.344495	35.8102	8.37311	0.975219	31.2331	6.21007	0.516773	30.9574	7.16853	0.413775	25.7524	7.66424	0.637414	28.4796	3.78506	0.448935	12.045	11.6287	0.419327	53.4482	8.86723	0.916805	33.167	9.02205	0.797171	28.6496	1.21957	0.555144	4.0696	4.67417	0.527051	18.4872	11.0521	0.524396	24.6749	6.93178	0.282273	21.5976	6.70426	0.233503	30.9309	
1.84506	0.74523	4.85606	5.07883	0.790874	20.483	8.13954	0.782717	37.0204	7.09819	0.906313	34.4949	4.87557	0.596282	21.2171	6.29445	0.351342	19.6118	7.13387	0.467675	35.2251	2.72997	0.979942	9.9058	10.5398	0.801991	50.7383	7.63148	0.459496	16.0329	7.6484	0.295334	23.2804	2.22001	0.236957	8.58808	3.43809	0.157155	13.7576	9.76925	0.894538	38.6064	5.637	0.958996	21.9302	5.83426	0.682001	27.7837	
3.32996	0.728143	9.92675	5.70987	0.506646	20.2051	8.01929	0.322378	38.0833	7.03667	0.984844	25.0447	5.27495	0.942517	24.8465	5.08168	0.615138	10.9348	5.33931	0.347688	23.8762	2.33591	0.259165	8.69677	9.74815	0.798577	47.1052	7.38202	0.935326	29.9437	8.59534	0.119668	21.7016	1.79281	0.573335	7.96346	3.50302	0.335848	16.3943	9.66757	0.532765	29.4447	7.17954	0.98435	35.5072	4.62792	0.841974	20.2371	
5.69711	0.323797	16.6649	6.29203	0.660364	16.5481	6.96048	0.733912	25.0909	6.25142	0.269817	20.8643	5.66383	0.392562	21.5053	2.84089	0.973162	6.96436	1.96246	0.474226	8.70023	3.54361	0.132692	7.79022	7.44423	0.195853	17.371	6.2285	0.44017	30.051	9.1024	0.581895	38.645	5.11401	0.733137	17.2194	4.27724	0.737168	17.3717	8.42257	0.326256	29.9837	8.77185	0.673488	22.4558	2.58777	0.131261	11.3345	
9.53366	0.700018	26.1119	9.26412	0.739721	34.2307	8.42178	0.28855	26.3079	8.16107	0.420097	24.6681	8.62881	0.938689	34.8235	4.68671	0.756378	18.8504	2.65219	0.170196	12.7452	7.32458	0.681003	29.2444	7.08631	0.603963	33.5158	7.76732	0.248549	29.7111	11.6533	0.188136	43.2363	8.9596	0.219789	28.8701	7.74385	0.365711	25.6974	9.38022	0.522788	41.2136	12.0763	0.392534	32.0539	4.8736	0.974249	12.4823	
8.73355	0.954105	27.3885	6.68048	0.59581	27.5513	4.1423	0.600514	10.6058	4.45762	0.128636	11.0276	6.21589	0.216834	29.9381	3.46382	0.355196	15.7695	4.14885	0.523129	9.24344	6.94038	0.42967	16.1137	1.90014	0.366397	6.9613	3.76307	0.360299	9.78651	8.01353	0.90305	27.5166	10.3352	0.7886	27.6002	6.50936	0.70625	22.5758	4.51756	0.993626	10.5645	9.53753	0.967923	43.613	3.9236	0.611941	12.0854	


# This instance was randomly generated with the following parameters: 
# SIGMA_MIN=0.1
# SIGMA_MAX=1
# CAPACITY_OVER_DEMAND=3