11	22
119.868	724.64	46.4661
166.646	1002.02	97.799
73.0169	404.996	16.397
17.0437	1188.83	129.718
172.686	1194.47	141.862
177.26	1267.59	139.469
28.2684	1103.6	108.682
73.3124	1185.36	128.984
140.913	1092.25	105.042
131.439	666.88	38.2489
60.593	1098.71	111.632
46.1455
39.1814
10.1682
19.2353
47.9363
54.6481
51.0762
18.6564
27.7138
39.5937
16.6577
26.6929
34.8688
29.855
28.3933
38.0011
27.55
23.9191
31.1463
18.0382
23.2771
56.7784
8.03537	0.275504	19.7044	8.12925	0.55846	25.3564	6.23685	0.693844	16.227	7.03451	0.989273	24.5497	5.78925	0.850955	17.8106	3.12888	0.653267	11.5795	7.28554	0.936541	18.2527	6.54677	0.592966	18.8521	3.12358	0.511063	10.6746	4.96146	0.685272	21.0351	6.91872	0.760254	22.0856	4.52027	0.369122	17.9906	7.03145	0.726134	28.8036	9.67321	0.737781	36.3031	4.21949	0.439578	16.5122	0.455309	0.842509	1.37039	7.02019	0.515913	22.2821	6.48114	0.807977	14.4599	2.95782	0.23108	14.2921	4.18349	0.474828	16.4208	7.634	0.9204	33.701	5.40403	0.203785	11.3564	
7.45561	0.336272	34.616	6.4132	0.144797	21.4757	3.86701	0.919548	9.93383	4.68929	0.951835	14.0679	5.72162	0.421069	15.6549	1.19807	0.469153	2.44246	7.99934	0.889517	25.6574	5.10117	0.255673	19.9967	0.840024	0.562236	4.0569	3.91164	0.375697	14.9615	5.33694	0.561292	26.0214	2.23272	0.177705	6.30871	4.70034	0.188242	16.178	8.19347	0.388879	21.1059	5.81813	0.441652	12.8796	2.43524	0.35531	8.6788	7.15496	0.661086	22.6797	5.06907	0.517877	14.562	4.42103	0.790219	16.415	4.34925	0.522988	12.4526	5.63045	0.854749	13.3628	5.09398	0.256599	25.0451	
7.43814	0.217015	26.7382	4.17472	0.916979	12.0203	0.750444	0.598874	2.63528	0.748215	0.967351	2.21066	7.10063	0.224914	16.0543	3.84336	0.773861	15.1645	9.94912	0.312305	31.156	4.19309	0.67574	14.5097	3.72259	0.407555	14.4155	4.63892	0.117025	17.7874	3.94943	0.2937	12.0858	3.21949	0.913802	13.8841	0.848535	0.861773	3.30397	6.08418	0.874472	17.5796	9.20826	0.414071	41.3089	6.85475	0.637802	15.9491	8.42138	0.11149	23.8064	4.26058	0.444855	19.2099	7.94203	0.73123	20.3318	6.59459	0.104702	28.5525	2.79907	0.166677	13.9142	6.35581	0.546101	18.0098	
4.37033	0.383989	18.5032	8.22661	0.348288	19.2714	10.2887	0.7175	32.3877	10.5323	0.851818	51.9646	3.93167	0.852348	11.8856	8.55421	0.847798	24.2757	1.41397	0.403045	5.32063	7.05615	0.677834	30.0689	9.08363	0.16227	21.033	6.40227	0.755207	18.997	7.49198	0.828258	18.5539	11.2308	0.813183	56.0085	10.4434	0.88473	49.7685	7.90639	0.483804	33.7853	5.0023	0.827221	10.1898	9.15452	0.622276	24.4696	2.58859	0.23298	7.79685	6.95985	0.242787	23.3149	5.82952	0.166844	23.1177	5.00547	0.348979	10.7421	9.16281	0.618094	30.5137	4.68286	0.924654	10.3242	
2.66195	0.726516	9.83355	2.2965	0.52632	6.50016	4.18518	0.406889	12.7387	4.26564	0.541752	19.1164	2.70885	0.317141	7.06682	3.99493	0.588549	14.103	5.49073	0.478406	14.582	0.724789	0.444589	3.52921	4.46999	0.119196	21.6502	1.40908	0.429662	5.90262	1.20867	0.164925	3.38459	6.11664	0.246457	26.8713	4.16966	0.917913	12.2156	3.34793	0.831241	12.301	6.17081	0.245947	22.3346	6.68633	0.831703	13.7569	3.76012	0.732724	17.4619	0.624453	0.900272	2.83697	5.42151	0.18433	20.0762	3.19122	0.628276	13.051	2.86555	0.843092	5.89309	2.12396	0.990752	5.21208	
2.25464	0.437383	8.9149	6.23048	0.201724	13.4476	8.86471	0.170085	22.9377	8.95573	0.791118	31.5847	3.09016	0.669529	11.9719	7.79644	0.294964	33.7341	2.63889	0.681388	10.0567	5.36178	0.145311	14.8941	8.33932	0.59991	33.0658	5.21885	0.600392	14.4984	5.71526	0.55535	12.7832	10.3611	0.850714	27.9828	8.85797	0.41953	20.9279	5.65032	0.542972	19.1207	5.95418	0.458143	23.3842	9.2237	0.744964	24.8303	1.77015	0.221359	4.58596	5.28205	0.523691	15.5233	6.2896	0.759972	15.7352	4.63528	0.856003	12.7509	7.33317	0.634363	19.9882	3.70842	0.670138	15.8067	
3.35548	0.466904	13.2043	6.44259	0.606215	23.8118	7.83949	0.296723	32.0992	8.18455	0.724985	17.2444	1.54846	0.654615	4.82332	5.88624	0.495335	14.1536	1.39662	0.449502	4.47518	4.96336	0.197524	18.4338	6.41171	0.476574	30.6803	3.93703	0.308975	9.93531	5.45927	0.943841	16.5904	8.56673	0.319707	26.5905	8.10461	0.341015	35.3518	6.7188	0.859593	18.2986	3.16791	0.486326	9.06444	6.62809	0.311952	25.9623	1.19844	0.407829	3.47629	4.85699	0.604977	17.647	3.4998	0.829165	7.58641	2.3264	0.404472	10.7866	7.1027	0.977605	18.1108	2.24453	0.159485	6.02586	
6.91381	0.775556	25.2663	6.81543	0.175553	17.569	5.09603	0.856743	14.4942	5.86457	0.867682	29.09	4.81094	0.962886	13.9405	1.92442	0.789756	7.9428	6.70391	0.990504	29.2995	5.24168	0.769679	21.1649	2.06006	0.470792	7.53194	3.6877	0.846524	11.8099	5.60688	0.896038	13.3216	3.88809	0.762547	16.2691	5.85183	0.179218	22.588	8.37474	0.468068	34.6644	4.19515	0.138595	20.7088	1.5928	0.72861	4.68784	6.14903	0.357567	22.5366	5.17847	0.158241	24.5429	2.80085	0.962663	10.1728	3.2537	0.609256	12.1315	6.34003	0.585194	31.1347	4.32684	0.919376	11.2773	
0.667796	0.20605	2.3326	3.52851	0.414277	7.5241	6.65806	0.376082	15.3567	6.57923	0.85859	15.4846	3.01365	0.744182	14.5512	6.48079	0.428026	18.8552	4.71237	0.96992	11.3333	3.07565	0.347844	9.69033	6.98721	0.94681	34.4299	3.72812	0.473521	18.6113	3.27811	0.404774	13.3637	8.71879	0.942426	27.7047	6.47555	0.18939	16.8057	2.92519	0.274417	11.6698	6.9089	0.139321	25.679	8.77984	0.371189	28.28	2.92813	0.985926	10.5132	3.03083	0.778738	8.64468	6.65978	0.98505	13.7326	4.43358	0.855483	17.8003	4.75244	0.982453	22.3757	3.07312	0.268088	14.3714	
3.09475	0.836379	12.9978	6.33949	0.31521	15.6854	7.91123	0.116694	17.9737	8.22315	0.220107	34.0065	1.54712	0.601266	5.06826	6.07895	0.834006	17.3551	1.31573	0.219001	5.99578	4.91829	0.177983	12.7211	6.61032	0.396294	15.9306	4.00326	0.662025	12.3833	5.40307	0.780536	14.7221	8.75389	0.122798	19.9342	8.14029	0.401333	27.532	6.52072	0.691757	23.0865	3.5148	0.837221	15.4828	6.93878	0.96695	19.7935	0.877838	0.384503	3.24712	4.81366	0.188985	22.1623	3.8443	0.908734	10.2622	2.55292	0.455116	8.50014	7.06156	0.759793	19.5918	2.28391	0.800178	9.20339	
4.42696	0.916082	12.1788	5.88427	0.529105	19.0444	6.03309	0.468947	15.3395	6.55882	0.627054	29.2756	2.02689	0.523706	8.69655	3.54707	0.437327	17.5075	3.79514	0.610418	9.68086	4.15878	0.201565	16.5709	4.04109	0.223633	18.7274	2.54505	0.321367	9.71748	4.66535	0.352317	22.7732	6.21016	0.683662	28.7136	6.49961	0.731719	27.6186	6.87133	0.646509	30.8482	2.61105	0.959186	6.36902	4.24306	0.398022	13.5127	3.21852	0.374868	7.35621	4.05671	0.27497	15.5384	1.8205	0.305803	4.24193	0.480096	0.31122	2.2261	6.0509	0.239125	27.0583	1.84719	0.407462	4.35417	


# This instance was randomly generated with the following parameters: 
# SIGMA_MIN=0.1
# SIGMA_MAX=1
# CAPACITY_OVER_DEMAND=1.5