9	18
75.635	1020.02	103.268
99.4025	963.699	77.5907
153.404	1115.02	120.113
149.776	688.286	41.6107
144.003	713.27	46.2457
147.656	1278.24	159.963
152.442	990.705	97.8534
91.4229	1333.03	152.443
145.426	919.105	73.826
12.7864
3.66164
22.7946
22.2702
15.311
37.0978
58.1237
2.68681
23.1388
53.7275
9.24406
16.6733
40.5968
18.5369
11.9701
19.0949
46.158
22.5839
10.3307	0.34561	40.8627	8.20004	0.690841	28.4601	9.33453	0.656386	32.2647	4.52289	0.751127	11.616	2.10968	0.878999	8.44162	4.01478	0.760341	17.4086	6.66794	0.335221	26.0419	0.866708	0.857422	4.26841	11.0293	0.569477	48.2784	7.19155	0.934789	28.8363	3.42585	0.47243	13.0777	6.41502	0.407461	23.2213	9.82287	0.29657	29.5073	8.85068	0.484791	38.9988	9.89631	0.661622	46.8862	3.74415	0.232322	8.40606	3.36173	0.918332	9.80809	7.23496	0.864936	24.3524	
7.84104	0.444253	31.3253	6.22075	0.889464	29.4248	6.84087	0.17882	27.93	3.2152	0.55715	9.60215	1.58579	0.81884	5.54133	1.85245	0.615829	8.08109	4.63032	0.743863	15.5284	3.37464	0.482042	16.6665	8.55568	0.810439	20.8207	6.45861	0.25492	25.2304	1.15924	0.664613	2.34796	4.34049	0.598396	15.6888	7.31356	0.611565	21.0404	6.48661	0.89624	26.3726	7.42012	0.401321	29.139	1.30581	0.416609	6.43164	3.77305	0.419554	11.9906	5.17047	0.543399	22.329	
7.43085	0.220456	25.9417	7.91292	0.604263	21.0854	5.58873	0.779311	14.7287	6.20712	0.335336	21.2791	3.00287	0.250186	6.8474	4.38455	0.616677	12.5126	6.47544	0.585753	29.8267	5.79133	0.954365	22.2993	8.24217	0.75282	39.5378	9.48149	0.193124	34.9601	3.93	0.742579	10.4821	6.17543	0.586292	14.1349	6.36355	0.931742	28.9099	4.38771	0.262298	13.9977	7.2016	0.334787	15.2982	3.56867	0.375292	13.6782	7.19809	0.530667	32.9793	6.85649	0.811354	26.1124	
7.43997	0.118898	24.4627	5.50495	0.259122	23.8678	6.64561	0.388068	20.879	2.46867	0.870726	10.4841	2.34896	0.70248	9.64635	1.14603	0.785567	3.9454	3.92022	0.921697	11.2004	3.78244	0.536509	11.9402	8.12096	0.722972	16.9394	5.73781	0.570684	22.0113	0.501877	0.577945	2.40924	3.6386	0.501618	12.8037	7.03736	0.529583	33.1447	6.49932	0.497293	30.1891	6.99171	0.254157	34.1527	0.884177	0.235791	3.54833	3.38777	0.323047	9.32296	4.47104	0.298999	12.3722	
7.4225	0.791986	26.1227	5.59102	0.72819	24.2673	6.58093	0.134462	30.5924	2.62049	0.893924	7.35003	2.22983	0.409063	6.09043	1.22164	0.685409	5.57159	4.00271	0.994799	13.22	3.78216	0.824714	18.503	8.11256	0.685444	30.3694	5.89418	0.595008	29.3838	0.539958	0.834813	1.49315	3.7168	0.799056	7.89806	6.99017	0.380273	19.7661	6.39647	0.45212	18.4441	6.98093	0.133046	17.1854	0.83831	0.344605	3.8549	3.52901	0.163023	14.3564	4.54858	0.718789	13.5271	
7.90877	0.211363	20.7106	4.95181	0.93773	13.1286	7.56129	0.268322	26.8178	1.17093	0.811528	5.48799	3.71012	0.760865	7.57351	1.64219	0.325416	4.48127	3.52078	0.270945	13.1756	4.06584	0.769096	18.4223	8.48754	0.494209	18.8587	4.19812	0.226758	15.0063	1.71638	0.976753	4.41726	3.32093	0.567105	8.793	7.7904	0.136947	31.2806	7.73524	0.937259	27.5359	7.40808	0.90658	26.5161	2.18091	0.982376	4.95503	2.03381	0.394282	7.70348	4.08212	0.401722	16.1579	
9.1629	0.837546	40.2707	8.27832	0.312182	19.9332	7.70363	0.693254	38.2679	5.38226	0.103824	14.0837	0.687646	0.247813	1.43069	3.97103	0.432886	11.035	6.69206	0.659037	26.7268	3.18992	0.857531	15.6049	9.939	0.598607	40.0384	8.57698	0.95306	18.5779	3.2873	0.664084	7.41139	6.39121	0.321877	25.5886	8.35335	0.702827	29.7368	6.83254	0.317282	21.2004	8.81911	0.711149	19.9248	3.25399	0.414291	9.50347	5.40015	0.52734	13.6553	7.20482	0.347506	14.9316	
3.43977	0.385764	16.056	6.62098	0.713751	29.6945	1.16412	0.252306	2.55139	7.54554	0.231174	21.8932	7.21747	0.132272	17.9671	6.04383	0.15912	26.5061	5.99367	0.526788	23.4287	9.87872	0.868203	40.4462	4.18079	0.72034	10.0144	10.0814	0.757851	30.2279	6.17637	0.987652	27.7395	5.8335	0.317539	21.0758	2.03385	0.39591	9.06042	0.663008	0.223467	1.82648	3.51767	0.725694	11.8504	5.69811	0.84457	18.8229	9.71431	0.151502	22.862	5.97031	0.900069	13.0605	
1.60806	0.460934	5.56479	4.16057	0.74532	9.39085	1.62296	0.206364	7.85495	6.02255	0.251532	17.5508	7.36817	0.799436	28.2196	5.01831	0.977861	14.4831	3.8982	0.78506	17.3072	9.63602	0.58123	32.7693	2.3911	0.150811	8.69763	7.99108	0.924204	30.138	5.42616	0.413824	11.2589	3.83342	0.136161	11.9807	1.35245	0.113285	5.69631	3.17245	0.946201	15.1202	1.30928	0.927446	6.31371	5.04059	0.802056	14.6238	8.50867	0.584814	38.032	3.70946	0.797716	18.137	


# This instance was randomly generated with the following parameters: 
# SIGMA_MIN=0.1
# SIGMA_MAX=1
# CAPACITY_OVER_DEMAND=2