8	16
175.096	1115.76	106.102
47.6812	1175.98	124.635
32.634	375.038	12.0562
29.6915	1284.13	140.119
126.856	1146.01	126.062
157.007	1233.5	134.438
158.223	400.127	15.5743
165.756	1272.84	154.2
27.5952
12.9574
40.7785
41.1817
32.1396
10.6394
18.675
14.8107
32.8471
45.5807
13.0768
0.980889
35.5468
18.1565
26.7035
34.9236
7.29531	1.59366	28.1876	3.31659	1.54742	7.96475	6.4944	1.75975	28.1862	8.62778	1.60777	36.9702	6.19327	0.675498	15.4945	8.21034	1.36922	32.3373	5.73055	1.7206	20.328	3.36637	1.19958	14.1657	5.88009	0.693992	21.7054	8.39562	1.71881	41.7403	1.49353	1.53888	4.8218	9.97401	1.87865	27.207	10.1186	0.621104	39.9845	4.53362	0.887772	10.641	3.56589	1.65038	8.77151	2.7689	0.767324	12.3575	
5.86495	1.59617	16.0248	6.94659	1.44011	17.9412	6.01299	0.502757	27.957	3.64951	1.00317	10.0074	1.48354	0.69189	5.72993	4.4998	1.90801	10.7233	8.5322	1.6593	39.0128	5.47017	1.99689	16.7682	7.34585	1.16336	29.6585	5.85903	1.86441	15.1935	6.21135	0.673381	17.5028	8.06626	1.51224	38.4345	7.51082	1.19683	31.5745	2.72881	1.01054	7.22736	5.8972	0.692546	12.2508	3.66426	1.46101	16.7516	
6.47484	1.89653	23.2078	3.92695	0.816188	14.7702	5.86509	1.67359	22.5318	7.22666	1.62599	23.5979	4.79703	1.22177	19.1516	6.97361	1.71691	32.2501	6.13508	1.96828	15.462	3.26118	1.8307	10.8816	5.80654	0.587753	25.7965	7.37942	1.79349	31.7333	2.65412	1.81816	8.70078	9.14295	1.99001	36.917	9.13528	1.51482	34.6937	3.36531	1.68438	8.63307	3.59553	0.518017	10.7656	1.91543	1.59228	5.33493	
9.13332	0.910214	22.9309	5.2804	1.30254	25.5897	8.44061	1.68103	40.5384	9.40819	1.03403	21.2709	7.07694	1.44255	34.8457	9.5631	1.20803	22.3911	7.72255	1.73832	17.093	5.43	1.38852	14.3638	7.95452	1.43772	26.9887	10.064	1.44597	44.0517	1.15383	1.27847	5.29201	11.8097	1.55363	33.6188	11.8209	1.81293	56.6103	6.03182	1.52786	12.687	5.6402	1.96416	27.7272	4.54256	1.96225	14.3695	
2.26637	1.53239	5.82182	6.99884	1.60968	20.2354	3.15096	1.65979	7.27951	3.69652	1.70031	14.2806	2.95882	1.06401	13.362	1.24281	0.611262	3.2932	7.34147	0.57073	32.6177	5.19431	0.714785	18.7474	5.47858	0.829237	18.0794	1.67657	1.4356	6.80538	8.64593	1.93936	21.7971	3.91212	1.59639	9.97777	3.35014	1.83749	13.8536	2.68571	1.51842	12.8336	5.49199	1.19695	16.0397	4.4781	1.76879	11.5495	
1.80496	1.78019	6.90617	4.33806	1.00876	12.3966	1.06763	1.82105	4.37878	6.27034	1.21125	15.6287	4.5791	1.77057	22.6776	4.12439	1.53917	12.633	4.45729	1.47321	12.9558	2.64187	1.39924	6.05532	2.65876	1.22054	8.83117	3.24162	1.44593	14.1685	7.02189	1.91533	22.0956	4.4551	0.722401	12.6198	4.78252	0.852919	15.2243	2.35221	1.91634	6.89032	2.82682	0.674411	9.50241	2.91089	1.71583	10.7317	
4.38666	0.853855	11.4082	2.79354	1.37452	12.7063	3.1476	1.14585	9.5393	9.49178	1.11299	39.6114	7.59952	1.18119	19.9365	7.3309	0.925428	33.0422	1.31457	0.954748	5.04639	2.58738	1.46738	11.028	0.693136	1.64492	3.3178	6.06436	0.680995	28.7398	6.97518	1.57433	29.8323	6.32301	1.07666	19.3091	7.17915	0.954329	26.6084	5.09316	0.552579	23.9846	2.2494	1.09234	9.75609	4.34795	0.633601	12.9578	
5.2004	0.729805	16.8229	5.16005	0.914624	17.5794	4.99024	1.16284	13.4656	5.05097	0.652183	17.5933	2.61511	1.28266	6.61339	4.94277	1.85741	23.6183	6.85113	1.59069	29.0302	3.75581	0.54518	12.5395	5.85999	0.84889	26.5577	5.70671	0.634245	21.008	4.81893	0.564168	23.5103	7.72243	1.39064	27.6784	7.4655	0.799952	31.6941	1.73317	1.67144	6.53194	4.18131	1.58778	14.1352	1.90746	0.765638	5.98053	


# This instance was randomly generated with the following parameters: 
# SIGMA_MIN=0.5
# SIGMA_MAX=2
# CAPACITY_OVER_DEMAND=2