10	20
90.9295	1116.55	104.967
41.2691	1130.47	105.779
108.111	1221.37	138.779
102.122	752.461	54.8737
66.4852	808.351	63.2755
54.107	1264.32	140.786
5.40104	1258.19	145.287
74.2464	805.294	60.7732
161.828	1033.5	101.115
155.189	966.258	88.169
22.381
22.2756
48.2781
70.6491
13.3797
47.3974
69.6439
1.05573
41.7471
46.2012
20.3533
22.734
18.5715
51.4759
45.6719
53.219
27.9435
29.1892
3.84163
13.1943
3.2722	0.599011	10.5049	5.40921	1.89703	18.8951	4.74498	1.2513	11.1782	0.981801	0.542328	3.02694	1.75188	0.689447	8.00813	4.88355	0.747624	12.2257	2.23841	1.28456	6.04873	2.71664	1.77888	6.04595	4.59484	1.2286	16.2065	4.82779	1.19893	14.5005	6.29479	0.829443	27.7023	6.3111	0.990791	30.7908	7.09021	1.8551	28.6687	2.40158	1.93552	10.5982	8.27071	1.76332	30.3372	3.79518	1.40143	10.4509	3.81765	1.16047	10.639	2.45813	0.895856	5.53508	4.24337	1.94478	17.7532	5.4102	1.93002	23.3299	
5.62788	1.02522	24.9152	1.37357	1.80725	6.6473	6.11582	0.884231	23.7573	5.38852	1.54749	22.271	6.16256	0.592867	21.6951	3.66303	1.63277	13.7039	4.6741	0.85039	12.3614	7.23579	1.95515	26.6135	7.26361	0.992429	18.9507	1.90409	1.61476	7.30044	7.45417	1.74009	17.6626	5.3209	1.20233	19.5759	6.59535	1.21661	24.5449	3.42035	1.93537	16.7126	8.206	0.589012	28.2018	7.54655	0.503941	18.0855	0.934633	0.675185	3.63239	4.80577	1.16546	16.0854	6.05155	1.91694	20.8842	0.942166	0.992012	4.35938	
6.69614	1.22808	17.7597	5.08757	0.792147	18.2445	6.15087	1.3393	21.8737	8.61483	1.65906	28.6449	8.50637	0.833916	37.0167	3.37982	1.8096	6.85015	6.40944	1.19291	25.7464	9.4913	1.39913	27.0009	7.87191	0.786135	18.4236	5.9482	1.61072	20.6062	6.72402	0.9115	16.6378	3.64901	0.504152	16.7877	4.70508	1.01329	12.363	7.29434	1.57804	30.4008	6.14798	1.26291	23.0618	8.97596	0.848291	35.8933	4.57272	1.49897	18.8174	6.38503	0.874736	20.5905	6.47587	1.47248	32.1867	3.21751	0.524109	7.50843	
1.63564	1.03997	7.66874	8.06342	1.11089	23.7357	0.762134	1.15488	3.56684	5.72363	1.00472	20.9177	3.98941	1.79818	12.8484	3.70192	0.840472	17.25	2.7928	1.06066	10.2419	4.33809	1.59497	16.2852	1.11768	1.21678	3.41692	8.07177	1.11662	27.4839	1.48934	0.528439	3.32514	3.52622	1.94683	14.5025	3.35839	0.661566	7.25493	6.76299	0.672438	18.1725	3.83948	0.902413	15.5414	2.80485	1.38331	13.297	6.05912	1.12799	18.863	2.56005	0.789053	8.43896	0.756148	1.08742	1.84603	6.75472	1.56022	17.555	
3.90251	1.07015	10.2932	4.82126	1.65726	23.1727	3.50145	0.61777	11.9037	6.25334	1.86699	16.0076	5.81869	1.33175	22.3384	0.589393	1.95118	2.22136	3.67976	1.55752	13.3522	6.7609	0.572282	27.6656	5.14491	0.515656	15.0993	5.29315	1.26813	17.1628	4.41984	0.760661	11.1015	1.85787	0.701428	5.37325	3.14151	1.91357	13.8727	5.55377	1.82165	22.176	4.76034	0.696018	20.1796	6.18213	0.657704	27.0916	3.26862	1.02463	10.6178	3.62998	0.628831	12.172	3.7447	1.87461	11.5046	2.99199	1.40656	13.1315	
6.97453	1.94103	23.2358	0.410547	1.37033	1.33534	7.50156	0.856387	29.0905	6.21499	1.37366	25.0654	7.28031	1.51942	14.7651	4.99391	1.21699	20.99	5.97258	1.29014	26.4178	8.34185	1.3607	36.7494	8.62164	1.59798	38.7032	1.42236	1.19656	3.23643	8.83289	1.76954	40.6388	6.58827	1.0447	28.7784	7.87555	1.73498	26.8163	3.91536	1.1041	11.1158	9.49476	1.89602	28.9421	8.81238	1.12918	31.4049	2.17065	1.38411	8.85096	6.12041	1.35152	27.7172	7.43021	1.49323	23.9805	1.79642	1.4704	8.97546	
6.80028	0.504411	23.5074	3.7903	1.39254	8.72435	8.04046	0.983986	38.1394	3.61542	1.39827	8.66609	5.55089	1.84249	22.621	6.85569	0.676763	23.4567	5.61418	0.51009	25.9287	6.36278	0.82546	27.4649	8.3204	1.12904	38.925	2.78127	1.05156	11.7935	9.61953	1.93126	35.4843	8.60257	1.0136	37.812	9.70881	1.57536	32.7329	1.64266	1.98341	5.06324	11.1661	0.571437	41.3192	7.64356	1.98184	15.3635	3.8429	0.80766	12.2195	5.84504	1.51521	14.3158	7.66668	1.09487	38.2046	5.18348	1.87762	17.4961	
6.30357	0.611433	15.1653	1.8867	1.30691	5.32597	7.26531	1.03521	16.8101	4.32125	1.16902	12.3793	5.81868	1.04364	15.0716	5.48807	1.29706	14.3156	5.13808	1.85751	13.1797	6.80726	1.09432	14.8964	7.94579	1.88141	16.8593	0.922681	1.94173	2.45534	8.7842	0.778834	36.343	7.2458	1.38372	22.6472	8.44806	1.54504	33.4448	1.83937	0.502594	4.16602	9.99703	1.03963	30.299	7.68479	0.547526	22.5216	2.20689	1.41689	8.16938	5.34304	1.00544	19.0477	7.01421	0.732798	19.1886	3.3062	1.24045	7.14308	
5.81909	1.96301	20.5752	2.79545	0.502373	6.45488	6.93507	1.34286	30.1355	3.39483	1.79401	11.2199	5.0217	1.30741	18.5831	5.53922	1.71341	14.9024	4.62867	0.659718	17.5893	5.96869	1.2388	27.1295	7.41717	1.78581	21.7977	1.88551	1.67569	5.12231	8.49619	1.86768	37.9221	7.29446	1.20862	34.6291	8.42907	0.873939	29.699	0.905021	1.01842	3.88602	9.91869	1.52476	43.3583	6.98271	0.509828	32.7986	2.50099	1.13884	9.35953	4.84951	0.728193	16.2834	6.61552	0.758135	25.9294	3.91197	1.9548	10.0189	
6.30005	1.30102	16.6167	7.77774	1.8804	20.7754	5.1037	0.536601	15.3925	9.53745	1.68613	20.8549	8.70832	0.554333	31.6824	3.71189	1.26848	10.7096	6.60112	1.12163	23.0958	9.48184	0.676291	41.7755	6.83682	0.558184	19.9134	8.45532	1.31192	19.5087	4.88428	1.86708	13.2293	2.37285	1.38891	11.7653	2.48485	0.610165	7.57436	9.00223	1.92572	43.0846	3.38293	0.867189	12.3339	8.38387	0.762359	25.9658	6.59806	1.69833	31.8788	6.46809	1.3272	13.9208	5.63988	0.996322	24.0345	5.79746	1.56557	24.7902	


# This instance was randomly generated with the following parameters: 
# SIGMA_MIN=0.5
# SIGMA_MAX=2
# CAPACITY_OVER_DEMAND=1.5