6	12
154.438	1034.14	88.9693
64.9737	921.382	80.7701
120.188	1295.09	157.695
94.354	1189.74	141.475
144.262	860.026	73.3711
78.4772	560.703	27.1545
9.91946
17.7283
16.6839
5.13133
15.5745
13.8385
3.1471
4.4051
1.8794
13.2949
7.76011
4.5244
4.36618	3.48029	20.4043	6.18576	2.16248	18.1626	3.98004	3.81743	11.467	1.90259	2.51276	4.84457	8.32379	2.77337	21.7799	2.28238	3.47417	10.8077	5.34257	1.9591	18.2641	4.86273	2.98315	14.7668	5.7	3.861	24.6403	6.44194	1.94403	25.4956	2.02932	1.20246	9.12345	0.904801	2.56752	3.00871	
8.30055	3.8762	24.0133	0.453883	3.53979	1.7605	3.49658	3.93137	15.5326	7.28369	2.1818	15.441	5.4453	1.56118	11.3057	4.73315	3.54963	20.0701	9.22848	1.18939	33.555	1.93382	3.92139	6.11852	5.91485	3.52212	15.0247	5.96978	1.2078	28.799	5.40387	1.86954	21.41	7.01848	1.30089	20.5751	
2.6342	1.8569	11.9993	6.56522	1.83845	19.3956	3.71865	3.13472	15.9627	3.4879	3.63102	7.53582	7.55198	1.88422	19.5229	3.7466	1.00229	9.05707	3.62162	2.08472	8.01829	5.0338	3.58151	17.4228	4.51543	2.4383	20.0916	5.30974	2.70393	16.1443	1.43104	1.68228	6.56391	1.20578	1.71163	3.44866	
7.79568	3.34248	26.4654	0.363105	1.97437	0.831949	2.99454	1.26397	13.1926	6.92185	3.49793	17.9116	5.21823	1.23061	22.3279	4.40061	3.40216	17.9348	8.72531	1.11598	36.9706	1.4331	2.18488	6.67917	5.46725	3.58176	18.6859	5.55929	3.86122	26.5222	4.90905	1.09362	17.0611	6.5612	3.10234	20.244	
6.10112	1.05995	26.9873	8.76652	3.69111	26.1449	6.82752	3.55298	18.7382	1.58936	3.67374	6.59372	11.1618	3.4158	29.8593	4.14601	2.26778	10.113	6.85552	2.89569	25.8235	7.59473	1.05024	27.0297	8.37944	1.29152	25.5788	9.15492	1.56301	27.1846	4.80342	2.48207	10.6028	2.75092	3.69791	9.42089	
4.02698	2.32993	18.9399	8.20926	1.9671	19.5227	5.69071	1.2888	18.773	2.53813	1.41199	7.09054	9.71196	2.69604	43.7415	4.26227	1.38644	19.2342	4.76371	2.88419	9.57082	6.80199	2.88127	32.8048	6.66493	1.81145	23.3172	7.46421	2.61246	21.8551	3.41923	3.13845	9.57632	1.35242	1.51576	3.67589	


# This instance was randomly generated with the following parameters: 
# SIGMA_MIN=1
# SIGMA_MAX=4
# CAPACITY_OVER_DEMAND=5