8	16
60.0958	1352	158.208
104.584	1279.24	153.586
103.765	909.587	72.284
170.121	1096.08	105.149
35.7003	1123.43	111.895
137.11	963.494	90.2578
56.9527	1150.99	127.263
126.798	1236.58	130.166
23.6646
44.3835
11.5023
66.9749
54.5118
19.304
44.5046
41.9812
9.76742
50.8108
24.5277
43.5242
67.4875
28.9495
52.4042
48.2414
3.24002	3.65123	11.8491	1.2833	2.60717	3.85978	8.4705	2.2833	36.3446	4.31846	1.25868	11.5811	3.22417	3.63269	9.48192	1.1018	1.46332	2.93913	4.02176	3.12628	8.56129	3.16306	2.18514	9.07314	6.93178	3.14584	24.6619	4.57578	2.39363	16.5207	8.94652	1.11739	24.8502	4.45343	3.99706	9.40347	7.65792	1.60883	24.8105	8.31922	3.30566	32.0777	4.42278	2.67576	16.5104	7.52207	2.72155	15.1756	
9.00836	1.83145	21.3289	9.22073	3.23816	20.1885	1.50107	3.17238	6.23389	5.78314	3.62868	22.8834	5.23507	2.90477	24.9839	8.05413	3.35285	29.343	10.4963	1.95664	42.271	9.47486	2.97368	37.2588	5.38789	3.00556	17.775	10.8654	3.57543	29.5094	0.932133	2.22039	3.7472	5.19404	2.12092	16.9728	1.2109	3.12173	2.5852	5.15368	1.82903	17.1893	8.44795	3.47872	26.7638	6.13719	1.75443	19.1477	
5.27546	3.04827	13.2551	3.08609	3.39901	11.6925	6.71156	3.08319	14.9007	4.35824	2.08031	18.1056	1.51796	1.63329	5.69633	1.95154	2.85901	7.2935	4.33272	1.38053	18.5911	3.26732	2.56319	12.6251	4.18298	1.77537	17.8368	4.77748	3.0689	21.7438	6.61167	3.33958	22.2943	4.10339	1.78722	20.0726	5.30895	1.57365	15.6633	5.54462	1.08851	21.0821	5.8979	3.5682	17.1728	4.83606	3.79747	9.6887	
5.56615	3.44741	27.6111	4.18152	1.07356	15.2612	5.54518	1.30848	22.4847	3.88032	3.32938	13.2176	0.912276	2.4357	2.60915	3.01588	2.30732	12.941	5.48839	3.77531	16.01	4.43212	2.14116	14.6433	3.76972	3.71667	8.30917	5.91341	2.22164	24.0381	5.45819	3.79967	22.4212	3.48892	3.18647	9.09701	4.15342	1.5722	13.4332	4.96308	3.57163	15.0129	5.88866	1.78318	21.248	4.55579	3.08976	18.0749	
11.2382	2.36544	53.0654	8.16787	2.57872	34.6292	8.89348	3.63103	18.386	9.68307	2.70277	21.677	6.78975	2.43476	29.2762	7.42532	3.74787	28.4741	7.1176	3.63338	27.9763	6.70324	1.08376	27.514	2.3899	2.80677	6.12721	7.08661	1.29809	21.7833	7.08956	3.30141	27.2215	9.20916	3.33188	38.7968	6.41765	3.50768	17.0547	2.52596	3.87325	8.36084	11.7451	3.56879	52.011	1.51036	2.53479	4.30587	
11.8913	2.42538	28.6538	9.28917	3.65702	27.288	8.20905	2.91057	24.8393	9.90433	1.63053	43.2678	7.22777	1.67927	19.6517	8.41423	3.20878	33.0058	8.57738	2.42041	38.591	8.04595	2.64866	22.2654	2.57783	2.20032	9.27892	8.60142	3.18645	31.2983	6.14017	3.56209	23.9547	9.37127	3.74346	24.5108	5.74381	2.86238	27.9825	1.69356	1.22564	5.99255	12.2012	2.53027	48.9866	1.90774	1.96595	9.25589	
5.39511	1.36825	22.5741	6.75024	1.31771	19.6668	3.09101	2.94565	11.6514	2.07371	1.07389	9.77842	3.08624	1.47166	9.86688	5.70458	2.31967	16.4566	8.81658	1.40521	33.3449	7.7433	1.25601	24.3963	6.42562	2.88651	29.3561	9.30348	3.70809	20.968	4.58915	3.74322	17.9	1.5246	1.08759	4.37853	3.70661	3.85508	11.5868	7.03417	3.80007	19.6875	4.71272	1.63164	20.405	7.3112	3.04073	21.7915	
5.08048	2.80454	15.5733	6.4224	3.20656	13.9657	3.41703	2.8873	8.25141	1.78489	3.3098	5.05309	2.82213	3.1046	8.31672	5.3872	2.94268	25.1444	8.52424	2.30023	37.5445	7.4525	3.53035	18.9277	6.37819	2.46194	30.6531	9.01654	1.97081	18.672	4.82662	3.00863	10.8675	1.21192	3.09825	5.34798	3.88375	1.67444	7.82225	7.05453	3.36565	21.8164	4.44891	1.00357	11.5367	7.26202	2.04927	35.0283	


# This instance was randomly generated with the following parameters: 
# SIGMA_MIN=1
# SIGMA_MAX=4
# CAPACITY_OVER_DEMAND=1.5