6	12
15.7375	1159.88	128.178
130.52	737.72	52.8164
67.5626	1297.31	150.186
14.2312	1014.93	99.9428
87.6368	816.69	64.5076
131.354	1201.42	124.92
8.46156
2.79253
7.089
7.26906
7.34382
7.4147
2.44418
6.59939
5.00479
5.77805
1.48707
0.370856
5.21686	1.55808	11.7947	6.28068	0.924001	12.7119	7.56827	1.56999	24.2368	7.20812	1.68095	18.7372	4.47852	1.45999	14.0751	4.86291	1.81787	17.875	4.11764	0.922627	12.0802	1.39062	1.55439	4.29694	4.81479	1.61929	17.4749	4.52725	1.34339	12.3923	7.26692	1.93245	25.2557	6.23646	1.63339	21.7778	
3.60388	1.30654	11.9164	5.27491	1.77491	22.6612	10.9751	1.9717	31.8437	7.98647	1.99078	36.9442	8.26394	1.36436	36.5913	4.36967	0.713271	12.3187	8.9464	1.73247	32.5149	6.22602	1.40331	16.7595	6.09689	1.92021	21.1149	9.3505	0.698189	31.0848	10.9632	1.87467	28.7116	7.7538	1.26203	37.9954	
1.62905	0.690946	3.95179	3.18046	0.540141	9.99941	8.58189	1.8518	24.7933	5.53804	1.44553	17.8916	6.07659	1.95959	27.9201	1.97615	1.14111	8.23574	7.54948	0.91358	17.221	5.07685	1.63719	17.5237	3.57663	0.588315	12.4614	8.14463	1.05982	32.1828	8.64437	1.78184	39.8948	5.23544	0.850067	10.6516	
8.869	0.692765	43.1154	9.68374	1.97456	28.0933	7.81695	1.98187	30.706	9.74878	1.92289	37.8824	5.19075	1.51787	20.9458	8.32806	1.60661	18.9184	1.87745	1.70671	7.51516	2.51894	1.02061	8.76005	7.60355	1.05115	31.549	1.39635	0.644475	3.89125	7.18475	1.70922	14.6744	8.52435	0.802738	22.1669	
5.986	0.771907	16.0097	4.50007	0.803335	22.0746	5.2165	1.69858	11.2894	1.50253	1.10815	3.87626	5.80272	0.567354	15.0116	5.11379	1.84346	12.7214	9.44542	0.848182	25.8104	8.79373	1.2884	21.0059	3.80287	1.58275	13.205	10.3467	0.759418	51.1663	5.91248	0.583303	12.9654	2.30923	1.78017	8.67532	
6.96093	1.97774	16.6972	7.27104	1.36551	29.6385	4.62677	1.15558	18.6446	6.62567	0.915648	24.9353	1.80599	1.70044	4.74351	6.12084	1.89303	22.4014	1.97382	0.51695	8.96779	2.45463	1.46159	8.08389	4.7835	1.33894	22.5362	2.86389	0.555646	7.94118	4.1249	1.62204	16.1289	5.34162	0.716561	10.7269	


# This instance was randomly generated with the following parameters: 
# SIGMA_MIN=0.5
# SIGMA_MAX=2
# CAPACITY_OVER_DEMAND=10