11	22
103.855	555.801	30.1573
113.692	1306.02	151.838
2.58259	1086.22	102.873
46.226	835.918	67.0674
162.434	1228.19	137.374
172.602	724.609	51.4045
86.1145	833.132	59.5611
128.083	1293.27	157.517
85.9016	1152.51	120.817
138.987	1222.01	143.707
129.891	1183.26	139.229
5.83319
0.612144
45.073
0.714307
45.6223
3.24341
5.77638
60.1151
29.6892
55.9724
55.2694
18.4324
72.4723
22.7404
5.062
45.456
65.5356
26.4318
60.6608
62.1469
58.0777
29.4275
6.65515	0.959023	14.7758	8.45063	0.837071	39.1109	10.8579	0.393087	29.0387	11.2289	0.199702	33.0779	7.71369	0.12714	19.6518	7.22424	0.797484	31.0121	4.90548	0.866514	19.4179	6.63122	0.990494	14.2098	8.38167	0.974201	23.6029	10.9845	0.504328	22.3252	5.03319	0.241276	15.7179	6.62725	0.749762	26.9146	7.34325	0.36855	19.0192	6.54139	0.45679	25.2586	11.1085	0.809541	27.3205	9.9067	0.967245	31.4784	10.4054	0.429372	42.0129	8.83928	0.198478	37.7058	11.1074	0.749782	50.7414	8.92687	0.11002	36.8664	6.43231	0.818442	16.3356	6.57552	0.213242	27.579	
1.60271	0.563865	4.00674	2.14788	0.994172	9.7772	5.36168	0.348892	20.457	4.07851	0.158052	8.6573	7.60347	0.43087	32.4199	7.29258	0.870427	31.1357	4.49847	0.729009	20.7201	0.996355	0.846219	4.34557	8.37472	0.754903	37.2124	4.17407	0.623376	17.7844	3.03763	0.590403	10.0348	2.98287	0.34083	11.1031	2.01201	0.529967	7.15477	5.54435	0.565446	23.2085	3.9648	0.442946	13.5169	2.6356	0.489686	12.5273	4.18108	0.79883	10.3613	2.09898	0.920205	4.63022	4.53256	0.940804	10.8175	5.56038	0.243991	21.4696	4.64885	0.880748	21.1005	5.32538	0.857243	12.6037	
3.45162	0.139344	13.3558	4.70776	0.849682	23.0664	7.90573	0.821945	37.6403	6.49718	0.632159	30.5455	8.7865	0.315459	20.8913	8.37734	0.232346	38.6754	5.10014	0.974617	21.4289	1.61892	0.390333	6.80774	9.60067	0.70631	32.6419	6.75362	0.680907	14.4225	3.63443	0.699669	10.7342	1.02545	0.331065	3.02381	1.61615	0.889375	3.70355	6.73458	0.19854	20.62	6.39421	0.459942	18.6063	4.83914	0.253628	14.6061	6.78885	0.26575	15.0607	4.71386	0.449192	13.51	7.14061	0.949464	23.1688	7.5904	0.846308	34.8698	5.95121	0.725037	20.0755	6.56902	0.315896	32.0329	
5.7223	0.308159	14.3541	5.95319	0.956631	16.122	5.23165	0.787915	16.6996	8.39131	0.771723	22.1751	1.2754	0.14596	5.5422	1.58457	0.509483	4.76918	4.10857	0.489959	15.0196	7.82106	0.476498	35.7426	1.50134	0.862246	4.86308	7.34315	0.584866	24.0488	5.25469	0.434745	16.3799	9.70556	0.346779	48.4438	9.16612	0.981034	35.7271	2.21938	0.758001	4.9011	8.2967	0.866772	28.2918	8.47416	0.840618	40.8412	6.09116	0.809863	27.1976	6.54146	0.591479	16.1329	6.94458	0.425499	23.1043	2.41005	0.990221	8.81872	2.87865	0.453459	11.1185	2.31851	0.204643	8.20596	
1.83753	0.374209	6.98996	0.360568	0.657338	1.56654	3.47681	0.570952	17.2164	2.85006	0.599614	13.4649	6.90288	0.300861	16.0483	6.69741	0.542015	25.2692	4.65106	0.387441	10.9925	2.89053	0.838229	12.2394	7.5929	0.279761	35.9498	2.5154	0.142019	10.2155	3.59274	0.694322	17.8328	4.86864	0.355136	12.5954	3.79732	0.583719	11.9935	5.02408	0.514664	16.6494	2.72799	0.67314	13.3002	2.21758	0.397796	9.84807	2.28999	0.472128	10.2002	0.373893	0.234208	1.16846	2.74409	0.263263	13.0814	4.197	0.314061	10.0957	4.15725	0.607616	13.1899	4.78456	0.482407	14.147	
0.738349	0.11609	3.2132	2.351	0.814577	10.6176	5.36683	0.157892	19.1486	4.98599	0.669464	17.1443	6.48489	0.448375	17.69	6.14012	0.749683	13.0906	3.21298	0.825623	15.4048	1.51453	0.7899	5.91521	7.27717	0.682879	18.3469	4.80681	0.758732	22.2373	1.73883	0.238835	5.8304	3.45718	0.883753	10.278	2.86991	0.50675	12.2013	4.40298	0.633701	11.4527	4.86541	0.674132	19.1629	3.77616	0.418473	17.2904	4.46666	0.191506	10.6658	2.62929	0.530132	12.9679	5.0245	0.111259	20.5591	4.88252	0.77426	24.2229	3.53051	0.860934	16.6498	4.19876	0.131123	16.8594	
2.98919	0.496413	14.3114	3.98827	0.544988	10.8782	7.2029	0.433372	27.749	5.59829	0.382381	21.2612	8.70102	0.519957	29.6645	8.32351	0.170498	33.3677	5.15329	0.409339	17.9781	0.891722	0.812356	2.3793	9.50638	0.560536	24.9714	5.89908	0.921059	29.4273	3.61807	0.53065	17.6562	1.17448	0.589426	3.47696	0.864261	0.753902	2.60905	6.62029	0.918664	28.958	5.49711	0.846012	23.4077	3.9293	0.293496	18.2943	6.01462	0.222375	15.79	3.92205	0.412034	12.2505	6.31206	0.2462	13.5697	7.16076	0.790048	15.1421	5.78121	0.588693	24	6.43251	0.231113	13.8951	
3.66775	0.661788	14.895	4.29008	0.852657	14.5788	4.75773	0.102388	20.128	7.09644	0.403961	14.5217	2.34818	0.539621	7.20995	2.09856	0.82944	6.70159	2.09635	0.137	5.49364	5.70819	0.326046	24.0149	3.10778	0.890558	10.1453	6.21943	0.176741	17.6104	3.08333	0.250503	13.6354	7.5462	0.698965	19.1293	7.0637	0.548507	23.6404	0.544349	0.58112	1.52171	6.98677	0.942565	17.5356	6.81803	0.777535	25.5766	5.09297	0.784954	10.3255	4.90535	0.725381	17.6075	5.97613	0.776886	26.9817	2.13575	0.258459	5.96688	0.702874	0.309749	2.13057	0.367903	0.675446	1.16473	
1.67562	0.386901	4.59024	3.15081	0.136677	12.078	5.25107	0.24342	10.9452	6.1577	0.776076	29.3659	4.61462	0.833424	12.4704	4.24227	0.353011	15.0402	1.36933	0.4598	6.59322	3.39863	0.611033	16.7656	5.42085	0.162668	13.8135	5.63011	0.981887	25.7842	0.738385	0.641078	3.14862	5.13343	0.636439	11.1853	4.75277	0.936212	22.2978	2.53547	0.662834	6.24525	6.03622	0.869104	16.3124	5.33073	0.464096	14.3751	4.86602	0.49989	10.5518	3.68779	0.940907	14.8579	5.63739	0.724591	11.8179	3.73561	0.749544	15.8961	1.72877	0.459108	7.10521	2.35511	0.861174	4.83794	
4.54603	0.726087	11.7634	5.74177	0.538648	21.0347	6.7704	0.713273	33.2711	8.71948	0.302871	25.5548	2.537	0.498197	7.41	2.04566	0.683305	9.03024	1.60585	0.396199	3.58529	6.18508	0.672039	28.1829	3.29594	0.653758	10.5608	7.97627	0.887872	21.84	3.15012	0.592952	7.46851	7.65961	0.278822	24.5477	7.50583	0.735422	18.0515	1.52831	0.720901	4.45663	8.60258	0.720515	20.8313	8.12824	0.830317	16.6353	6.94884	0.829985	24.6037	6.33918	0.584541	19.8362	7.81642	0.418324	28.1692	4.16871	0.224114	19.2767	2.00254	0.501852	5.24884	1.68158	0.310899	4.19778	
4.84683	0.96136	15.9776	3.04898	0.802899	13.4572	2.55647	0.133287	7.76812	1.40474	0.843099	4.53112	8.50462	0.410013	35.2781	8.45871	0.468254	32.7125	7.30519	0.811554	27.9351	5.69714	0.279057	26.7285	9.01405	0.110648	33.497	0.548463	0.541717	2.21621	6.52098	0.503669	19.8069	7.42391	0.319766	36.8915	6.20328	0.941114	31.0078	7.06775	0.437559	32.1358	1.40481	0.900458	2.84283	2.91354	0.62083	6.66568	1.4647	0.764775	7.13495	2.72	0.109551	10.9301	0.589613	0.303304	2.35404	5.12407	0.307366	25.2508	6.36295	0.307176	19.2999	6.84005	0.801748	28.4688	


# This instance was randomly generated with the following parameters: 
# SIGMA_MIN=0.1
# SIGMA_MAX=1
# CAPACITY_OVER_DEMAND=1.5