10	20
6.46414	830.95	63.0151
31.6214	1124.21	107.938
131.857	555.374	29.2996
46.9372	1049.01	107.996
57.4133	1053.16	105.569
78.0677	777.877	53.1091
146.146	430.669	17.6883
27.743	1034.22	104.04
44.1461	949.219	81.2297
125.349	880.613	71.5055
3.74221
3.89847
5.04132
4.36313
0.329542
2.89518
1.53282
5.20645
4.66494
4.46074
4.04306
1.58886
0.950201
0.724331
6.11257
5.40492
6.91291
2.01267
6.48855
3.76615
5.3039	2.13009	20.2765	7.25568	3.06736	30.1092	4.01053	1.84206	18.4582	6.08453	1.70035	30.1902	5.54872	1.92625	12.1083	1.2662	1.30542	5.44995	8.95426	1.27105	39.0673	7.88573	2.76626	27.7317	4.27157	3.29948	16.8347	2.12347	2.45413	9.1624	6.69948	3.76608	29.9958	3.00826	1.83457	11.7788	7.14512	1.17205	15.1073	6.82249	2.12831	28.328	5.73632	2.26967	21.8658	0.308272	3.65854	0.987191	6.78212	2.87178	17.5495	5.00622	1.34375	20.0535	7.14094	1.85362	21.4776	5.85909	1.61785	25.3292	
4.25486	1.35514	13.1392	5.13122	2.96557	23.5862	2.04166	2.65646	6.9672	4.14047	3.70929	8.93556	6.64994	2.31773	17.3162	5.37829	2.51225	11.2238	6.17069	1.6361	28.6417	9.04474	1.18571	35.1086	3.71881	3.75078	16.5669	6.25186	3.28701	30.7876	6.85475	2.61723	20.4436	2.36735	2.71826	7.37624	3.04604	3.62247	9.32559	2.69482	2.106	7.63514	1.64351	1.22364	7.48967	3.83101	2.1902	8.57353	6.63879	3.80776	28.1471	0.953558	2.99692	4.23415	3.61238	2.17999	8.51937	1.73047	1.24587	4.06613	
5.12266	1.15021	23.8462	7.12999	2.35041	31.4758	8.21072	1.72192	25.8642	10.5166	3.1649	27.9071	2.59991	3.50069	9.80193	4.08526	3.85	11.2065	9.07008	2.03171	20.17	3.90835	2.62358	19.373	8.86637	2.13955	33.3786	4.39842	2.61406	13.7654	4.24669	3.17009	20.9793	5.03792	2.41715	24.1904	9.70353	2.45535	33.7725	9.73117	3.34343	36.1577	8.90219	3.91619	28.6367	4.72561	3.24453	19.0958	4.64105	1.98026	16.8492	7.85138	3.17083	16.9529	8.67005	3.64993	35.8625	8.77063	2.10277	34.9868	
1.71024	2.37665	7.87664	3.56295	3.60435	16.2291	6.99358	1.55476	17.645	9.35797	2.13301	36.6356	1.44731	2.3861	3.78588	5.4291	2.12216	14.1623	5.49764	1.62933	15.4856	3.66602	2.65775	11.4284	8.24899	1.85185	32.069	6.22161	1.17105	30.5671	1.64471	3.57773	4.00568	3.20861	1.61284	8.14151	6.88823	3.39353	20.9811	7.13244	2.7841	27.413	6.59347	3.04281	29.364	4.9386	3.41906	15.2916	1.68355	1.86974	6.74574	5.49387	1.61493	26.6489	5.4429	3.99912	21.0085	6.29758	3.23038	29.7605	
5.28473	2.42207	14.0954	5.39277	3.06981	23.7176	3.02426	1.86349	8.94698	4.12113	2.48786	16.115	8.11783	1.87749	36.972	7.32589	1.2289	35.7667	5.80406	2.68564	15.0153	10.3875	1.75646	28.9278	4.62351	1.92721	21.8693	8.185	2.47398	35.1161	7.99775	3.61015	36.5595	4.11163	3.02905	20.1719	1.38771	3.26386	4.15327	0.779769	2.54857	2.26603	0.350311	2.97891	1.52369	5.77504	3.57351	16.8744	7.68904	1.21854	34.4057	1.30181	3.42829	2.67755	2.96496	2.97764	8.7982	0.457759	2.9908	1.66372	
3.45011	1.68891	8.34796	3.23364	2.82709	14.1269	4.41341	3.35272	18.5812	6.09671	1.21007	15.6507	6.52587	1.21881	30.2102	7.22531	1.6576	25.2341	3.80174	2.61266	10.2639	8.60984	1.04305	26.16	6.11974	3.18465	26.7088	8.15979	1.17595	23.3181	6.11572	2.07789	14.9743	3.32809	1.53109	10.0284	1.81517	3.11045	6.07904	2.21533	3.04966	6.43423	2.23387	2.67245	7.56335	5.77959	2.64054	16.7336	5.7536	2.87618	11.7994	1.62877	2.83538	4.55826	1.13927	3.89421	2.70667	1.73659	3.0984	3.50275	
3.63502	2.08245	15.3394	2.90457	1.60997	12.0098	5.19425	3.90705	13.6412	6.76677	2.7119	20.61	6.78021	1.44967	28.926	7.95444	1.52148	16.3148	3.11091	3.14451	7.27913	8.71519	2.00559	30.871	6.89985	1.94562	27.1476	8.8942	1.43982	35.819	6.17371	2.12535	27.6115	3.99857	3.88846	16.3547	1.91233	1.36683	6.05436	2.53061	3.3208	10.7015	2.85049	3.75544	8.2104	6.53779	3.74195	22.6128	5.7694	1.6901	12.4695	2.41291	3.22792	6.05281	0.325079	3.3245	0.960524	2.33574	2.77219	7.57703	
7.45635	2.08237	32.6984	8.66959	2.5893	30.2899	1.57538	3.14622	6.41016	2.02497	2.63058	9.53148	9.06317	1.82344	24.0993	5.23034	2.68468	19.3105	9.74654	3.76053	33.4669	11.5242	3.81887	42.5853	0.135648	3.16123	0.45307	5.71211	2.2698	22.4022	9.74591	3.15586	36.0433	4.96227	1.23463	10.0191	5.89507	2.62893	16.0373	5.21099	3.53489	25.2168	4.19664	1.14531	13.2094	4.07236	1.16415	18.528	9.64722	2.76142	31.7221	4.36039	3.99996	11.3319	7.08848	2.61867	18.5785	4.64208	2.46231	21.0121	
2.09956	3.30618	7.95003	4.24212	3.11426	16.6276	5.75052	1.57669	24.857	8.13519	2.92547	22.603	2.33068	1.37756	10.9405	4.05872	3.41578	11.7312	6.16042	1.50787	28.0224	4.79125	1.2405	23.9432	6.88601	2.72802	19.6147	4.90686	3.45221	19.9932	3.10777	2.1219	13.8237	2.03485	1.91461	9.08504	6.43436	3.14051	28.714	6.52328	2.84185	16.785	5.79782	2.01511	19.1796	3.46526	2.65125	12.3191	3.1528	1.23161	10.949	4.70686	2.24179	14.9038	5.38467	3.22517	18.902	5.59632	3.64563	20.5593	
1.18172	3.32718	5.09246	1.57662	2.94739	5.41534	7.22114	2.93507	23.637	9.43243	2.34108	36.2323	3.2683	2.16239	13.6186	7.05075	3.36407	15.3778	3.46641	3.73245	9.32017	4.77992	2.30874	18.0234	8.73274	1.54408	35.9732	7.92396	1.02056	32.8992	2.22323	2.6206	5.73334	3.77543	2.98005	12.3108	5.81906	1.08893	17.3703	6.25786	3.7896	25.0008	6.03416	1.3059	17.4952	6.21336	3.83464	17.269	1.78386	1.56205	6.13581	5.02889	1.87367	20.127	4.00376	1.80091	15.6859	5.62027	1.60424	17.591	


# This instance was randomly generated with the following parameters: 
# SIGMA_MIN=1
# SIGMA_MAX=4
# CAPACITY_OVER_DEMAND=10