4	8
6.90741	1047.07	93.4018
15.4954	550.122	26.9782
56.6591	408.599	15.7867
2.31257	656.549	39.273
5.98833
3.38264
2.3683
2.55533
4.28703
8.10364
0.200581
8.20209
7.79335	1.76458	21.145	7.16204	2.46935	22.1256	4.90947	3.89982	10.8844	3.29236	3.05218	15.6854	4.6131	1.34704	20.0656	3.68968	1.0575	11.259	6.39648	1.34839	31.1997	3.72332	2.24635	11.402	
6.27331	1.03165	15.6045	7.0769	3.47283	17.3473	6.41461	2.43595	27.433	3.80881	1.9892	18.6765	3.07898	1.79514	10.3485	2.76623	2.24518	8.73172	5.49685	1.80941	14.5829	2.08232	2.07607	5.76056	
9.94452	1.98687	41.8182	10.9829	1.35319	50.1111	7.35439	1.8567	29.9289	0.556296	2.13127	2.75654	6.94161	2.53026	24.2556	7.01768	1.03873	27.0728	9.75423	2.37651	41.4273	5.57166	3.16154	25.6207	
9.74852	1.63596	37.0585	6.40852	2.50581	29.9189	2.05547	2.07553	4.75885	5.43054	3.25298	25.9936	6.80071	1.54437	19.2236	5.08209	2.41072	19.2648	7.19929	1.99923	33.0496	6.31022	1.69541	30.0038	


# This instance was randomly generated with the following parameters: 
# SIGMA_MIN=1
# SIGMA_MAX=4
# CAPACITY_OVER_DEMAND=5