9	18
78.3429	508.673	22.8432
35.9168	1336.82	150.074
121.283	634.421	39.6544
174.669	1015.91	90.8339
5.9898	1060.42	110.716
93.2606	651.004	39.1351
68.645	1189.41	123.212
26.4637	744.071	53.4375
160.938	968.431	93.0747
6.92792
0.322056
0.400111
2.10225
5.37449
7.78735
12.7843
4.89725
9.09559
15.3936
12.2292
10.9327
2.53279
8.14677
12.5322
13.532
13.7664
5.83915
4.28046	2.948	18.5336	1.44726	2.38591	4.22466	7.01317	1.5227	17.805	1.96133	1.03188	7.284	6.77686	3.70118	22.6533	4.57455	1.83641	14.135	6.87345	3.6316	27.9568	5.29996	1.89191	26.4606	8.3639	3.49609	36.7577	2.10782	1.25061	7.84091	5.07187	3.44971	15.451	4.994	1.63343	10.2454	3.77949	2.68187	17.8966	4.88016	3.46024	10.7488	5.42043	3.6849	14.7422	4.94034	1.65815	14.1484	9.5474	1.32819	27.9659	1.59867	1.6235	6.69595	
5.85633	3.68921	16.9942	3.06012	1.80562	8.76309	9.24413	2.77135	34.3913	4.23366	1.44347	13.5579	5.80155	3.05132	20.1621	7.22049	1.67831	14.8613	8.67077	1.3997	35.1014	7.39476	2.98221	31.5411	10.1896	2.24824	28.35	2.75553	3.7214	12.6425	4.83349	3.29444	10.4688	7.63378	3.73125	27.1361	6.45194	3.30412	15.51	6.98695	3.90308	34.1123	5.48161	1.59421	11.2558	7.60516	3.71159	33.2054	11.1597	3.03508	29.379	4.12025	3.84956	8.69444	
0.344849	2.99098	1.08455	5.29342	1.2097	25.6077	3.94572	2.49159	8.87629	2.15835	2.42366	4.63131	5.62729	1.37245	23.1851	5.30199	2.76935	21.7195	3.0885	2.40481	10.4548	2.06694	2.78568	4.67056	4.60803	1.68974	15.7132	6.04928	2.46704	19.3803	3.55096	2.3976	10.4272	4.23583	1.93924	15.4594	4.32161	1.56715	14.3894	1.75561	1.68002	5.83951	3.25878	3.72149	11.734	5.27819	1.77372	22.466	5.65737	1.22256	11.6984	2.78065	1.64602	13.6743	
5.69754	1.16309	14.9945	5.64252	2.64742	12.4165	4.64084	3.18844	10.5202	4.56144	1.93497	12.3657	10.9223	2.07733	25.9292	1.18957	2.0766	4.03536	6.11517	1.83656	17.4408	4.49608	3.06199	15.4965	6.94901	1.09845	32.1544	6.51746	1.12442	20.2738	8.8409	2.13957	27.8799	1.35229	3.17174	3.66459	1.75701	3.18418	4.11548	4.37057	3.86399	11.8094	8.70577	2.98316	32.8023	0.667446	1.44671	1.46188	8.43544	3.82075	29.4527	4.30376	3.19694	21.4218	
2.80475	2.23435	7.31124	7.74467	2.75524	24.583	5.6522	3.67513	25.6041	4.96734	3.40232	20.4215	3.79221	1.5673	16.2322	8.35665	1.66611	18.902	3.82416	3.71828	19.0293	4.28468	3.87215	16.2635	4.89908	2.67503	23.9064	8.31296	1.07606	28.9649	2.4466	3.14641	6.97786	7.15669	2.95044	24.0118	7.38191	2.32218	33.369	4.22925	1.69579	15.115	1.67146	2.4275	3.79772	8.30699	1.05131	27.0325	5.15108	3.98586	21.7072	5.59782	1.39577	17.8057	
6.15316	1.89552	12.7748	2.3108	3.18758	6.76366	9.2883	2.06354	32.4327	4.19985	3.53102	13.7867	6.71822	1.6769	26.4812	6.70841	1.2201	15.97	8.91977	1.66794	38.0098	7.49919	1.88081	23.4781	10.4367	2.80389	28.1492	1.84452	1.47079	4.321	5.61009	2.73008	23.1498	7.33425	2.48601	34.8566	6.02964	3.42945	14.8092	7.08167	2.31634	16.4129	6.20733	1.39834	29.8249	7.13322	1.31737	27.3691	11.4989	2.90164	39.6548	3.94511	1.68972	9.93929	
1.24122	3.7999	2.48871	6.17101	3.92844	16.2003	4.79881	1.60902	10.7548	3.28262	3.85975	15.6979	4.40986	2.19757	9.84824	6.71762	1.47431	20.2299	3.37671	2.4196	16.8736	3.09619	3.53079	11.6159	4.78696	2.25809	11.1534	6.80852	3.41184	21.5368	2.43547	1.07878	10.9212	5.64166	1.79325	22.1227	5.72947	1.72497	27.514	2.91273	1.96449	9.34999	1.95985	3.547	8.44289	6.70254	2.89065	23.7569	5.50553	2.87755	12.0175	3.91609	1.62995	18.9211	
6.19135	3.10321	28.6732	1.27832	1.18081	2.91573	8.95154	2.28501	43.9086	3.92977	3.66397	10.7728	7.62114	3.5264	30.0472	5.7966	3.70746	20.4448	8.83642	2.19727	25.1506	7.26574	2.01267	24.3428	10.3309	1.22709	21.2476	0.678395	2.11422	1.71328	6.29059	3.23722	23.2856	6.6367	3.28544	28.5307	5.22353	2.64513	23.1757	6.84626	3.64296	18.0434	6.80208	2.47658	16.4553	6.25607	2.14175	19.5753	11.498	2.20659	34.6842	3.52017	1.65962	9.96846	
4.86411	1.90269	13.8727	0.972953	3.87499	2.85888	7.0269	1.57114	32.0317	2.3651	2.40747	5.03249	7.90424	1.80271	34.083	3.72028	1.42734	12.5226	7.20849	3.57495	27.0471	5.49251	2.45018	23.5843	8.64154	1.82049	39.2353	1.90311	2.89609	8.6972	6.14457	1.70528	22.5749	4.49742	2.31174	15.4911	3.08312	1.13087	15.2441	5.08558	1.85143	23.153	6.43589	3.71217	26.95	4.15104	3.28053	8.78185	9.92465	3.30778	32.8482	1.77313	1.01631	4.18505	


# This instance was randomly generated with the following parameters: 
# SIGMA_MIN=1
# SIGMA_MAX=4
# CAPACITY_OVER_DEMAND=5