8	16
47.8241	1068.67	104.267
77.385	1303.7	158.6
82.63	1282.09	148.99
148.517	927.492	84.783
177.575	963.008	80.2538
8.12163	769.538	54.5015
54.2562	1195.82	119.782
69.9357	1145.06	116.276
1.95146
2.70764
9.87207
14.4324
19.1068
5.83503
23.5057
17.0873
11.3518
1.62647
7.4871
3.85251
7.39615
10.5097
29.9176
6.85104
4.67862	0.311924	13.8462	6.69103	0.744661	32.1596	4.38806	0.12277	16.2815	1.58096	0.974217	6.31028	6.38333	0.735668	23.4154	7.58819	0.609592	27.3588	3.22377	0.257836	15.6019	1.30693	0.749609	3.71695	4.95554	0.755587	21.5241	8.99035	0.881331	35.3788	5.03785	0.46566	14.6068	8.05331	0.900755	31.8596	0.760594	0.756361	2.06467	8.09323	0.590334	39.9034	8.86509	0.585294	27.198	5.66816	0.263434	14.7416	
2.85995	0.193929	12.0132	3.04575	0.405508	12.6375	3.44023	0.437309	7.73432	8.97269	0.181771	22.2239	1.19308	0.727137	2.98124	0.334421	0.668123	1.04122	6.00495	0.234632	21.5088	7.00436	0.286366	30.0129	3.14366	0.622965	9.74075	4.904	0.348404	23.6745	6.60344	0.118236	30.1749	1.16747	0.874366	5.44418	7.04681	0.452073	23.1035	3.36178	0.188063	14.0512	7.62289	0.619263	33.5621	3.31719	0.204904	6.64368	
4.97471	0.924494	15.7697	8.11889	0.864191	25.3088	4.31086	0.321761	17.3057	3.0169	0.730978	9.49677	6.55455	0.640434	21.7324	7.7533	0.419329	26.7758	5.71279	0.640352	15.4443	4.11657	0.177202	15.294	6.28409	0.767391	26.6811	7.51855	0.725562	28.5374	2.65305	0.552286	10.4203	7.93028	0.488053	19.3087	2.30638	0.758614	9.34466	7.09376	0.911357	34.334	6.47651	0.6833	25.4628	4.89287	0.329671	23.4567	
4.43247	0.140107	15.8012	6.31893	0.521988	22.2053	4.19547	0.541397	20.0222	1.94609	0.488599	7.91395	6.1222	0.656828	21.5769	7.3157	0.153951	34.846	2.83449	0.394592	6.08608	0.953169	0.538736	2.42741	4.60064	0.844395	22.831	8.90262	0.277415	20.4482	5.14115	0.894549	24.137	7.80725	0.842122	27.9196	0.902853	0.262628	2.61265	7.95001	0.960221	17.4658	8.92671	0.557364	38.1035	5.53044	0.160707	24.0099	
5.73891	0.338959	18.3658	8.24721	0.271519	23.4076	5.25557	0.223802	18.6551	1.03399	0.652218	3.18505	7.44785	0.69461	22.4032	8.67653	0.344387	37.6072	4.96447	0.246075	18.3336	3.03489	0.360571	7.14762	6.44744	0.218629	23.3161	9.24638	0.798094	25.9713	4.60886	0.481629	10.0744	9.01819	0.661933	44.3044	1.66002	0.107555	5.71731	8.61167	0.218701	35.4376	8.46526	0.330686	28.1866	6.24555	0.879773	23.2097	
6.64379	0.712877	16.8886	10.0965	0.743921	48.9531	5.97567	0.293539	27.1461	8.68117	0.379886	35.8341	7.06037	0.311918	29.8791	7.69807	0.598384	27.032	9.89368	0.482592	44.4952	9.04734	0.205494	40.8247	8.71349	0.5271	37.1518	4.14091	0.653501	9.44013	3.18972	0.808721	11.3141	7.26636	0.82347	23.3426	7.47073	0.820037	32.2664	5.03049	0.763847	16.1024	1.04533	0.576066	4.13005	4.89811	0.978335	23.0488	
3.6268	0.856543	13.9143	4.99487	0.817466	15.138	3.61644	0.290424	14.3776	3.29413	0.957738	14.1177	5.20497	0.217502	23.3691	6.33696	0.438217	22.5147	1.57437	0.173939	7.38292	0.851775	0.958322	3.63326	3.3471	0.101783	10.2008	8.56584	0.689081	20.5955	5.55333	0.161301	19.5976	6.91872	0.373451	15.8249	1.94674	0.238232	6.01328	7.43136	0.556164	20.1426	9.10857	0.585928	25.8355	5.09388	0.591061	13.3675	
5.63436	0.821374	20.239	7.77962	0.429927	16.1698	5.26168	0.503995	14.4175	0.517336	0.204603	2.48172	7.35137	0.531168	24.495	8.56941	0.867256	23.6349	4.22656	0.827098	18.2104	2.25308	0.678085	10.5629	6.03754	0.337517	21.7184	9.61003	0.389481	28.7712	5.24191	0.387065	10.7992	8.99072	0.665287	36.2671	1.4326	0.171809	3.7753	8.83791	0.728443	31.1847	9.11872	0.408799	30.6423	6.42394	0.644781	18.6785	


# This instance was randomly generated with the following parameters: 
# SIGMA_MIN=0.1
# SIGMA_MAX=1
# CAPACITY_OVER_DEMAND=5