10	20
69.4131	785.323	54.3385
121.516	487.204	23.481
102.535	416.754	15.9989
105.688	1148.59	110.676
77.2083	1223.13	141.368
33.2447	1255.32	131.911
124.936	962.413	90.8034
32.5238	1073.7	98.5544
15.5834	1186.12	133.37
18.9051	1262.39	153.639
27.2829
2.00423
0.221367
10.4698
28.2333
37.1632
34.7462
40.6604
41.0457
34.6688
17.4093
35.0607
19.3726
33.3296
39.3082
2.58774
24.7245
21.6436
16.3197
10.818
3.53582	2.52083	10.3261	6.25521	2.69214	13.9591	6.89486	2.49387	21.3469	7.53874	1.46788	34.7731	3.87946	1.49177	9.09865	8.10992	2.99442	38.7192	6.22218	3.0186	27.3565	0.679433	1.77195	1.40746	6.10989	3.59777	13.7322	7.92925	1.12549	32.9506	1.99114	3.65463	5.54019	8.14494	1.85255	24.6533	1.18714	3.74609	5.6896	3.22185	3.24387	9.83675	2.08799	2.32864	5.42526	5.3829	3.76027	13.4281	3.38914	3.56614	12.4939	5.03622	2.21491	24.3269	5.61947	1.42424	21.9706	0.564521	3.09948	2.55958	
11.4971	3.22781	47.2799	3.98958	1.32531	10.6315	3.69346	1.61788	16.8821	3.97566	3.07918	16.2617	6.48008	2.43664	27.2906	4.12629	3.75681	11.8959	5.20743	3.51738	18.8126	10.4587	3.95493	46.0013	4.08558	1.79919	15.2268	8.04662	3.7536	24.4101	8.89938	3.15108	27.4787	6.61019	2.46259	21.884	10.905	1.28942	52.8421	11.8733	1.84715	34.1548	10.2285	2.58856	29.8266	4.68871	1.09867	18.8897	7.69764	1.73166	19.9026	7.98911	2.52969	33.8381	4.20376	3.04991	20.7592	9.79765	1.11784	20.9221	
6.34382	1.73983	19.5131	4.05752	1.53189	19.5973	4.63579	1.45298	10.1312	1.95906	3.90247	4.60258	4.37578	1.9487	19.8453	2.48589	3.01196	5.5116	5.4087	2.49255	14.8537	6.19632	2.86934	22.5845	3.95304	3.11222	15.0651	3.86463	2.05748	9.34056	4.08697	3.28992	14.9945	3.15297	1.74645	13.6415	6.50019	3.63429	25.2693	6.8464	2.38917	18.4561	5.30675	2.79928	16.5924	1.28719	2.07113	4.9776	2.61419	3.21164	6.23553	2.69271	3.54357	9.81213	2.11606	1.99101	4.28807	5.40124	2.36972	17.3639	
5.42187	3.66244	15.91	4.1569	3.10756	15.632	4.80984	3.87616	15.5153	2.98211	3.61182	6.80743	3.84965	2.67031	18.7978	3.50903	2.3295	10.6495	5.29792	1.48691	16.4473	5.17741	3.15421	19.662	4.02825	1.84621	14.7595	4.20183	1.83888	15.6027	3.06688	3.61806	12.9115	3.82635	1.31936	10.6735	5.47509	2.64081	11.6825	5.87941	2.76809	26.1425	4.30841	2.20816	13.0265	1.53324	1.39351	3.81275	1.6341	3.53566	5.33216	2.24168	2.33174	9.66264	2.32989	1.52325	5.03686	4.37905	2.29575	19.0933	
1.2594	1.49833	2.98072	7.51515	1.14353	24.3455	8.2133	2.83252	32.1257	7.02091	3.13288	31.5129	5.76167	3.27909	12.8671	7.42835	1.69852	22.2279	8.03296	3.68145	40.1095	2.86361	2.0419	13.7785	7.36437	1.01282	21.8795	5.911	3.26589	20.7245	1.62465	3.57695	3.53105	6.59396	1.75143	14.3489	2.70356	2.27694	5.78386	1.75983	1.52809	5.74238	0.851186	3.36874	3.79611	5.55486	1.61149	12.8161	2.54826	1.39641	9.97332	3.19133	3.32268	8.61381	6.16176	2.1021	26.9054	2.33945	2.945	7.78709	
5.19218	3.09794	19.3457	5.29915	1.23863	23.6786	5.92595	2.13301	12.5549	3.07047	3.24191	13.1851	5.04672	3.10213	17.9861	3.41222	3.48497	16.3459	6.50432	3.18208	15.5981	5.68295	3.44356	26.4227	5.17839	3.91397	23.6685	3.03667	2.12477	9.20833	3.37949	1.2989	14.7305	2.92784	2.17262	12.6528	5.88325	1.71829	27.1819	5.79202	2.41419	16.2374	4.40071	3.08404	19.2294	2.55088	3.71899	8.8799	1.8475	2.67637	7.76004	1.25936	1.93001	6.16282	3.39739	3.28038	10.7724	4.86938	2.35074	21.794	
5.7836	2.73122	16.1318	5.03454	1.36849	18.5445	5.55414	2.89518	25.4387	7.62943	1.35087	21.6022	2.47143	1.91915	10.295	8.27104	3.08834	33.9405	4.51413	3.92027	17.7071	2.73142	3.02889	8.05783	4.91245	3.94054	11.2573	9.10173	3.15226	39.3957	3.6827	1.13907	17.7317	8.95524	1.78736	31.1296	3.25444	3.40829	11.6029	5.47803	1.43674	18.147	4.26955	2.29804	16.3732	5.24835	3.6033	19.9874	4.54421	1.82924	22.3861	6.36505	3.00218	23.1216	5.12969	3.04975	25.6326	2.76903	3.07215	6.32318	
5.40371	2.44337	16.7463	7.35145	2.99115	27.402	7.94881	1.9549	16.8726	4.21549	2.04891	11.0924	7.13221	2.91962	15.7553	4.23695	2.90478	10.4135	8.61011	2.54752	27.9109	6.94925	1.84634	32.2216	7.23855	2.76234	14.7039	1.34847	1.26056	6.3195	4.64965	1.34418	17.5003	2.32405	3.17966	6.84042	7.00584	2.93001	28.3739	6.1783	1.90526	17.2158	5.22707	1.4459	10.7919	4.57141	3.93325	16.0651	3.40298	2.42513	7.76746	1.60858	3.80364	3.88813	5.41805	1.86562	20.6169	6.1755	2.21176	30.6729	
9.65654	2.55478	43.6615	4.39764	2.41392	18.1407	4.53751	1.60166	18.0725	1.49463	2.20811	3.16057	6.24097	2.84198	27.4429	1.46742	2.5014	4.21683	5.96098	3.46998	17.6748	9.30565	1.54088	21.2865	4.40463	1.34727	15.0101	5.39666	1.54444	10.9077	7.35293	2.90756	27.5293	3.93874	3.33047	18.6561	9.66821	1.48587	28.7152	10.1659	3.08953	48.5492	8.61041	2.03825	21.8775	3.31459	1.56023	12.5705	5.92683	3.65651	19.8813	5.74709	1.86475	27.296	3.34452	2.80225	11.3723	8.54698	3.68134	33.0646	
5.62886	2.82602	22.2592	3.37012	3.15781	15.2915	4.0205	2.61902	18.7352	5.38847	1.09957	14.0208	1.24957	3.45024	5.7428	6.03131	3.18131	25.7922	3.54326	1.45967	11.8705	3.56642	3.1358	10.3896	3.22385	2.47124	8.15077	7.18432	3.43212	31.313	2.89451	3.69762	12.1226	6.85412	1.21259	17.436	4.06414	3.6955	12.2631	5.65337	2.48593	12.5268	4.05651	1.26668	17.0346	3.00822	3.89613	6.51821	2.95653	1.09721	8.19135	4.69332	3.41415	11.2286	2.95567	1.31929	6.22114	3.04808	3.0735	10.6011	


# This instance was randomly generated with the following parameters: 
# SIGMA_MIN=1
# SIGMA_MAX=4
# CAPACITY_OVER_DEMAND=2