12	24
86.3325	894.762	76.1672
17.0197	892.092	73.3559
44.117	1104.52	112.124
3.37618	976.572	86.3972
131.776	1159.22	127.122
4.62737	475.249	21.9066
142.069	1130.92	108.992
103.86	1293.87	147.68
48.6776	474.6	20.4873
51.9531	1192.44	138.609
145.17	944.7	82.0483
161.819	1001.92	93.7643
7.25815
4.62646
4.33829
9.58878
2.78923
3.32949
5.36531
3.66231
9.93969
2.7293
5.49346
1.08904
7.08646
4.76687
8.56794
6.52214
4.54133
0.980822
2.86381
0.61353
1.33856
4.43152
2.3134
4.62938
3.1951	2.14327	11.5006	6.11878	2.16124	14.2985	2.34502	2.93993	11.5579	1.17268	3.70429	5.40672	7.83333	2.92563	27.1222	5.99169	1.28066	16.2465	1.3454	1.274	5.17772	3.79646	2.60051	13.5625	2.72008	2.81383	9.47509	7.70672	2.22774	28.5636	4.87654	2.87801	15.02	1.65387	3.77582	4.60532	7.64615	1.0047	15.7369	6.03898	2.74654	20.4417	5.30411	2.1115	21.9193	5.98717	1.66746	15.7361	3.74651	1.97332	13.1711	2.3878	3.70755	7.61586	3.99707	1.3428	13.0155	7.98272	2.85897	16.4271	1.75734	3.92761	7.45253	6.25673	2.45023	19.576	6.39929	1.18344	27.807	1.6926	3.61456	7.70034	
4.86238	1.63927	20.8258	3.13862	1.55428	11.2598	3.0916	1.93246	13.3445	2.93793	2.5899	14.3507	7.54734	3.64726	34.32	3.29765	2.17853	11.0895	2.89072	3.27305	13.923	2.3428	2.95049	9.37624	5.30308	2.56274	18.8588	6.29037	2.19369	23.5635	3.31773	1.91004	6.9146	1.84608	1.45033	7.61589	8.46544	2.13486	36.919	8.50762	3.65192	29.695	5.16467	2.76622	17.9538	4.3912	1.6544	12.6218	2.8523	2.67449	12.8835	4.59631	1.14842	13.0702	2.73778	1.01793	8.41378	6.84191	3.56425	13.7885	4.90262	3.73064	20.3131	6.59669	1.0036	19.1422	8.59836	2.10076	30.6498	4.79522	3.04745	18.5181	
5.09542	3.00821	20.9134	1.67892	3.81934	7.95714	3.40879	3.14615	10.5049	3.90067	1.20318	18.2567	6.24438	2.8295	24.6251	1.42785	1.87668	6.90205	3.77308	3.35154	17.2828	1.49952	1.62768	3.19188	6.03222	3.25906	15.5553	4.52326	1.31989	9.40788	1.83256	1.42647	7.39077	3.67471	1.86895	15.5206	7.72468	1.99459	35.8258	8.88127	3.22113	39.9098	4.21135	2.9667	11.3056	2.67587	3.56321	11.575	2.14201	3.31589	4.49393	6.41879	2.03664	26.064	1.7821	1.11362	8.59336	5.1636	2.45152	19.0673	6.23196	2.97025	29.0449	5.73275	2.35362	13.7183	8.75756	1.19171	40.2161	6.26301	1.98011	22.5047	
3.85983	1.76261	7.75102	7.42457	1.60469	16.6495	4.59902	1.58283	19.224	5.67007	3.58051	19.4159	1.63661	2.42982	7.73743	6.52806	3.2724	19.4588	5.52301	1.38389	18.1265	4.92087	2.55873	19.8569	5.2912	1.24459	20.1253	3.96414	1.19068	19.1267	4.44734	2.30349	13.8547	7.5445	1.61929	36.4422	1.60125	1.24209	4.20649	5.47792	3.34259	15.7558	2.02252	3.47531	8.70288	4.20618	3.13499	11.83	4.31749	2.96531	9.10656	9.13005	1.1781	43.2747	4.54053	1.65007	16.2443	3.44561	2.75825	16.7295	7.15583	1.34217	23.8943	0.560082	1.94921	2.78018	4.72999	2.60347	18.8084	7.62339	3.52905	36.171	
3.52978	2.01418	10.4826	5.09522	1.96659	24.0488	3.25468	2.4654	6.73643	4.42869	3.66584	14.134	2.44844	2.58889	11.7172	4.2046	2.99016	11.4381	4.25265	1.26106	16.1329	2.77609	1.71532	12.8282	5.07163	2.48126	13.4534	2.53676	3.15462	8.52802	2.13175	1.02365	4.40333	5.89296	1.49365	13.7976	3.90402	3.24172	8.31161	6.57461	1.77959	21.3529	0.60707	2.29909	2.24731	1.96281	3.31403	5.40594	2.2736	2.11894	4.95222	7.98069	3.53303	31.2159	2.37923	1.67801	7.20936	2.51301	3.06582	9.85815	6.4909	2.40869	22.6608	1.90971	3.62207	6.22888	6.07993	1.83393	15.8304	6.8395	3.05162	26.3137	
4.32891	2.89948	10.3515	4.84908	3.14211	19.9574	2.85474	1.82295	13.9248	2.06528	2.41465	9.72004	8.16036	2.72962	24.4971	4.93237	3.02098	20.2678	2.12777	2.45505	7.21844	3.29983	1.09053	8.17948	4.26788	3.72519	17.9454	7.43184	2.96912	15.8949	4.4222	2.27388	19.2981	0.158776	1.70501	0.4176	8.51736	3.71579	33.1065	7.59483	2.54305	20.9087	5.62519	3.99755	20.9857	5.56631	1.5694	25.0698	3.54461	1.25344	9.09948	2.90381	1.81992	7.20213	3.62837	1.13721	8.63722	7.86356	3.66611	32.9243	3.38285	3.7464	10.3378	6.85993	2.35566	16.7785	7.86007	3.56662	30.6307	3.18259	3.82372	7.49078	
4.47474	2.9343	19.937	11.0092	3.8148	38.8196	6.26087	2.51795	27.4361	6.5888	2.50669	20.6784	6.55752	2.45173	26.4075	10.3037	1.69182	38.0994	6.56598	1.78179	14.9219	7.92523	3.55676	31.4888	4.47146	3.5334	9.39034	8.81374	1.73693	33.3974	8.12315	2.04255	34.711	8.67616	1.95371	26.8135	3.96032	2.08947	14.9405	1.49834	2.52156	4.88527	5.9634	1.24475	22.4288	8.45376	1.73255	21.9479	7.2991	3.33236	27.009	8.73199	1.91672	38.1565	7.69318	3.39897	35.1096	8.39201	1.64695	31.202	6.27636	1.28864	30.6239	4.97548	2.04916	21.996	0.779289	2.28626	2.86785	6.83022	3.36809	15.7778	
4.14589	2.62824	13.6279	3.33505	1.06567	10.3969	2.36408	3.49873	10.8277	2.34793	1.67429	9.82218	6.90309	3.31491	22.127	3.27856	3.2692	16.0176	2.27238	3.04062	8.01102	1.75152	3.33987	5.6094	4.68354	3.2878	22.0234	5.83739	1.80698	16.5919	2.82115	1.01133	12.4416	1.85717	1.36904	3.98558	7.73252	3.82869	31.0838	7.8313	3.81579	23.0104	4.47358	1.80816	9.52955	3.94534	1.1876	11.2457	2.18256	1.57042	7.98207	4.57414	3.88892	17.5068	2.13049	1.04701	8.39038	6.33378	2.22081	27.4172	4.50448	1.90451	14.6582	5.88152	1.72088	17.9271	7.89042	1.69846	37.8937	4.47458	3.99456	17.977	
4.1621	1.94092	8.46138	6.16905	2.14903	13.3783	3.16527	2.19819	7.97116	2.03978	3.30123	8.74592	8.67387	1.55276	40.8407	6.19148	1.64792	17.3328	2.19166	1.31369	5.14928	4.2732	2.12422	16.1069	3.62463	3.95806	12.9881	8.3319	1.26917	36.846	5.39485	1.25397	23.7305	1.23166	2.25844	4.22186	8.60029	2.2555	26.2354	6.90674	2.75936	21.4957	6.12653	3.17884	29.7929	6.53465	1.74541	28.8324	4.35329	3.18453	17.5061	1.70621	3.74539	4.78877	4.53776	3.46868	11.2809	8.67288	2.57435	24.9851	2.24308	3.86603	7.74313	7.16017	2.60458	25.9614	7.31657	2.0889	16.4731	1.92974	1.70655	6.38438	
4.92295	2.90321	19.0236	2.92754	1.56862	8.91411	3.1409	1.8406	9.58974	3.06148	2.616	15.0447	7.45041	3.72691	35.651	3.08702	1.05815	7.44851	3.00398	3.49419	8.27272	2.24171	3.26692	9.53241	5.41972	1.8687	18.1891	6.13117	1.46519	14.864	3.17805	1.21891	9.50015	2.05654	1.89662	8.75754	8.4358	1.46291	17.0235	8.59806	1.29256	28.5649	5.09797	3.24253	19.1176	4.23416	1.74023	13.0852	2.78111	3.92001	13.7096	4.80868	3.86297	14.9776	2.63867	1.29382	10.8529	6.6961	2.02043	20.6909	5.0783	1.88502	21.5215	6.54728	2.2111	15.5451	8.66672	1.22954	34.0653	4.98327	2.69756	12.4145	
1.9252	2.768	3.86014	8.58857	3.02256	42.4038	3.51125	3.88099	11.248	3.46742	2.85652	7.52704	6.54715	1.83332	30.6043	8.06499	2.45249	19.5042	3.4895	1.41944	9.68568	5.51167	1.56562	26.1723	1.16865	3.65492	4.69902	7.84147	1.65131	28.7451	6.0911	2.44095	26.2639	5.45098	2.77176	22.8831	5.03009	3.89402	11.309	2.17134	3.54977	4.72295	4.72702	2.97118	20.0238	6.80551	1.4786	30.5585	4.99649	3.59026	17.1905	5.4554	1.63862	25.8819	5.40852	2.71077	19.8633	7.71769	1.14965	34.1264	3.00965	1.7398	6.66892	4.64024	3.50314	11.5798	2.54351	3.81536	6.02417	3.56897	1.3842	7.65489	
4.2917	1.31127	11.3313	3.30452	1.28943	14.2389	2.51377	1.94186	10.9654	2.45076	1.11025	7.88518	7.0534	3.09294	21.9735	3.2947	2.71453	13.885	2.38373	2.74204	10.6189	1.88669	2.93826	9.21671	4.79865	2.28116	21.1131	5.9511	2.98894	23.4146	2.93949	1.82617	6.33234	1.80335	1.9159	6.579	7.89456	3.53425	24.3893	7.96441	3.79067	35.3922	4.63091	2.47925	13.7233	4.05544	3.60325	17.5878	2.33507	3.66998	4.99925	4.54239	2.02583	11.1188	2.27039	1.50893	10.8433	6.45876	3.63955	29.6549	4.56004	3.31594	16.9689	6.04217	3.00667	21.2082	8.03372	1.35332	31.0238	4.51092	3.43049	17.6431	


# This instance was randomly generated with the following parameters: 
# SIGMA_MIN=1
# SIGMA_MAX=4
# CAPACITY_OVER_DEMAND=10