4	8
30.0553	1254.22	132.28
76.6758	949.121	85.4895
100.016	501.287	23.8066
24.4154	510.165	23.3572
1.74136
3.63703
4.85804
2.57791
4.13397
0.00143853
6.98158
2.56205
3.84234	2.80453	18.309	4.91141	3.29337	9.83399	8.89396	3.83069	35.7581	2.62771	2.5569	12.193	4.9923	1.13698	21.6873	6.84407	2.95772	16.0869	7.08309	2.44535	25.0939	6.39062	3.29786	22.6832	
2.83072	1.49032	12.9256	4.18247	1.05863	18.9396	9.38137	3.10015	41.8261	1.01349	3.22091	2.96399	4.08326	3.57402	16.132	7.56149	1.8749	16.7358	7.98966	2.67771	22.6645	5.00868	1.88194	18.8511	
7.37949	3.58709	19.4652	6.69629	3.71424	31.5099	2.95809	2.50194	9.23455	9.62216	1.67315	27.8821	7.16722	3.60752	14.7414	1.73781	1.65893	4.11863	0.874523	2.17291	1.92347	9.01024	3.41434	34.2987	
7.14282	1.01087	22.9134	7.65651	1.25736	22.9378	8.68537	1.41528	35.7256	6.71522	3.37779	23.0779	7.94384	1.26519	25.8446	6.51559	2.05127	23.2919	6.22203	2.35069	29.742	9.74954	3.23173	42.6571	


# This instance was randomly generated with the following parameters: 
# SIGMA_MIN=1
# SIGMA_MAX=4
# CAPACITY_OVER_DEMAND=10