5	10
56.09	11.37	51.01	158.31	79.87	
25.28	61.24	3.63	19.66	6.37	31.45	13.26	73.58	69.45	54.25	
6.39	2.38	1.65	3.94	1.33	6.14	5.16	5.52	2.11	2.73	
1.92	7.14	3.17	3.69	5.23	3.03	3.05	8.56	6.83	4.14	
4.34	4.35	0.41	3.32	2.49	4.28	3.45	6.31	4.04	2.14	
6.20	2.78	1.47	3.43	1.82	6.11	5.19	6.03	2.55	2.98	
0.59	9.12	5.30	6.17	7.01	1.94	2.90	9.47	8.77	5.40	
45.35	59.22	27.29	148.32	113.78	
74.00
48.71	18.74	8.67	27.23	7.65	48.05	44.87	38.88	11.07	16.84	
17.67	38.64	22.74	31.49	38.74	24.45	16.44	73.61	60.68	21.65	
42.76	22.19	2.64	32.68	18.11	38.45	25.64	40.60	30.99	13.64	
58.71	19.36	9.41	27.68	13.29	39.93	44.50	56.43	19.89	16.87	
5.33	53.27	45.31	34.40	58.79	10.86	16.63	63.84	69.09	32.69	
3.20	1.19	0.82	1.97	0.67	3.07	2.58	2.76	1.06	1.37	
0.96	3.57	1.59	1.85	2.61	1.52	1.53	4.28	3.41	2.07	
2.17	2.17	0.21	1.66	1.25	2.14	1.73	3.16	2.02	1.07	
3.10	1.39	0.73	1.71	0.91	3.05	2.59	3.01	1.28	1.49	
0.30	4.56	2.65	3.08	3.50	0.97	1.45	4.74	4.39	2.70	
0.75	0.75	0.75	0.75	0.75	
0.75	0.75	0.75	0.75	0.75	
1.00	1.00	1.00	1.00	1.00	
14.91	13.98	20.44	8.39	9.64	



################
# n_sites n_clients
# f_i
# d_j
# t_ij
# q_i
# C
# R_ij
# t_tilde_ij
# alpha_i
# beta_i
# gamma_i
# u_i
