4	8
109.05	101.86	18.81	70.30	
14.68	2.82	2.39	57.00	23.96	46.17	40.84	6.79	
4.35	1.75	6.87	6.59	7.30	5.51	9.28	5.22	
3.03	6.60	2.23	6.80	0.41	7.17	3.03	3.61	
5.17	8.95	3.96	8.69	2.32	9.27	3.01	5.76	
3.16	3.37	6.62	7.73	6.47	6.90	8.82	5.47	
12.01	57.93	47.58	116.05	
57.00
34.67	14.99	37.40	51.34	39.21	52.45	77.56	36.08	
22.67	55.19	14.19	40.17	3.54	42.87	20.85	34.48	
39.71	77.18	29.58	56.82	21.83	64.01	24.77	56.36	
17.06	17.38	42.53	65.74	60.16	57.92	80.89	39.45	
2.18	0.88	3.43	3.29	3.65	2.75	4.64	2.61	
1.52	3.30	1.12	3.40	0.21	3.59	1.52	1.81	
2.59	4.47	1.98	4.34	1.16	4.63	1.51	2.88	
1.58	1.69	3.31	3.86	3.23	3.45	4.41	2.73	
0.75	0.75	0.75	0.75	
0.75	0.75	0.75	0.75	
1.00	1.00	1.00	1.00	
29.59	13.26	15.27	9.86	



################
# n_sites n_clients
# f_i
# d_j
# t_ij
# q_i
# C
# R_ij
# t_tilde_ij
# alpha_i
# beta_i
# gamma_i
# u_i
