5	10
146.12	98.66	175.62	150.46	76.00	
22.23	8.29	16.98	41.30	58.70	9.38	39.03	17.59	25.05	24.96	
6.18	6.54	4.71	1.63	3.09	4.99	4.75	4.46	2.35	6.09	
8.83	8.86	5.61	3.57	6.02	5.98	5.00	1.83	0.88	8.08	
8.68	8.75	5.61	3.44	5.76	5.98	5.06	1.88	0.80	8.00	
6.71	6.53	3.11	1.69	5.42	3.48	2.66	4.34	1.71	5.64	
6.65	7.61	7.54	4.64	1.32	7.73	7.87	6.66	5.49	7.74	
56.83	17.92	123.60	45.83	45.68	
59.00
34.64	48.46	42.43	12.60	27.88	49.81	28.99	37.45	19.21	41.86	
77.55	58.41	30.43	30.49	52.99	57.48	36.60	14.88	6.72	59.59	
83.36	69.28	55.40	32.58	32.30	33.78	32.20	11.18	5.40	55.74	
34.95	34.27	26.17	15.98	34.72	17.47	20.69	40.65	14.05	53.40	
59.84	64.03	70.74	43.84	6.61	45.16	59.18	64.60	37.15	62.85	
3.09	3.27	2.36	0.81	1.54	2.50	2.37	2.23	1.18	3.05	
4.41	4.43	2.80	1.79	3.01	2.99	2.50	0.91	0.44	4.04	
4.34	4.38	2.81	1.72	2.88	2.99	2.53	0.94	0.40	4.00	
3.35	3.27	1.56	0.84	2.71	1.74	1.33	2.17	0.86	2.82	
3.33	3.81	3.77	2.32	0.66	3.87	3.93	3.33	2.74	3.87	
0.75	0.75	0.75	0.75	0.75	
0.75	0.75	0.75	0.75	0.75	
1.00	1.00	1.00	1.00	1.00	
13.91	24.08	9.21	15.44	14.99	



################
# n_sites n_clients
# f_i
# d_j
# t_ij
# q_i
# C
# R_ij
# t_tilde_ij
# alpha_i
# beta_i
# gamma_i
# u_i
