5	10
124.61	24.42	121.46	94.10	0.38	
27.11	41.49	6.40	1.52	40.37	3.99	21.16	43.12	37.80	29.85	
6.15	6.98	9.20	2.70	3.01	9.82	5.81	7.40	2.56	8.72	
2.42	6.16	4.50	4.33	3.46	5.10	0.98	3.85	3.40	5.82	
5.21	4.83	8.43	0.91	1.77	9.02	5.53	6.13	1.71	7.04	
4.69	4.41	7.91	0.39	1.29	8.50	5.08	5.59	1.33	6.52	
3.42	2.69	4.31	5.94	5.46	4.56	5.06	2.14	5.92	0.46	
99.44	32.14	44.60	37.29	89.90	
44.00
46.94	38.40	81.19	17.21	20.46	95.27	50.33	60.01	25.03	67.06	
16.80	56.13	25.97	35.55	20.86	44.39	7.23	32.82	22.48	45.96	
37.50	32.09	80.80	7.43	12.93	86.53	54.98	46.94	9.87	54.07	
32.69	30.52	71.03	2.65	11.88	49.30	42.33	31.83	12.14	50.12	
33.97	20.33	39.55	48.75	44.33	42.41	29.71	17.06	55.43	2.68	
3.07	3.49	4.60	1.35	1.50	4.91	2.90	3.70	1.28	4.36	
1.21	3.08	2.25	2.17	1.73	2.55	0.49	1.93	1.70	2.91	
2.60	2.42	4.21	0.45	0.89	4.51	2.77	3.07	0.85	3.52	
2.34	2.21	3.95	0.20	0.65	4.25	2.54	2.80	0.67	3.26	
1.71	1.34	2.15	2.97	2.73	2.28	2.53	1.07	2.96	0.23	
0.75	0.75	0.75	0.75	0.75	
0.75	0.75	0.75	0.75	0.75	
1.00	1.00	1.00	1.00	1.00	
10.93	18.77	14.98	17.52	10.95	



################
# n_sites n_clients
# f_i
# d_j
# t_ij
# q_i
# C
# R_ij
# t_tilde_ij
# alpha_i
# beta_i
# gamma_i
# u_i
