6	12
129.08	38.87	92.43	34.22	74.89	139.31	
48.99	5.19	51.21	63.91	66.98	59.44	3.23	75.40	40.34	0.54	25.01	29.49	
5.26	4.44	2.44	5.24	5.77	5.72	1.72	6.79	6.07	7.33	6.01	2.92	
3.58	2.69	3.08	5.94	7.25	5.03	2.11	8.17	6.95	8.64	4.97	2.41	
2.73	2.78	2.66	4.92	7.27	2.94	2.07	7.96	6.06	8.26	2.89	0.94	
0.46	1.63	5.84	7.93	10.45	4.51	5.14	11.14	9.09	11.42	3.46	4.11	
4.84	3.78	3.49	6.36	6.96	6.22	2.61	8.00	7.25	8.55	6.27	3.45	
7.13	7.64	3.84	1.87	5.49	3.23	4.63	5.40	2.55	5.25	4.52	4.18	
80.69	128.70	69.39	121.34	69.45	47.12	
76.00
29.23	34.00	13.13	33.82	40.86	54.63	9.68	60.66	47.50	66.17	31.85	15.52	
21.47	22.95	18.53	46.30	58.23	48.51	17.73	47.96	51.97	66.10	26.56	15.53	
17.84	18.23	18.66	43.74	43.06	27.86	14.93	64.74	48.93	77.22	28.85	4.94	
3.22	14.17	43.67	76.38	100.68	39.06	34.39	111.07	71.36	92.78	31.72	32.43	
39.92	34.31	23.45	34.66	57.98	45.91	14.14	43.89	53.14	72.82	50.44	33.07	
48.40	45.50	23.54	14.98	30.17	19.58	29.26	27.83	13.53	45.77	43.91	37.68	
2.63	2.22	1.22	2.62	2.88	2.86	0.86	3.39	3.04	3.67	3.01	1.46	
1.79	1.35	1.54	2.97	3.62	2.52	1.05	4.09	3.47	4.32	2.48	1.20	
1.36	1.39	1.33	2.46	3.63	1.47	1.03	3.98	3.03	4.13	1.44	0.47	
0.23	0.82	2.92	3.97	5.22	2.25	2.57	5.57	4.54	5.71	1.73	2.05	
2.42	1.89	1.75	3.18	3.48	3.11	1.31	4.00	3.62	4.27	3.13	1.73	
3.57	3.82	1.92	0.93	2.74	1.61	2.32	2.70	1.27	2.62	2.26	2.09	
0.75	0.75	0.75	0.75	0.75	0.75	
0.75	0.75	0.75	0.75	0.75	0.75	
1.00	1.00	1.00	1.00	1.00	1.00	
11.52	9.56	12.13	9.61	13.06	14.87	



################
# n_sites n_clients
# f_i
# d_j
# t_ij
# q_i
# C
# R_ij
# t_tilde_ij
# alpha_i
# beta_i
# gamma_i
# u_i
