4	8
139.59	105.95	89.64	35.19	
18.84	53.69	13.57	61.27	54.21	14.65	46.71	23.97	
1.07	1.64	7.50	3.97	6.84	3.68	5.74	3.80	
7.45	8.43	7.97	3.09	6.16	9.20	1.41	9.57	
1.61	0.88	7.34	5.96	7.31	1.86	7.98	1.73	
6.64	7.66	5.39	2.77	3.55	7.71	3.15	8.14	
95.53	66.25	129.15	82.06	
62.00
6.90	9.15	62.72	36.70	67.56	18.92	34.64	34.65	
73.08	62.12	71.74	25.60	48.92	71.19	10.07	51.84	
14.35	5.25	42.53	56.38	37.41	15.45	47.29	13.90	
37.32	51.89	36.10	14.46	22.03	61.88	27.07	50.27	
0.54	0.82	3.75	1.99	3.42	1.84	2.87	1.90	
3.73	4.21	3.98	1.55	3.08	4.60	0.70	4.79	
0.81	0.44	3.67	2.98	3.65	0.93	3.99	0.86	
3.32	3.83	2.69	1.39	1.78	3.85	1.58	4.07	
0.75	0.75	0.75	0.75	
0.75	0.75	0.75	0.75	
1.00	1.00	1.00	1.00	
10.40	13.01	9.47	11.37	



################
# n_sites n_clients
# f_i
# d_j
# t_ij
# q_i
# C
# R_ij
# t_tilde_ij
# alpha_i
# beta_i
# gamma_i
# u_i
