5	10
3.08	165.31	92.94	103.61	98.92	
33.45	37.94	9.69	35.01	30.78	35.28	27.88	28.36	3.05	10.77	
8.88	3.76	1.32	9.46	4.32	9.60	8.33	5.13	1.71	8.83	
1.20	7.36	8.24	3.69	10.00	0.33	1.93	9.90	9.40	5.08	
3.01	3.70	4.59	4.11	6.41	3.78	3.16	6.47	5.61	4.29	
9.54	3.38	5.08	8.73	0.68	10.50	10.21	0.95	3.14	7.41	
10.36	4.01	4.84	9.80	1.58	11.29	10.77	2.26	2.78	8.56	
56.30	63.19	40.72	132.02	35.64	
38.00
60.44	27.78	7.71	80.06	36.83	61.92	66.15	38.98	12.50	63.60	
11.46	39.43	61.95	20.25	80.26	1.98	11.58	63.45	72.51	31.69	
24.73	19.92	38.50	24.81	63.66	25.75	26.26	56.20	43.42	27.88	
55.15	22.63	36.98	70.02	3.61	83.42	52.10	5.56	17.56	41.08	
68.26	36.51	37.34	88.85	12.57	75.20	89.53	17.60	18.63	80.26	
4.44	1.88	0.66	4.73	2.16	4.80	4.17	2.56	0.85	4.41	
0.60	3.68	4.12	1.85	5.00	0.16	0.97	4.95	4.70	2.54	
1.50	1.85	2.30	2.06	3.20	1.89	1.58	3.23	2.81	2.14	
4.77	1.69	2.54	4.37	0.34	5.25	5.11	0.48	1.57	3.70	
5.18	2.00	2.42	4.90	0.79	5.64	5.38	1.13	1.39	4.28	
0.75	0.75	0.75	0.75	0.75	
0.75	0.75	0.75	0.75	0.75	
1.00	1.00	1.00	1.00	1.00	
14.25	13.18	17.00	9.50	17.81	



################
# n_sites n_clients
# f_i
# d_j
# t_ij
# q_i
# C
# R_ij
# t_tilde_ij
# alpha_i
# beta_i
# gamma_i
# u_i
