4	8
0.91	20.66	108.52	53.33	
20.05	22.12	26.12	40.16	24.41	24.51	26.91	2.57	
5.24	5.72	8.94	3.43	8.97	7.34	4.15	7.24	
8.04	4.03	7.79	7.36	8.03	8.94	6.91	8.17	
1.76	4.96	6.81	1.77	6.68	3.89	0.61	4.08	
4.51	3.38	6.62	3.91	6.68	5.86	3.35	5.43	
46.50	104.74	34.77	56.88	
41.00
45.81	40.74	78.00	18.67	70.99	65.12	29.02	56.51	
69.21	26.32	73.22	44.09	68.38	45.47	49.23	41.25	
10.72	45.10	58.43	15.32	38.13	24.49	4.00	25.10	
43.48	26.56	44.50	31.18	47.49	54.19	26.55	41.54	
2.62	2.86	4.47	1.71	4.48	3.67	2.07	3.62	
4.02	2.02	3.89	3.68	4.01	4.47	3.45	4.09	
0.88	2.48	3.41	0.89	3.34	1.94	0.31	2.04	
2.26	1.69	3.31	1.95	3.34	2.93	1.68	2.72	
0.75	0.75	0.75	0.75	
0.75	0.75	0.75	0.75	
1.00	1.00	1.00	1.00	
14.72	10.33	17.38	14.02	



################
# n_sites n_clients
# f_i
# d_j
# t_ij
# q_i
# C
# R_ij
# t_tilde_ij
# alpha_i
# beta_i
# gamma_i
# u_i
