5	10
119.26	128.27	42.24	84.46	5.12	
14.94	28.73	5.34	38.87	23.59	11.38	9.21	17.33	44.37	35.03	
5.33	2.63	3.67	1.83	3.60	4.54	4.35	8.29	4.82	3.94	
4.57	3.79	3.59	4.52	5.71	2.53	4.27	3.33	0.85	5.52	
9.64	4.83	8.32	8.24	5.12	3.22	3.27	5.85	6.01	4.60	
8.49	3.74	6.83	4.96	2.71	5.89	4.65	10.53	7.48	3.24	
5.77	7.74	5.99	7.71	9.62	6.15	7.98	1.93	3.86	9.39	
57.22	60.21	80.00	45.39	31.74	
45.00
36.44	19.87	19.71	14.18	19.63	34.19	39.07	76.17	31.64	30.41	
45.47	31.65	26.13	39.03	41.31	17.81	34.33	17.04	7.51	29.60	
95.87	30.77	45.02	80.46	28.43	31.26	22.69	33.45	38.07	28.47	
44.67	36.76	39.06	28.80	20.14	43.35	30.60	93.40	59.67	28.31	
30.01	46.41	47.27	76.24	84.55	40.90	51.70	17.05	29.68	67.58	
2.67	1.32	1.84	0.92	1.80	2.27	2.17	4.15	2.41	1.97	
2.29	1.89	1.80	2.26	2.85	1.26	2.13	1.66	0.42	2.76	
4.82	2.42	4.16	4.12	2.56	1.61	1.63	2.92	3.01	2.30	
4.25	1.87	3.41	2.48	1.36	2.94	2.32	5.27	3.74	1.62	
2.88	3.87	3.00	3.86	4.81	3.08	3.99	0.97	1.93	4.69	
0.75	0.75	0.75	0.75	0.75	
0.75	0.75	0.75	0.75	0.75	
1.00	1.00	1.00	1.00	1.00	
13.38	14.02	12.23	15.04	17.86	



################
# n_sites n_clients
# f_i
# d_j
# t_ij
# q_i
# C
# R_ij
# t_tilde_ij
# alpha_i
# beta_i
# gamma_i
# u_i
