5	10
169.03	88.24	129.35	61.24	3.72	
69.03	6.59	16.05	70.08	23.72	43.99	71.68	71.73	39.78	59.42	
7.46	2.84	2.84	6.38	8.23	9.32	7.37	6.01	1.40	6.31	
5.30	6.28	8.24	1.22	0.81	9.15	4.73	1.57	8.96	4.45	
5.77	4.21	6.00	1.82	3.57	9.21	5.34	1.57	6.05	4.49	
6.08	1.58	0.63	6.70	8.54	7.26	6.15	6.29	2.95	5.18	
5.77	1.65	0.37	6.90	8.71	6.69	5.89	6.48	3.54	4.97	
68.60	113.96	148.92	97.54	90.25	
72.00
45.72	21.81	24.67	54.83	41.43	75.71	62.56	30.24	9.75	56.06	
30.83	47.56	81.17	11.66	5.38	54.78	40.15	14.87	61.99	23.56	
49.25	35.52	35.10	14.80	32.77	88.16	44.82	15.29	48.86	40.80	
51.57	12.08	5.38	49.62	57.93	66.24	41.02	52.22	25.73	41.35	
50.06	16.21	2.61	66.84	75.94	34.19	55.43	43.98	19.86	27.20	
3.73	1.42	1.42	3.19	4.12	4.66	3.69	3.00	0.70	3.16	
2.65	3.14	4.12	0.61	0.41	4.57	2.37	0.79	4.48	2.22	
2.89	2.11	3.00	0.91	1.79	4.61	2.67	0.79	3.02	2.25	
3.04	0.79	0.32	3.35	4.27	3.63	3.07	3.14	1.47	2.59	
2.88	0.82	0.18	3.45	4.35	3.35	2.94	3.24	1.77	2.49	
0.75	0.75	0.75	0.75	0.75	
0.75	0.75	0.75	0.75	0.75	
1.00	1.00	1.00	1.00	1.00	
12.88	9.60	8.86	10.32	10.89	



################
# n_sites n_clients
# f_i
# d_j
# t_ij
# q_i
# C
# R_ij
# t_tilde_ij
# alpha_i
# beta_i
# gamma_i
# u_i
