6	12
78.99	53.81	149.76	76.44	63.36	42.78	
75.57	76.75	26.60	61.79	32.62	25.59	9.69	32.21	48.00	15.19	17.13	52.98	
2.95	3.16	5.07	5.36	8.48	3.45	3.10	6.97	6.32	5.92	6.32	4.75	
9.07	6.96	2.86	9.82	5.10	5.47	4.84	12.75	2.45	10.71	10.54	5.53	
3.46	2.31	6.18	2.35	4.86	7.07	4.81	5.36	5.32	3.17	2.84	2.28	
5.08	2.88	3.57	5.19	3.07	5.39	3.11	8.20	2.29	6.07	5.83	0.94	
3.09	2.96	7.38	1.07	6.18	7.90	5.79	3.99	6.70	1.79	1.42	3.61	
8.41	6.42	1.88	9.44	5.71	4.29	3.98	12.27	2.51	10.33	10.24	5.29	
46.98	119.03	143.81	33.77	133.11	139.65	
77.00
20.30	29.17	37.65	31.22	45.97	17.64	20.28	68.12	63.24	29.98	34.32	40.58	
50.22	43.49	16.96	84.05	36.52	51.05	29.05	95.03	23.26	97.03	53.82	33.68	
19.15	13.27	56.40	19.30	35.10	70.17	35.80	33.03	48.25	19.00	15.21	19.38	
49.10	27.01	30.52	29.74	19.43	40.88	15.83	61.32	18.05	34.50	45.31	5.51	
24.43	22.75	43.55	6.83	45.16	49.56	52.40	31.49	58.82	14.81	11.98	23.91	
69.41	37.07	18.46	76.81	40.10	41.31	32.86	67.42	20.80	54.42	77.54	48.36	
1.47	1.58	2.54	2.68	4.24	1.72	1.55	3.49	3.16	2.96	3.16	2.38	
4.53	3.48	1.43	4.91	2.55	2.73	2.42	6.37	1.23	5.35	5.27	2.77	
1.73	1.16	3.09	1.17	2.43	3.54	2.41	2.68	2.66	1.59	1.42	1.14	
2.54	1.44	1.79	2.59	1.54	2.70	1.56	4.10	1.15	3.03	2.92	0.47	
1.55	1.48	3.69	0.53	3.09	3.95	2.89	1.99	3.35	0.90	0.71	1.81	
4.20	3.21	0.94	4.72	2.86	2.14	1.99	6.14	1.26	5.16	5.12	2.64	
0.75	0.75	0.75	0.75	0.75	0.75	
0.75	0.75	0.75	0.75	0.75	0.75	
1.00	1.00	1.00	1.00	1.00	1.00	
15.96	9.25	8.99	17.62	9.48	9.15	



################
# n_sites n_clients
# f_i
# d_j
# t_ij
# q_i
# C
# R_ij
# t_tilde_ij
# alpha_i
# beta_i
# gamma_i
# u_i
